measurement_stamp,receipt_stamp,processed_stamp,published_stamp,source,valid,observation_valid,truth_available,rejection_reason,rgb_raw_stamp,depth_raw_stamp,rgb_receipt_stamp,depth_receipt_stamp,rgb_mapped_stamp,depth_mapped_stamp,image_measurement_stamp,rgb_depth_acquisition_skew,pose_history_start_stamp,pose_history_end_stamp,position_source_stamp,position_mapped_stamp,attitude_source_stamp,attitude_mapped_stamp,position_history_start_stamp,position_history_end_stamp,attitude_history_start_stamp,attitude_history_end_stamp,image_clock_offset,image_clock_mapping_mode,image_clock_status,image_clock_reset_count,image_clock_anchor_sim_stamp,image_clock_anchor_system_stamp,image_clock_reference_age,image_clock_sync_quality,image_measurement_time_source,px4_clock_offset,px4_clock_reset_count,px4_clock_calibration_count,px4_clock_recalibration_count,px4_clock_status,approach_phase,distance_bin,motion_regime,confidence,red_pixel_count,valid_depth_ratio,target_range,view_angle,image_bearing,px4_heading,geometry_diagnostics_enabled,mask_centroid_u,mask_centroid_v,projection_centroid_u,projection_centroid_v,mask_bbox_left,mask_bbox_top,mask_bbox_right,mask_bbox_bottom,valid_depth_count,depth_min,depth_median,depth_mad,camera_fx,camera_fy,camera_cx,camera_cy,camera_translation_x,camera_translation_y,camera_translation_z,camera_pitch_down,surface_camera_x,surface_camera_y,surface_camera_z,center_camera_x,center_camera_y,center_camera_z,target_body_flu_x,target_body_flu_y,target_body_flu_z,interpolated_uav_x,interpolated_uav_y,interpolated_uav_z,interpolated_attitude_w,interpolated_attitude_x,interpolated_attitude_y,interpolated_attitude_z,target_reference_z_offset,gazebo_entity_available,gazebo_entity_clock_status,gazebo_entity_clock_reset_count,gazebo_entity_raw_stamp,gazebo_entity_mapped_stamp,gazebo_entity_center_x,gazebo_entity_center_y,gazebo_entity_center_z,gazebo_entity_reference_x,gazebo_entity_reference_y,gazebo_entity_reference_z,entity_expected_projection_u,entity_expected_projection_v,projection_error_u,projection_error_v,entity_expected_camera_x,entity_expected_camera_y,entity_expected_camera_z,camera_center_error_x,camera_center_error_y,camera_center_error_z,camera_center_error_3d,entity_expected_body_flu_x,entity_expected_body_flu_y,entity_expected_body_flu_z,body_flu_error_x,body_flu_error_y,body_flu_error_z,body_flu_error_3d,vision_to_entity_x,vision_to_entity_y,vision_to_entity_z,vision_to_entity_3d,entity_to_truth_x,entity_to_truth_y,entity_to_truth_z,entity_to_truth_3d,position_x,position_y,position_z,covariance_xx,covariance_yy,covariance_zz,truth_x,truth_y,truth_z,error_x,error_y,error_z,horizontal_error,position_3d_error,observation_age,gazebo_uav_diagnostics_enabled,heading_diagnostics_status,heading_reference_source,uav_position_reference_status,reference_heading,delta_yaw,predicted_lateral_error,actual_lateral_error,heading_induced_error_x,heading_induced_error_y,uav_reference_position_x,uav_reference_position_y,uav_reference_position_z,uav_reference_attitude_w,uav_reference_attitude_x,uav_reference_attitude_y,uav_reference_attitude_z,attitude_counterfactual_status,attitude_counterfactual_error_x,attitude_counterfactual_error_y,attitude_counterfactual_error_z,uav_pose_query_ros_stamp,uav_pose_status,uav_pose_left_sim_stamp,uav_pose_right_sim_stamp,uav_pose_left_ros_stamp,uav_pose_right_ros_stamp,uav_pose_fraction,uav_pose_interval
1791471006.3259118,1791471006.3448405,1791471006.3510466,1791471006.3510773,front_rgbd_red_sphere,True,True,True,,15.152,15.152,1791471006.3448405,1791471006.3438,1791471006.3259118,1791471006.3259118,1791471006.3259118,0.0,1791471005.3314128,1791471006.3379326,1791471006.1987388,1791471006.3379326,1791471006.202739,1791471006.341919,1791471005.3274071,1791471006.3379326,1791471005.3314128,1791471006.341919,1791470991.1739118,GAZEBO_CLOCK_SYSTEM_INTERPOLATION,MAPPED_EXACT,0,15.152,1791471006.3259118,0.0014281272888183594,0.0,RGB,0.0,0,1,0,UNCALIBRATED,PREPARATION,MID,UNKNOWN,1.0,344,1.0,7.824892044067383,0.4949839115142822,nan,nan,False,0.0,0.0,0.0,0.0,0,0,0,0,0,0.0,0.0,0.0,0.0,0.0,0.0,0.0,0.0,0.0,0.0,0.0,0.0,0.0,0.0,6.885719933603296,0.01210103232258497,3.716940937199041,0.0,0.0,0.0,0.0,0.0,0.0,0.0,0.0,0.0,0.0,0.0,False,DISABLED,0,nan,nan,nan,nan,nan,nan,nan,nan,nan,nan,nan,nan,nan,nan,nan,nan,nan,nan,nan,nan,nan,nan,nan,nan,nan,nan,nan,nan,nan,nan,nan,nan,nan,nan,7.974455216428395,0.0780927073416565,-0.036785842928404644,0.02504272079400846,0.02504272079400846,0.02504272079400846,8.000000190751031,0.0038356874104636287,0.016193090059217957,-0.025544974322635916,0.07425701993119288,-0.0529789329876226,0.07852802507516476,0.0947281270938717,0.01892876625061035,False,DISABLED,none,MODEL_ORIGIN_FRAME_NOT_ESTABLISHED,nan,nan,nan,nan,nan,nan,nan,nan,nan,nan,nan,nan,nan,NOT_EVALUATED,nan,nan,nan,nan,DISABLED,nan,nan,nan,nan,nan,nan
1791471006.3739166,1791471006.3964574,1791471006.399743,1791471006.3997633,front_rgbd_red_sphere,True,True,True,,15.2,15.2,1791471006.3964574,1791471006.3959794,1791471006.3739166,1791471006.3739166,1791471006.3739166,0.0,1791471005.371399,1791471006.3779347,1791471006.238739,1791471006.3779347,1791471006.242739,1791471006.3819277,1791471005.3673937,1791471006.3779347,1791471005.371399,1791471006.3819277,1791470991.1739166,GAZEBO_CLOCK_SYSTEM_INTERPOLATION,MAPPED_EXACT,0,15.2,1791471006.3739166,0.0027332305908203125,0.0,RGB,0.0,0,1,0,UNCALIBRATED,PREPARATION,MID,UNKNOWN,1.0,342,1.0,7.824733257293701,0.49347156286239624,nan,nan,False,0.0,0.0,0.0,0.0,0,0,0,0,0,0.0,0.0,0.0,0.0,0.0,0.0,0.0,0.0,0.0,0.0,0.0,0.0,0.0,0.0,6.8911934803687025,0.008565458188352082,3.7064576459303904,0.0,0.0,0.0,0.0,0.0,0.0,0.0,0.0,0.0,0.0,0.0,False,DISABLED,0,nan,nan,nan,nan,nan,nan,nan,nan,nan,nan,nan,nan,nan,nan,nan,nan,nan,nan,nan,nan,nan,nan,nan,nan,nan,nan,nan,nan,nan,nan,nan,nan,nan,nan,7.9744071964631535,0.08104255431790143,-0.024872080386940276,0.025042218000348098,0.025042218000348098,0.025042218000348098,8.000001172109718,0.009560618412072189,0.02745925236250194,-0.025593975646564182,0.07148193590582924,-0.05233133274944222,0.07592574497653612,0.09221326985621345,0.022540807723999023,False,DISABLED,none,MODEL_ORIGIN_FRAME_NOT_ESTABLISHED,nan,nan,nan,nan,nan,nan,nan,nan,nan,nan,nan,nan,nan,NOT_EVALUATED,nan,nan,nan,nan,DISABLED,nan,nan,nan,nan,nan,nan
1791471006.4259179,1791471006.458099,1791471006.464767,1791471006.4647887,front_rgbd_red_sphere,True,True,True,,15.252,15.252,1791471006.458099,1791471006.4561036,1791471006.4259179,1791471006.4259179,1791471006.4259179,0.0,1791471005.4313924,1791471006.4419188,1791471006.302739,1791471006.4419188,1791471006.302739,1791471006.4419188,1791471005.4313924,1791471006.4419188,1791471005.4313924,1791471006.4419188,1791470991.1739178,GAZEBO_CLOCK_SYSTEM_INTERPOLATION,MAPPED_EXACT,0,15.252,1791471006.4259179,0.0013532638549804688,0.0,RGB,0.0,0,1,0,UNCALIBRATED,PREPARATION,MID,UNKNOWN,1.0,337,1.0,7.824682712554932,0.4919971525669098,nan,nan,False,0.0,0.0,0.0,0.0,0,0,0,0,0,0.0,0.0,0.0,0.0,0.0,0.0,0.0,0.0,0.0,0.0,0.0,0.0,0.0,0.0,6.896606356180525,0.002563990477062461,3.6962784119507175,0.0,0.0,0.0,0.0,0.0,0.0,0.0,0.0,0.0,0.0,0.0,False,DISABLED,0,nan,nan,nan,nan,nan,nan,nan,nan,nan,nan,nan,nan,nan,nan,nan,nan,nan,nan,nan,nan,nan,nan,nan,nan,nan,nan,nan,nan,nan,nan,nan,nan,nan,nan,7.974591420290128,0.08660524753298586,-0.013191456391826784,0.02504205836662438,0.02504205836662438,0.02504205836662438,8.000004198682493,0.01826923825929026,0.03940900232439071,-0.025412778392365,0.0683360092736956,-0.05260045871621749,0.0729082949263941,0.08990232325268666,0.0321810245513916,False,DISABLED,none,MODEL_ORIGIN_FRAME_NOT_ESTABLISHED,nan,nan,nan,nan,nan,nan,nan,nan,nan,nan,nan,nan,nan,NOT_EVALUATED,nan,nan,nan,nan,DISABLED,nan,nan,nan,nan,nan,nan
1791471006.4739146,1791471006.4875538,1791471006.491348,1791471006.4913678,front_rgbd_red_sphere,True,True,True,,15.3,15.3,1791471006.4875538,1791471006.4857006,1791471006.4739146,1791471006.4739146,1791471006.4739146,0.0,1791471005.4714043,1791471006.481921,1791471006.3427389,1791471006.481921,1791471006.3427389,1791471006.481921,1791471005.4714043,1791471006.481921,1791471005.4714043,1791471006.481921,1791470991.1739147,GAZEBO_CLOCK_SYSTEM_INTERPOLATION,MAPPED_EXACT,0,15.3,1791471006.4739146,0.0022361278533935547,0.0,RGB,0.0,0,1,0,UNCALIBRATED,PREPARATION,MID,UNKNOWN,1.0,338,1.0,7.82465934753418,0.49052974581718445,nan,nan,False,0.0,0.0,0.0,0.0,0,0,0,0,0,0.0,0.0,0.0,0.0,0.0,0.0,0.0,0.0,0.0,0.0,0.0,0.0,0.0,0.0,6.902002278300886,-0.005988118976307355,3.6861391134329766,0.0,0.0,0.0,0.0,0.0,0.0,0.0,0.0,0.0,0.0,0.0,False,DISABLED,0,nan,nan,nan,nan,nan,nan,nan,nan,nan,nan,nan,nan,nan,nan,nan,nan,nan,nan,nan,nan,nan,nan,nan,nan,nan,nan,nan,nan,nan,nan,nan,nan,nan,nan,7.974899933012942,0.09472055853191995,-0.001546959677062698,0.025041984137405916,0.025041984137405916,0.025041984137405916,8.000010460256652,0.02878775266691591,0.050189833764609296,-0.025110527243709768,0.06593280586500404,-0.051736793441671994,0.07055262906291587,0.08748925227315431,0.013639211654663086,False,DISABLED,none,MODEL_ORIGIN_FRAME_NOT_ESTABLISHED,nan,nan,nan,nan,nan,nan,nan,nan,nan,nan,nan,nan,nan,NOT_EVALUATED,nan,nan,nan,nan,DISABLED,nan,nan,nan,nan,nan,nan
1791471006.5259116,1791471006.5562425,1791471006.5620003,1791471006.5620332,front_rgbd_red_sphere,True,True,True,,15.352,15.352,1791471006.5480628,1791471006.5562425,1791471006.5259116,1791471006.5259116,1791471006.5259116,0.0,1791471005.5313854,1791471006.5379298,1791471006.3987389,1791471006.5379298,1791471006.4027388,1791471006.5419283,1791471005.527418,1791471006.5379298,1791471005.5313854,1791471006.5419283,1791470991.1739116,GAZEBO_CLOCK_SYSTEM_INTERPOLATION,MAPPED_EXACT,0,15.352,1791471006.5259116,0.0027382373809814453,0.0,RGB,0.0,0,1,0,UNCALIBRATED,PREPARATION,MID,STRAIGHT,1.0,338,1.0,7.824742317199707,0.48909875750541687,nan,nan,False,0.0,0.0,0.0,0.0,0,0,0,0,0,0.0,0.0,0.0,0.0,0.0,0.0,0.0,0.0,0.0,0.0,0.0,0.0,0.0,0.0,6.907343383530404,-0.016984905752375212,3.6762633993453857,0.0,0.0,0.0,0.0,0.0,0.0,0.0,0.0,0.0,0.0,0.0,False,DISABLED,0,nan,nan,nan,nan,nan,nan,nan,nan,nan,nan,nan,nan,nan,nan,nan,nan,nan,nan,nan,nan,nan,nan,nan,nan,nan,nan,nan,nan,nan,nan,nan,nan,nan,nan,7.975454330503074,0.1053658355614553,0.010106951462426406,0.025042247214776915,0.025042247214776915,0.025042247214776915,8.000022836451368,0.04267361608605836,0.06154507907597175,-0.024568505948294295,0.06269221947539694,-0.05143812761354535,0.06733443299889523,0.0847337408572883,0.030330896377563477,False,DISABLED,none,MODEL_ORIGIN_FRAME_NOT_ESTABLISHED,nan,nan,nan,nan,nan,nan,nan,nan,nan,nan,nan,nan,nan,NOT_EVALUATED,nan,nan,nan,nan,DISABLED,nan,nan,nan,nan,nan,nan
1791471006.5739152,1791471006.5988388,1791471006.603922,1791471006.6039531,front_rgbd_red_sphere,True,True,True,,15.4,15.4,1791471006.5988388,1791471006.5875711,1791471006.5739152,1791471006.5739152,1791471006.5739152,0.0,1791471005.5713992,1791471006.5779247,1791471006.4387388,1791471006.5779247,1791471006.442739,1791471006.5819387,1791471005.5673876,1791471006.5779247,1791471005.5713992,1791471006.5819387,1791470991.1739151,GAZEBO_CLOCK_SYSTEM_INTERPOLATION,MAPPED_EXACT,0,15.4,1791471006.5739152,0.001277923583984375,0.0,RGB,0.0,0,1,0,UNCALIBRATED,PREPARATION,MID,STRAIGHT,1.0,338,1.0,7.82476806640625,0.4877163767814636,nan,nan,False,0.0,0.0,0.0,0.0,0,0,0,0,0,0.0,0.0,0.0,0.0,0.0,0.0,0.0,0.0,0.0,0.0,0.0,0.0,0.0,0.0,6.912441710259782,-0.03056253788964458,3.666635280361569,0.0,0.0,0.0,0.0,0.0,0.0,0.0,0.0,0.0,0.0,0.0,False,DISABLED,0,nan,nan,nan,nan,nan,nan,nan,nan,nan,nan,nan,nan,nan,nan,nan,nan,nan,nan,nan,nan,nan,nan,nan,nan,nan,nan,nan,nan,nan,nan,nan,nan,nan,nan,7.97591193817306,0.1187265387249877,0.021308815078637244,0.02504232913380755,0.02504232913380755,0.02504232913380755,8.000042272389928,0.05801066202666861,0.07168245129344385,-0.024130334216867944,0.06071587669831909,-0.0503736362148066,0.06533521801190562,0.08249966023060283,0.02492356300354004,False,DISABLED,none,MODEL_ORIGIN_FRAME_NOT_ESTABLISHED,nan,nan,nan,nan,nan,nan,nan,nan,nan,nan,nan,nan,nan,NOT_EVALUATED,nan,nan,nan,nan,DISABLED,nan,nan,nan,nan,nan,nan
1791471006.6259165,1791471006.6530626,1791471006.6574166,1791471006.65744,front_rgbd_red_sphere,True,True,True,,15.452,15.452,1791471006.6453142,1791471006.6530626,1791471006.6259165,1791471006.6259165,1791471006.6259165,0.0,1791471005.631403,1791471006.6419218,1791471006.502739,1791471006.6419218,1791471006.502739,1791471006.6419218,1791471005.631403,1791471006.6419218,1791471005.631403,1791471006.6419218,1791470991.1739166,GAZEBO_CLOCK_SYSTEM_INTERPOLATION,MAPPED_EXACT,0,15.452,1791471006.6259165,0.003334522247314453,0.0,RGB,0.0,0,1,0,UNCALIBRATED,PREPARATION,MID,STRAIGHT,1.0,331,1.0,7.824799060821533,0.4863952696323395,nan,nan,False,0.0,0.0,0.0,0.0,0,0,0,0,0,0.0,0.0,0.0,0.0,0.0,0.0,0.0,0.0,0.0,0.0,0.0,0.0,0.0,0.0,6.917306963380898,-0.04653024887480495,3.6573458828821677,0.0,0.0,0.0,0.0,0.0,0.0,0.0,0.0,0.0,0.0,0.0,False,DISABLED,0,nan,nan,nan,nan,nan,nan,nan,nan,nan,nan,nan,nan,nan,nan,nan,nan,nan,nan,nan,nan,nan,nan,nan,nan,nan,nan,nan,nan,nan,nan,nan,nan,nan,nan,7.976422194484148,0.13486546698770188,0.03210773630644187,0.02504242638076856,0.02504242638076856,0.02504242638076856,8.000074441916519,0.07710397484981085,0.08219395968042585,-0.02365224743237082,0.05776149213789103,-0.05008622337398398,0.062416494475400805,0.08002779863563884,0.027146100997924805,False,DISABLED,none,MODEL_ORIGIN_FRAME_NOT_ESTABLISHED,nan,nan,nan,nan,nan,nan,nan,nan,nan,nan,nan,nan,nan,NOT_EVALUATED,nan,nan,nan,nan,DISABLED,nan,nan,nan,nan,nan,nan
1791471006.6739118,1791471006.6975021,1791471006.7013915,1791471006.701415,front_rgbd_red_sphere,True,True,True,,15.5,15.5,1791471006.6975021,1791471006.696486,1791471006.6739118,1791471006.6739118,1791471006.6739118,0.0,1791471005.6819313,1791471006.6819496,1791471006.542739,1791471006.6819496,1791471006.542739,1791471006.6819496,1791471005.6819313,1791471006.6819496,1791471005.6819313,1791471006.6819496,1791470991.1739118,GAZEBO_CLOCK_SYSTEM_INTERPOLATION,MAPPED_EXACT,0,15.5,1791471006.6739118,0.003801107406616211,0.0,RGB,0.0,0,1,0,UNCALIBRATED,PREPARATION,MID,STRAIGHT,1.0,337,1.0,7.825059413909912,0.48513710498809814,nan,nan,False,0.0,0.0,0.0,0.0,0,0,0,0,0,0.0,0.0,0.0,0.0,0.0,0.0,0.0,0.0,0.0,0.0,0.0,0.0,0.0,0.0,6.922133786874932,-0.06505226344324289,3.6484771865717,0.0,0.0,0.0,0.0,0.0,0.0,0.0,0.0,0.0,0.0,0.0,False,DISABLED,0,nan,nan,nan,nan,nan,nan,nan,nan,nan,nan,nan,nan,nan,nan,nan,nan,nan,nan,nan,nan,nan,nan,nan,nan,nan,nan,nan,nan,nan,nan,nan,nan,nan,nan,7.977065271501851,0.15371154251275865,0.04246962103162455,0.025043250324958934,0.025043250324958934,0.025043250324958934,8.000118525419403,0.09722635735639548,0.0914025698715252,-0.023053253917551864,0.056485185156363166,-0.04893294883990065,0.06100843104305953,0.07820781380721549,0.0235903263092041,False,DISABLED,none,MODEL_ORIGIN_FRAME_NOT_ESTABLISHED,nan,nan,nan,nan,nan,nan,nan,nan,nan,nan,nan,nan,nan,NOT_EVALUATED,nan,nan,nan,nan,DISABLED,nan,nan,nan,nan,nan,nan
1791471006.7259128,1791471006.7553592,1791471006.7585633,1791471006.758584,front_rgbd_red_sphere,True,True,True,,15.552,15.552,1791471006.7553592,1791471006.7546904,1791471006.7259128,1791471006.7259128,1791471006.7259128,0.0,1791471005.7419221,1791471006.7379298,1791471006.598739,1791471006.7379298,1791471006.6027389,1791471006.741923,1791471005.7219114,1791471006.7379298,1791471005.7419221,1791471006.741923,1791470991.1739128,GAZEBO_CLOCK_SYSTEM_INTERPOLATION,MAPPED_EXACT,0,15.552,1791471006.7259128,0.0016105175018310547,0.0,RGB,0.0,0,1,0,UNCALIBRATED,PREPARATION,MID,STRAIGHT,1.0,333,1.0,7.825431823730469,0.4839637875556946,nan,nan,False,0.0,0.0,0.0,0.0,0,0,0,0,0,0.0,0.0,0.0,0.0,0.0,0.0,0.0,0.0,0.0,0.0,0.0,0.0,0.0,0.0,6.926740118123406,-0.08610782322780075,3.6400878083664567,0.0,0.0,0.0,0.0,0.0,0.0,0.0,0.0,0.0,0.0,0.0,False,DISABLED,0,nan,nan,nan,nan,nan,nan,nan,nan,nan,nan,nan,nan,nan,nan,nan,nan,nan,nan,nan,nan,nan,nan,nan,nan,nan,nan,nan,nan,nan,nan,nan,nan,nan,nan,7.977808584930815,0.17541337170815505,0.05265779645459279,0.025044429088273285,0.025044429088273285,0.025044429088273285,8.000184414199623,0.1213677857547289,0.1007461101193435,-0.022375829268807657,0.05404558595342615,-0.048088313664750706,0.05849447064907933,0.07572376778552063,0.02944636344909668,False,DISABLED,none,MODEL_ORIGIN_FRAME_NOT_ESTABLISHED,nan,nan,nan,nan,nan,nan,nan,nan,nan,nan,nan,nan,nan,NOT_EVALUATED,nan,nan,nan,nan,DISABLED,nan,nan,nan,nan,nan,nan
1791471006.2739108,1791471006.295303,1791471006.298932,1791471006.2989619,front_rgbd_red_sphere,True,True,False,,15.1,15.1,1791471006.2860513,1791471006.295303,1791471006.2739108,1791471006.2739108,1791471006.2739108,0.0,1791471005.2713983,1791471006.2819352,1791471006.1427388,1791471006.2819352,1791471006.1427388,1791471006.2819352,1791471005.2713983,1791471006.2819352,1791471005.2713983,1791471006.2819352,1791470991.1739109,GAZEBO_CLOCK_SYSTEM_INTERPOLATION,MAPPED_EXACT,0,15.1,1791471006.2739108,0.0016357898712158203,0.0,RGB,0.0,0,1,0,UNCALIBRATED,PREPARATION,MID,STRAIGHT,1.0,342,1.0,7.824900150299072,0.4956086575984955,nan,nan,False,0.0,0.0,0.0,0.0,0,0,0,0,0,0.0,0.0,0.0,0.0,0.0,0.0,0.0,0.0,0.0,0.0,0.0,0.0,0.0,0.0,6.883403605619502,0.012528095027021457,3.7212444799706583,0.0,0.0,0.0,0.0,0.0,0.0,0.0,0.0,0.0,0.0,0.0,False,DISABLED,0,nan,nan,nan,nan,nan,nan,nan,nan,nan,nan,nan,nan,nan,nan,nan,nan,nan,nan,nan,nan,nan,nan,nan,nan,nan,nan,nan,nan,nan,nan,nan,nan,nan,nan,7.97447620037191,0.07825067022285091,-0.0417971370230672,0.02504274653101102,0.02504274653101102,0.02504274653101102,nan,nan,nan,nan,nan,nan,nan,nan,0.021392345428466797,False,DISABLED,none,MODEL_ORIGIN_FRAME_NOT_ESTABLISHED,nan,nan,nan,nan,nan,nan,nan,nan,nan,nan,nan,nan,nan,NOT_EVALUATED,nan,nan,nan,nan,DISABLED,nan,nan,nan,nan,nan,nan
1791471006.77391,1791471006.7961905,1791471006.8019023,1791471006.801926,front_rgbd_red_sphere,True,True,True,,15.6,15.6,1791471006.7961905,1791471006.785021,1791471006.77391,1791471006.77391,1791471006.77391,0.0,1791471005.7819238,1791471006.77792,1791471006.6387389,1791471006.77792,1791471006.6427388,1791471006.781924,1791471005.7779193,1791471006.77792,1791471005.7819238,1791471006.781924,1791470991.1739101,GAZEBO_CLOCK_SYSTEM_INTERPOLATION,MAPPED_EXACT,0,15.6,1791471006.77391,0.0026743412017822266,0.0,RGB,0.0,0,1,0,UNCALIBRATED,PREPARATION,MID,STRAIGHT,1.0,333,1.0,7.825779438018799,0.48287761211395264,nan,nan,False,0.0,0.0,0.0,0.0,0,0,0,0,0,0.0,0.0,0.0,0.0,0.0,0.0,0.0,0.0,0.0,0.0,0.0,0.0,0.0,0.0,6.930998718906258,-0.10979315224589126,3.6320825770009755,0.0,0.0,0.0,0.0,0.0,0.0,0.0,0.0,0.0,0.0,0.0,False,DISABLED,0,nan,nan,nan,nan,nan,nan,nan,nan,nan,nan,nan,nan,nan,nan,nan,nan,nan,nan,nan,nan,nan,nan,nan,nan,nan,nan,nan,nan,nan,nan,nan,nan,nan,nan,7.97833556178191,0.19957948561204106,0.06247583277216551,0.025045529039488805,0.025045529039488805,0.025045529039488805,8.000268635341012,0.14644564770537988,0.1088797235474306,-0.02193307355910168,0.05313383790666118,-0.04640389077526509,0.05748273172388652,0.07387547309847188,0.022280454635620117,False,DISABLED,none,MODEL_ORIGIN_FRAME_NOT_ESTABLISHED,nan,nan,nan,nan,nan,nan,nan,nan,nan,nan,nan,nan,nan,NOT_EVALUATED,nan,nan,nan,nan,DISABLED,nan,nan,nan,nan,nan,nan
1791471006.8259141,1791471006.853615,1791471006.8569887,1791471006.8570147,front_rgbd_red_sphere,True,True,True,,15.652,15.652,1791471006.844612,1791471006.853615,1791471006.8259141,1791471006.8259141,1791471006.8259141,0.0,1791471005.8419218,1791471006.841923,1791471006.702739,1791471006.841923,1791471006.702739,1791471006.841923,1791471005.8419218,1791471006.841923,1791471005.8419218,1791471006.841923,1791470991.1739142,GAZEBO_CLOCK_SYSTEM_INTERPOLATION,MAPPED_EXACT,0,15.652,1791471006.8259141,0.0038661956787109375,0.0,RGB,0.0,0,1,0,UNCALIBRATED,PREPARATION,MID,STRAIGHT,1.0,334,1.0,7.826357364654541,0.4819173812866211,nan,nan,False,0.0,0.0,0.0,0.0,0,0,0,0,0,0.0,0.0,0.0,0.0,0.0,0.0,0.0,0.0,0.0,0.0,0.0,0.0,0.0,0.0,6.934997094281005,-0.13565939450330422,3.624814870773731,0.0,0.0,0.0,0.0,0.0,0.0,0.0,0.0,0.0,0.0,0.0,False,DISABLED,0,nan,nan,nan,nan,nan,nan,nan,nan,nan,nan,nan,nan,nan,nan,nan,nan,nan,nan,nan,nan,nan,nan,nan,nan,nan,nan,nan,nan,nan,nan,nan,nan,nan,nan,7.979083373735795,0.22611647863429063,0.07149281831279913,0.02504735902994022,0.02504735902994022,0.02504735902994022,8.000387110906692,0.17590728639252326,0.11693297447180669,-0.021303737170896397,0.05020919224176737,-0.04544015615900755,0.05454183901389268,0.07099028098812103,0.02770090103149414,False,DISABLED,none,MODEL_ORIGIN_FRAME_NOT_ESTABLISHED,nan,nan,nan,nan,nan,nan,nan,nan,nan,nan,nan,nan,nan,NOT_EVALUATED,nan,nan,nan,nan,DISABLED,nan,nan,nan,nan,nan,nan
1791471006.8739123,1791471006.8967602,1791471006.9001372,1791471006.9001656,front_rgbd_red_sphere,True,True,True,,15.7,15.7,1791471006.8967602,1791471006.8857007,1791471006.8739123,1791471006.8739123,1791471006.8739123,0.0,1791471005.8619163,1791471006.8819327,1791471006.742739,1791471006.8819327,1791471006.742739,1791471006.8819327,1791471005.8579185,1791471006.8819327,1791471005.8619163,1791471006.8819327,1791470991.1739123,GAZEBO_CLOCK_SYSTEM_INTERPOLATION,MAPPED_EXACT,0,15.7,1791471006.8739123,0.003055095672607422,0.0,RGB,0.0,0,1,0,UNCALIBRATED,PREPARATION,MID,STRAIGHT,1.0,331,1.0,7.827147006988525,0.48106610774993896,nan,nan,False,0.0,0.0,0.0,0.0,0,0,0,0,0,0.0,0.0,0.0,0.0,0.0,0.0,0.0,0.0,0.0,0.0,0.0,0.0,0.0,0.0,6.93878220523048,-0.16417203271836556,3.6180902049285653,0.0,0.0,0.0,0.0,0.0,0.0,0.0,0.0,0.0,0.0,0.0,False,DISABLED,0,nan,nan,nan,nan,nan,nan,nan,nan,nan,nan,nan,nan,nan,nan,nan,nan,nan,nan,nan,nan,nan,nan,nan,nan,nan,nan,nan,nan,nan,nan,nan,nan,nan,nan,7.979906766378989,0.2552011462682424,0.08020215980991202,0.02504985771435088,0.02504985771435088,0.02504985771435088,8.00052959976321,0.20568000013990578,0.1236751173104155,-0.020622833384220662,0.049521146128336635,-0.04347295750050348,0.0536436871463679,0.06904739824568322,0.022847890853881836,False,DISABLED,none,MODEL_ORIGIN_FRAME_NOT_ESTABLISHED,nan,nan,nan,nan,nan,nan,nan,nan,nan,nan,nan,nan,nan,NOT_EVALUATED,nan,nan,nan,nan,DISABLED,nan,nan,nan,nan,nan,nan
1791471006.9259098,1791471006.9403248,1791471006.9507055,1791471006.9507263,front_rgbd_red_sphere,True,True,True,,15.752,15.752,1791471006.9403248,1791471006.9393508,1791471006.9259098,1791471006.9259098,1791471006.9259098,0.0,1791471005.9419186,1791471006.9379246,1791471006.798739,1791471006.9379246,1791471006.802739,1791471006.9419236,1791471005.93792,1791471006.9379246,1791471005.9419186,1791471006.9419236,1791470991.1739097,GAZEBO_CLOCK_SYSTEM_INTERPOLATION,MAPPED_EXACT,0,15.752,1791471006.9259098,0.0015175342559814453,0.0,RGB,0.0,0,1,0,UNCALIBRATED,PREPARATION,MID,STRAIGHT,1.0,335,1.0,7.828031539916992,0.4803487956523895,nan,nan,False,0.0,0.0,0.0,0.0,0,0,0,0,0,0.0,0.0,0.0,0.0,0.0,0.0,0.0,0.0,0.0,0.0,0.0,0.0,0.0,0.0,6.942162807695194,-0.19518681697499485,3.6119734269956805,0.0,0.0,0.0,0.0,0.0,0.0,0.0,0.0,0.0,0.0,0.0,False,DISABLED,0,nan,nan,nan,nan,nan,nan,nan,nan,nan,nan,nan,nan,nan,nan,nan,nan,nan,nan,nan,nan,nan,nan,nan,nan,nan,nan,nan,nan,nan,nan,nan,nan,nan,nan,7.980865910981858,0.28703287633623,0.08849639652613123,0.02505265755325932,0.02505265755325932,0.02505265755325932,8.000722734139236,0.24038409881149514,0.13019847911543717,-0.019856823157378578,0.04664877752473484,-0.04170208258930594,0.05069913086489366,0.06564651980677198,0.01441502571105957,False,DISABLED,none,MODEL_ORIGIN_FRAME_NOT_ESTABLISHED,nan,nan,nan,nan,nan,nan,nan,nan,nan,nan,nan,nan,nan,NOT_EVALUATED,nan,nan,nan,nan,DISABLED,nan,nan,nan,nan,nan,nan
1791471006.9739234,1791471006.9863756,1791471006.991027,1791471006.9910507,front_rgbd_red_sphere,True,True,True,,15.8,15.8,1791471006.9863756,1791471006.9851356,1791471006.9739234,1791471006.9739234,1791471006.9739234,0.0,1791471005.9779208,1791471006.9779308,1791471006.838739,1791471006.9779308,1791471006.8427389,1791471006.981922,1791471005.9779208,1791471006.9779308,1791471005.9619117,1791471006.981922,1791470991.1739235,GAZEBO_CLOCK_SYSTEM_INTERPOLATION,MAPPED_EXACT,0,15.8,1791471006.9739234,0.0017626285552978516,0.0,RGB,0.0,0,1,0,UNCALIBRATED,PREPARATION,MID,STRAIGHT,1.0,332,1.0,7.829132080078125,0.4797802269458771,nan,nan,False,0.0,0.0,0.0,0.0,0,0,0,0,0,0.0,0.0,0.0,0.0,0.0,0.0,0.0,0.0,0.0,0.0,0.0,0.0,0.0,0.0,6.945194912110165,-0.2287128891218302,3.6065593129303783,0.0,0.0,0.0,0.0,0.0,0.0,0.0,0.0,0.0,0.0,0.0,False,DISABLED,0,nan,nan,nan,nan,nan,nan,nan,nan,nan,nan,nan,nan,nan,nan,nan,nan,nan,nan,nan,nan,nan,nan,nan,nan,nan,nan,nan,nan,nan,nan,nan,nan,nan,nan,7.9817460117470675,0.32106879372422903,0.09587392951317952,0.02505614282783758,0.02505614282783758,0.02505614282783758,8.000945741497892,0.2748982881697691,0.1354207858755225,-0.019199729750824623,0.04617050555445995,-0.03954685636234298,0.050003451937432455,0.06375185529694728,0.012452125549316406,False,DISABLED,none,MODEL_ORIGIN_FRAME_NOT_ESTABLISHED,nan,nan,nan,nan,nan,nan,nan,nan,nan,nan,nan,nan,nan,NOT_EVALUATED,nan,nan,nan,nan,DISABLED,nan,nan,nan,nan,nan,nan
1791471007.0259094,1791471007.0430977,1791471007.0508835,1791471007.050921,front_rgbd_red_sphere,True,True,True,,15.852,15.852,1791471007.0430977,1791471007.0422144,1791471007.0259094,1791471007.0259094,1791471007.0259094,0.0,1791471006.02191,1791471007.0419228,1791471006.9027388,1791471007.0419228,1791471006.9027388,1791471007.0419228,1791471006.0179188,1791471007.0419228,1791471006.02191,1791471007.0419228,1791470991.1739094,GAZEBO_CLOCK_SYSTEM_INTERPOLATION,MAPPED_EXACT,0,15.852,1791471007.0259094,0.0015039443969726562,0.0,RGB,0.0,0,1,0,UNCALIBRATED,PREPARATION,MID,STRAIGHT,1.0,333,1.0,7.83063268661499,0.4793679714202881,nan,nan,False,0.0,0.0,0.0,0.0,0,0,0,0,0,0.0,0.0,0.0,0.0,0.0,0.0,0.0,0.0,0.0,0.0,0.0,0.0,0.0,0.0,6.948015422442086,-0.26481388970684794,3.6019110160045997,0.0,0.0,0.0,0.0,0.0,0.0,0.0,0.0,0.0,0.0,0.0,False,DISABLED,0,nan,nan,nan,nan,nan,nan,nan,nan,nan,nan,nan,nan,nan,nan,nan,nan,nan,nan,nan,nan,nan,nan,nan,nan,nan,nan,nan,nan,nan,nan,nan,nan,nan,nan,7.982774022941789,0.3578538543329501,0.1027303286148964,0.02506089300479856,0.02506089300479856,0.02506089300479856,8.001236700103643,0.3144141798971402,0.14019216395479214,-0.018462677161854124,0.04343967443580987,-0.03746183533989575,0.04720037884458136,0.06025997734902881,0.017188310623168945,False,DISABLED,none,MODEL_ORIGIN_FRAME_NOT_ESTABLISHED,nan,nan,nan,nan,nan,nan,nan,nan,nan,nan,nan,nan,nan,NOT_EVALUATED,nan,nan,nan,nan,DISABLED,nan,nan,nan,nan,nan,nan
1791471007.073917,1791471007.0889816,1791471007.0937035,1791471007.0937288,front_rgbd_red_sphere,True,True,True,,15.9,15.9,1791471007.0889816,1791471007.0865755,1791471007.073917,1791471007.073917,1791471007.073917,0.0,1791471006.0819252,1791471007.0819368,1791471006.942739,1791471007.0819368,1791471006.942739,1791471007.0819368,1791471006.0819252,1791471007.0819368,1791471006.0819252,1791471007.0819368,1791470991.1739168,GAZEBO_CLOCK_SYSTEM_INTERPOLATION,MAPPED_EXACT,0,15.9,1791471007.073917,0.003361225128173828,0.0,RGB,0.0,0,1,0,UNCALIBRATED,PREPARATION,MID,STRAIGHT,1.0,329,1.0,7.8323283195495605,0.4791252613067627,nan,nan,False,0.0,0.0,0.0,0.0,0,0,0,0,0,0.0,0.0,0.0,0.0,0.0,0.0,0.0,0.0,0.0,0.0,0.0,0.0,0.0,0.0,6.950396609472655,-0.30370012015712966,3.5979329641212914,0.0,0.0,0.0,0.0,0.0,0.0,0.0,0.0,0.0,0.0,0.0,False,DISABLED,0,nan,nan,nan,nan,nan,nan,nan,nan,nan,nan,nan,nan,nan,nan,nan,nan,nan,nan,nan,nan,nan,nan,nan,nan,nan,nan,nan,nan,nan,nan,nan,nan,nan,nan,7.983525900695159,0.39723567933867676,0.10857604012436456,0.025066262305223484,0.025066262305223484,0.025066262305223484,8.00156846834553,0.3540522277882275,0.1438295712898067,-0.018042567650371488,0.04318345155044928,-0.03525353116544214,0.046801118952736934,0.05859314119298463,0.015064716339111328,False,DISABLED,none,MODEL_ORIGIN_FRAME_NOT_ESTABLISHED,nan,nan,nan,nan,nan,nan,nan,nan,nan,nan,nan,nan,nan,NOT_EVALUATED,nan,nan,nan,nan,DISABLED,nan,nan,nan,nan,nan,nan
1791471007.1259184,1791471007.147812,1791471007.1542883,1791471007.1543074,front_rgbd_red_sphere,True,True,True,,15.952,15.952,1791471007.147812,1791471007.1460092,1791471007.1259184,1791471007.1259184,1791471007.1259184,0.0,1791471006.1419208,1791471007.137922,1791471006.998739,1791471007.137922,1791471007.002739,1791471007.1419263,1791471006.1219163,1791471007.137922,1791471006.1419208,1791471007.1419263,1791470991.1739185,GAZEBO_CLOCK_SYSTEM_INTERPOLATION,MAPPED_EXACT,0,15.952,1791471007.1259184,0.0037910938262939453,0.0,RGB,0.0,0,1,0,UNCALIBRATED,PREPARATION,MID,STRAIGHT,1.0,330,1.0,7.83444356918335,0.47906970977783203,nan,nan,False,0.0,0.0,0.0,0.0,0,0,0,0,0,0.0,0.0,0.0,0.0,0.0,0.0,0.0,0.0,0.0,0.0,0.0,0.0,0.0,0.0,6.952474291045419,-0.3443453407480215,3.594862087630524,0.0,0.0,0.0,0.0,0.0,0.0,0.0,0.0,0.0,0.0,0.0,False,DISABLED,0,nan,nan,nan,nan,nan,nan,nan,nan,nan,nan,nan,nan,nan,nan,nan,nan,nan,nan,nan,nan,nan,nan,nan,nan,nan,nan,nan,nan,nan,nan,nan,nan,nan,nan,7.984368342826078,0.43839954321471963,0.11379806524050629,0.025072960288635548,0.025072960288635548,0.025072960288635548,8.00199298585912,0.3992060207502748,0.14683582318035154,-0.017624643033042453,0.03919352246444485,-0.03303775793984526,0.0429739484480204,0.05420566109646596,0.02189350128173828,False,DISABLED,none,MODEL_ORIGIN_FRAME_NOT_ESTABLISHED,nan,nan,nan,nan,nan,nan,nan,nan,nan,nan,nan,nan,nan,NOT_EVALUATED,nan,nan,nan,nan,DISABLED,nan,nan,nan,nan,nan,nan
1791471007.1739225,1791471007.191163,1791471007.194444,1791471007.1944685,front_rgbd_red_sphere,True,True,True,,16.0,16.0,1791471007.191163,1791471007.1900094,1791471007.1739225,1791471007.1739225,1791471007.1739225,0.0,1791471006.161916,1791471007.1779244,1791471007.038739,1791471007.1779244,1791471007.042739,1791471007.1819265,1791471006.161916,1791471007.1779244,1791471006.161916,1791471007.1819265,1791470991.1739225,GAZEBO_CLOCK_SYSTEM_INTERPOLATION,MAPPED_EXACT,0,16.0,1791471007.1739225,0.0014407634735107422,0.0,RGB,0.0,0,1,0,UNCALIBRATED,PREPARATION,MID,STRAIGHT,1.0,332,1.0,7.836909770965576,0.4792128801345825,nan,nan,False,0.0,0.0,0.0,0.0,0,0,0,0,0,0.0,0.0,0.0,0.0,0.0,0.0,0.0,0.0,0.0,0.0,0.0,0.0,0.0,0.0,6.954145633815795,-0.38783287268088795,3.592575798885994,0.0,0.0,0.0,0.0,0.0,0.0,0.0,0.0,0.0,0.0,0.0,False,DISABLED,0,nan,nan,nan,nan,nan,nan,nan,nan,nan,nan,nan,nan,nan,nan,nan,nan,nan,nan,nan,nan,nan,nan,nan,nan,nan,nan,nan,nan,nan,nan,nan,nan,nan,nan,7.984980920998614,0.4822117412340901,0.11767091727982121,0.02508077150260745,0.02508077150260745,0.02508077150260745,8.002458805403288,0.44332425233658396,0.14870551749201935,-0.01747788440467435,0.03888748889750615,-0.031034600212198143,0.04263464830412962,0.05273385673689904,0.017240524291992188,False,DISABLED,none,MODEL_ORIGIN_FRAME_NOT_ESTABLISHED,nan,nan,nan,nan,nan,nan,nan,nan,nan,nan,nan,nan,nan,NOT_EVALUATED,nan,nan,nan,nan,DISABLED,nan,nan,nan,nan,nan,nan
1791471007.2259135,1791471007.2503262,1791471007.2559395,1791471007.2559772,front_rgbd_red_sphere,True,True,True,,16.052,16.052,1791471007.2503262,1791471007.246868,1791471007.2259135,1791471007.2259135,1791471007.2259135,0.0,1791471006.2419236,1791471007.2419384,1791471007.1027389,1791471007.2419384,1791471007.1027389,1791471007.2419384,1791471006.2419236,1791471007.2419384,1791471006.2419236,1791471007.2419384,1791470991.1739135,GAZEBO_CLOCK_SYSTEM_INTERPOLATION,MAPPED_EXACT,0,16.052,1791471007.2259135,0.0007939338684082031,0.0,RGB,0.0,0,1,0,UNCALIBRATED,PREPARATION,MID,STRAIGHT,1.0,332,1.0,7.839819431304932,0.479561984539032,nan,nan,False,0.0,0.0,0.0,0.0,0,0,0,0,0,0.0,0.0,0.0,0.0,0.0,0.0,0.0,0.0,0.0,0.0,0.0,0.0,0.0,0.0,6.95546525265438,-0.4338734096207624,3.5911041034127527,0.0,0.0,0.0,0.0,0.0,0.0,0.0,0.0,0.0,0.0,0.0,False,DISABLED,0,nan,nan,nan,nan,nan,nan,nan,nan,nan,nan,nan,nan,nan,nan,nan,nan,nan,nan,nan,nan,nan,nan,nan,nan,nan,nan,nan,nan,nan,nan,nan,nan,nan,nan,7.985668077958593,0.5283675312207807,0.12083536246755877,0.02508998856423634,0.02508998856423634,0.02508998856423634,8.003047098048615,0.49361273348418294,0.14981185716476686,-0.017379020090022124,0.03475479773659779,-0.02897649469720809,0.038857770201096396,0.04847229672646577,0.02441263198852539,False,DISABLED,none,MODEL_ORIGIN_FRAME_NOT_ESTABLISHED,nan,nan,nan,nan,nan,nan,nan,nan,nan,nan,nan,nan,nan,NOT_EVALUATED,nan,nan,nan,nan,DISABLED,nan,nan,nan,nan,nan,nan
1791471007.2739146,1791471007.2974937,1791471007.3014994,1791471007.3015323,front_rgbd_red_sphere,True,True,True,,16.1,16.1,1791471007.2974937,1791471007.286189,1791471007.2739146,1791471007.2739146,1791471007.2739146,0.0,1791471006.2619162,1791471007.2819307,1791471007.1427388,1791471007.2819307,1791471007.1427388,1791471007.2819307,1791471006.257927,1791471007.2819307,1791471006.2619162,1791471007.2819307,1791470991.1739147,GAZEBO_CLOCK_SYSTEM_INTERPOLATION,MAPPED_EXACT,0,16.1,1791471007.2739146,0.0038297176361083984,0.0,RGB,0.0,0,1,0,UNCALIBRATED,PREPARATION,MID,STRAIGHT,1.0,332,1.0,7.843245029449463,0.48013293743133545,nan,nan,False,0.0,0.0,0.0,0.0,0,0,0,0,0,0.0,0.0,0.0,0.0,0.0,0.0,0.0,0.0,0.0,0.0,0.0,0.0,0.0,0.0,6.956437140823593,-0.48240832719479876,3.5905098189084645,0.0,0.0,0.0,0.0,0.0,0.0,0.0,0.0,0.0,0.0,0.0,False,DISABLED,0,nan,nan,nan,nan,nan,nan,nan,nan,nan,nan,nan,nan,nan,nan,nan,nan,nan,nan,nan,nan,nan,nan,nan,nan,nan,nan,nan,nan,nan,nan,nan,nan,nan,nan,7.986315939610689,0.5768654706607443,0.122580006490708,0.02510084204483876,0.02510084204483876,0.02510084204483876,8.003681761720317,0.5424913972507358,0.14991385069907212,-0.017365822109628226,0.03437407341000853,-0.027333844208364128,0.03851166966440053,0.04722592232605975,0.023579120635986328,False,DISABLED,none,MODEL_ORIGIN_FRAME_NOT_ESTABLISHED,nan,nan,nan,nan,nan,nan,nan,nan,nan,nan,nan,nan,nan,NOT_EVALUATED,nan,nan,nan,nan,DISABLED,nan,nan,nan,nan,nan,nan
1791471007.325916,1791471007.355738,1791471007.361393,1791471007.3614125,front_rgbd_red_sphere,True,True,True,,16.152,16.152,1791471007.355738,1791471007.3445332,1791471007.325916,1791471007.325916,1791471007.325916,0.0,1791471006.341919,1791471007.3379257,1791471007.1987388,1791471007.3379257,1791471007.202739,1791471007.3419225,1791471006.3219109,1791471007.3379257,1791471006.341919,1791471007.3419225,1791470991.173916,GAZEBO_CLOCK_SYSTEM_INTERPOLATION,MAPPED_EXACT,0,16.152,1791471007.325916,0.0022974014282226562,0.0,RGB,0.0,0,1,0,UNCALIBRATED,PREPARATION,MID,STRAIGHT,1.0,333,1.0,7.8472089767456055,0.48093274235725403,nan,nan,False,0.0,0.0,0.0,0.0,0,0,0,0,0,0.0,0.0,0.0,0.0,0.0,0.0,0.0,0.0,0.0,0.0,0.0,0.0,0.0,0.0,6.957051452584546,-0.5335571602041664,3.590743504431824,0.0,0.0,0.0,0.0,0.0,0.0,0.0,0.0,0.0,0.0,0.0,False,DISABLED,0,nan,nan,nan,nan,nan,nan,nan,nan,nan,nan,nan,nan,nan,nan,nan,nan,nan,nan,nan,nan,nan,nan,nan,nan,nan,nan,nan,nan,nan,nan,nan,nan,nan,nan,7.986988467721632,0.6277267243321674,0.12335782448954313,0.025113402901449453,0.025113402901449453,0.025113402901449453,8.004472057116871,0.5979776972524709,0.14910033979864956,-0.017483589395238752,0.02974902707969651,-0.02574251530910643,0.034506238716061496,0.043050640004178804,0.02982187271118164,False,DISABLED,none,MODEL_ORIGIN_FRAME_NOT_ESTABLISHED,nan,nan,nan,nan,nan,nan,nan,nan,nan,nan,nan,nan,nan,NOT_EVALUATED,nan,nan,nan,nan,DISABLED,nan,nan,nan,nan,nan,nan
1791471007.37391,1791471007.3968444,1791471007.4020007,1791471007.4020274,front_rgbd_red_sphere,True,True,True,,16.2,16.2,1791471007.3968444,1791471007.3958342,1791471007.37391,1791471007.37391,1791471007.37391,0.0,1791471006.3619125,1791471007.3779218,1791471007.238739,1791471007.3779218,1791471007.242739,1791471007.3819275,1791471006.3619125,1791471007.3779218,1791471006.3619125,1791471007.3819275,1791470991.17391,GAZEBO_CLOCK_SYSTEM_INTERPOLATION,MAPPED_EXACT,0,16.2,1791471007.37391,0.0033986568450927734,0.0,RGB,0.0,0,1,0,UNCALIBRATED,PREPARATION,MID,STRAIGHT,1.0,332,1.0,7.851748466491699,0.48197096586227417,nan,nan,False,0.0,0.0,0.0,0.0,0,0,0,0,0,0.0,0.0,0.0,0.0,0.0,0.0,0.0,0.0,0.0,0.0,0.0,0.0,0.0,0.0,6.957301197428175,-0.5870021554481859,3.5918438768613403,0.0,0.0,0.0,0.0,0.0,0.0,0.0,0.0,0.0,0.0,0.0,False,DISABLED,0,nan,nan,nan,nan,nan,nan,nan,nan,nan,nan,nan,nan,nan,nan,nan,nan,nan,nan,nan,nan,nan,nan,nan,nan,nan,nan,nan,nan,nan,nan,nan,nan,nan,nan,7.98770157950384,0.6809050654619211,0.12300858851530921,0.025127792931758684,0.025127792931758684,0.025127792931758684,8.005314247998314,0.6517663240577175,0.14743264726022315,-0.017612668494473738,0.029138741404203583,-0.024424058744913935,0.03404808867054472,0.04190235062251619,0.022934436798095703,False,DISABLED,none,MODEL_ORIGIN_FRAME_NOT_ESTABLISHED,nan,nan,nan,nan,nan,nan,nan,nan,nan,nan,nan,nan,nan,NOT_EVALUATED,nan,nan,nan,nan,DISABLED,nan,nan,nan,nan,nan,nan
1791471007.4259179,1791471007.4564333,1791471007.4623973,1791471007.4624357,front_rgbd_red_sphere,True,True,True,,16.252,16.252,1791471007.4564333,1791471007.4548874,1791471007.4259179,1791471007.4259179,1791471007.4259179,0.0,1791471006.4419188,1791471007.441919,1791471007.302739,1791471007.441919,1791471007.302739,1791471007.441919,1791471006.4419188,1791471007.441919,1791471006.4419188,1791471007.441919,1791470991.1739178,GAZEBO_CLOCK_SYSTEM_INTERPOLATION,MAPPED_EXACT,0,16.252,1791471007.4259179,0.0028603076934814453,0.0,RGB,0.0,0,1,0,UNCALIBRATED,PREPARATION,MID,STRAIGHT,1.0,332,1.0,7.856991767883301,0.4832538664340973,nan,nan,False,0.0,0.0,0.0,0.0,0,0,0,0,0,0.0,0.0,0.0,0.0,0.0,0.0,0.0,0.0,0.0,0.0,0.0,0.0,0.0,0.0,6.957269436887877,-0.642909368513199,3.593799172274321,0.0,0.0,0.0,0.0,0.0,0.0,0.0,0.0,0.0,0.0,0.0,False,DISABLED,0,nan,nan,nan,nan,nan,nan,nan,nan,nan,nan,nan,nan,nan,nan,nan,nan,nan,nan,nan,nan,nan,nan,nan,nan,nan,nan,nan,nan,nan,nan,nan,nan,nan,nan,7.98861476306461,0.7367311607138437,0.12176218927058086,0.025144419463447313,0.025144419463447313,0.025144419463447313,8.006347210683948,0.7123679470422294,0.14471892792851201,-0.017732447619338565,0.024363213671614314,-0.02295673865793116,0.0301331358969046,0.03788162785295626,0.030515432357788086,False,DISABLED,none,MODEL_ORIGIN_FRAME_NOT_ESTABLISHED,nan,nan,nan,nan,nan,nan,nan,nan,nan,nan,nan,nan,nan,NOT_EVALUATED,nan,nan,nan,nan,DISABLED,nan,nan,nan,nan,nan,nan
1791471007.473911,1791471007.4972997,1791471007.5026903,1791471007.5027237,front_rgbd_red_sphere,True,True,True,,16.3,16.3,1791471007.4972997,1791471007.486492,1791471007.473911,1791471007.473911,1791471007.473911,0.0,1791471006.481921,1791471007.481924,1791471007.3427389,1791471007.481924,1791471007.3427389,1791471007.481924,1791471006.481921,1791471007.481924,1791471006.481921,1791471007.481924,1791470991.173911,GAZEBO_CLOCK_SYSTEM_INTERPOLATION,MAPPED_EXACT,0,16.3,1791471007.473911,0.0037348270416259766,0.0,RGB,0.0,0,1,0,UNCALIBRATED,PREPARATION,MID,STRAIGHT,1.0,329,1.0,7.863015651702881,0.4848039746284485,nan,nan,False,0.0,0.0,0.0,0.0,0,0,0,0,0,0.0,0.0,0.0,0.0,0.0,0.0,0.0,0.0,0.0,0.0,0.0,0.0,0.0,0.0,6.956931482263797,-0.7015706593915922,3.596653815665155,0.0,0.0,0.0,0.0,0.0,0.0,0.0,0.0,0.0,0.0,0.0,False,DISABLED,0,nan,nan,nan,nan,nan,nan,nan,nan,nan,nan,nan,nan,nan,nan,nan,nan,nan,nan,nan,nan,nan,nan,nan,nan,nan,nan,nan,nan,nan,nan,nan,nan,nan,nan,7.9895669666937845,0.795407341662174,0.11959557711092522,0.025163526671579117,0.025163526671579117,0.025163526671579117,8.007435662508389,0.7709310880449043,0.14132165900135504,-0.017868695814604152,0.024476253617269683,-0.02172608189042982,0.030304740243924863,0.03728806666430189,0.02338862419128418,False,DISABLED,none,MODEL_ORIGIN_FRAME_NOT_ESTABLISHED,nan,nan,nan,nan,nan,nan,nan,nan,nan,nan,nan,nan,nan,NOT_EVALUATED,nan,nan,nan,nan,DISABLED,nan,nan,nan,nan,nan,nan
1791471007.525911,1791471007.5558052,1791471007.5620522,1791471007.5621002,front_rgbd_red_sphere,True,True,True,,16.352,16.352,1791471007.5558052,1791471007.5446358,1791471007.525911,1791471007.525911,1791471007.525911,0.0,1791471006.5379298,1791471007.5379372,1791471007.3987389,1791471007.5379372,1791471007.4027388,1791471007.5419207,1791471006.5379298,1791471007.5379372,1791471006.521914,1791471007.5419207,1791470991.173911,GAZEBO_CLOCK_SYSTEM_INTERPOLATION,MAPPED_EXACT,0,16.352,1791471007.525911,0.002349376678466797,0.0,RGB,0.0,0,1,0,UNCALIBRATED,PREPARATION,MID,STRAIGHT,1.0,331,1.0,7.869818210601807,0.4866113066673279,nan,nan,False,0.0,0.0,0.0,0.0,0,0,0,0,0,0.0,0.0,0.0,0.0,0.0,0.0,0.0,0.0,0.0,0.0,0.0,0.0,0.0,0.0,6.956310146042957,-0.762487661337679,3.600333248871742,0.0,0.0,0.0,0.0,0.0,0.0,0.0,0.0,0.0,0.0,0.0,False,DISABLED,0,nan,nan,nan,nan,nan,nan,nan,nan,nan,nan,nan,nan,nan,nan,nan,nan,nan,nan,nan,nan,nan,nan,nan,nan,nan,nan,nan,nan,nan,nan,nan,nan,nan,nan,7.990688405562567,0.8560826523171481,0.11669059815546828,0.025185112825622417,0.025185112825622417,0.025185112825622417,8.008758503892922,0.8367634338461,0.13677433016583054,-0.018070098330355222,0.019319218471048116,-0.02008373201036226,0.026452989547512268,0.033213204414281425,0.029894113540649414,False,DISABLED,none,MODEL_ORIGIN_FRAME_NOT_ESTABLISHED,nan,nan,nan,nan,nan,nan,nan,nan,nan,nan,nan,nan,nan,NOT_EVALUATED,nan,nan,nan,nan,DISABLED,nan,nan,nan,nan,nan,nan
1791471007.573916,1791471007.5961127,1791471007.6025732,1791471007.6026115,front_rgbd_red_sphere,True,True,True,,16.4,16.4,1791471007.5961127,1791471007.5848258,1791471007.573916,1791471007.573916,1791471007.573916,0.0,1791471006.5779247,1791471007.5779276,1791471007.4387388,1791471007.5779276,1791471007.442739,1791471007.5819275,1791471006.5779247,1791471007.5779276,1791471006.561926,1791471007.5819275,1791470991.1739159,GAZEBO_CLOCK_SYSTEM_INTERPOLATION,MAPPED_EXACT,0,16.4,1791471007.573916,0.0025911331176757812,0.0,RGB,0.0,0,1,0,UNCALIBRATED,PREPARATION,MID,STRAIGHT,1.0,332,1.0,7.877485275268555,0.4887022078037262,nan,nan,False,0.0,0.0,0.0,0.0,0,0,0,0,0,0.0,0.0,0.0,0.0,0.0,0.0,0.0,0.0,0.0,0.0,0.0,0.0,0.0,0.0,6.955369424003666,-0.8260553383932874,3.604891116826024,0.0,0.0,0.0,0.0,0.0,0.0,0.0,0.0,0.0,0.0,0.0,False,DISABLED,0,nan,nan,nan,nan,nan,nan,nan,nan,nan,nan,nan,nan,nan,nan,nan,nan,nan,nan,nan,nan,nan,nan,nan,nan,nan,nan,nan,nan,nan,nan,nan,nan,nan,nan,7.991795781606798,0.9193605421415119,0.112761542902244,0.025209453251601493,0.025209453251601493,0.025209453251601493,8.010138129381009,0.9001390568375705,0.13172881871587072,-0.018342347774210843,0.01922148530394141,-0.018967275813626727,0.026568914527314306,0.03264452130067039,0.02219676971435547,False,DISABLED,none,MODEL_ORIGIN_FRAME_NOT_ESTABLISHED,nan,nan,nan,nan,nan,nan,nan,nan,nan,nan,nan,nan,nan,NOT_EVALUATED,nan,nan,nan,nan,DISABLED,nan,nan,nan,nan,nan,nan
1791471007.625914,1791471007.6607366,1791471007.6657772,1791471007.6658006,front_rgbd_red_sphere,True,True,True,,16.452,16.452,1791471007.6607366,1791471007.6490848,1791471007.625914,1791471007.625914,1791471007.625914,0.0,1791471006.6419218,1791471007.641928,1791471007.502739,1791471007.641928,1791471007.502739,1791471007.641928,1791471006.6419218,1791471007.641928,1791471006.6419218,1791471007.641928,1791470991.1739142,GAZEBO_CLOCK_SYSTEM_INTERPOLATION,MAPPED_EXACT,0,16.452,1791471007.625914,0.0031211376190185547,0.0,RGB,0.0,0,1,0,UNCALIBRATED,PREPARATION,MID,STRAIGHT,1.0,337,1.0,7.886043548583984,0.49107062816619873,nan,nan,False,0.0,0.0,0.0,0.0,0,0,0,0,0,0.0,0.0,0.0,0.0,0.0,0.0,0.0,0.0,0.0,0.0,0.0,0.0,0.0,0.0,6.954137697171734,-0.8921065847777014,3.610234694556576,0.0,0.0,0.0,0.0,0.0,0.0,0.0,0.0,0.0,0.0,0.0,False,DISABLED,0,nan,nan,nan,nan,nan,nan,nan,nan,nan,nan,nan,nan,nan,nan,nan,nan,nan,nan,nan,nan,nan,nan,nan,nan,nan,nan,nan,nan,nan,nan,nan,nan,nan,nan,7.992972595331677,0.9850685731902886,0.10787592424427844,0.025236637352260536,0.025236637352260536,0.025236637352260536,8.01179286472112,0.9708458818754214,0.1254862827299254,-0.018820269389442146,0.014222691314867197,-0.01761035848564696,0.023589987031136152,0.029438278042748522,0.03482246398925781,False,DISABLED,none,MODEL_ORIGIN_FRAME_NOT_ESTABLISHED,nan,nan,nan,nan,nan,nan,nan,nan,nan,nan,nan,nan,nan,NOT_EVALUATED,nan,nan,nan,nan,DISABLED,nan,nan,nan,nan,nan,nan
1791471007.6739311,1791471007.6966586,1791471007.7000206,1791471007.7000434,front_rgbd_red_sphere,True,True,True,,16.5,16.5,1791471007.6966586,1791471007.6958926,1791471007.6739311,1791471007.6739311,1791471007.6739311,0.0,1791471006.6619174,1791471007.6819334,1791471007.542739,1791471007.6819334,1791471007.542739,1791471007.6819334,1791471006.6579318,1791471007.6819334,1791471006.6619174,1791471007.6819334,1791470991.1739311,GAZEBO_CLOCK_SYSTEM_INTERPOLATION,MAPPED_EXACT,0,16.5,1791471007.6739311,0.002933502197265625,0.0,RGB,0.0,0,1,0,UNCALIBRATED,PREPARATION,MID,STRAIGHT,1.0,336,1.0,7.895693302154541,0.49373066425323486,nan,nan,False,0.0,0.0,0.0,0.0,0,0,0,0,0,0.0,0.0,0.0,0.0,0.0,0.0,0.0,0.0,0.0,0.0,0.0,0.0,0.0,0.0,6.952718548360265,-0.9610621239323001,3.616357246011087,0.0,0.0,0.0,0.0,0.0,0.0,0.0,0.0,0.0,0.0,0.0,False,DISABLED,0,nan,nan,nan,nan,nan,nan,nan,nan,nan,nan,nan,nan,nan,nan,nan,nan,nan,nan,nan,nan,nan,nan,nan,nan,nan,nan,nan,nan,nan,nan,nan,nan,nan,nan,7.994211710220326,1.0533364989502323,0.1020703587830285,0.025267307084659414,0.025267307084659414,0.025267307084659414,8.013517986119057,1.0393264695698976,0.11889180468394725,-0.019306275898730796,0.014010029380334688,-0.016821445900918747,0.023853997826690492,0.029188598022400647,0.022727489471435547,False,DISABLED,none,MODEL_ORIGIN_FRAME_NOT_ESTABLISHED,nan,nan,nan,nan,nan,nan,nan,nan,nan,nan,nan,nan,nan,NOT_EVALUATED,nan,nan,nan,nan,DISABLED,nan,nan,nan,nan,nan,nan
1791471007.7259188,1791471007.756367,1791471007.761967,1791471007.7619913,front_rgbd_red_sphere,True,True,True,,16.552,16.552,1791471007.756367,1791471007.745167,1791471007.7259188,1791471007.7259188,1791471007.7259188,0.0,1791471006.7219093,1791471007.737924,1791471007.598739,1791471007.737924,1791471007.6027389,1791471007.7419164,1791471006.7219093,1791471007.737924,1791471006.7219093,1791471007.7419164,1791470991.1739187,GAZEBO_CLOCK_SYSTEM_INTERPOLATION,MAPPED_EXACT,0,16.552,1791471007.7259188,0.002897977828979492,0.0,RGB,0.0,0,1,0,UNCALIBRATED,PREPARATION,MID,STRAIGHT,1.0,331,1.0,7.906317710876465,0.4966503381729126,nan,nan,False,0.0,0.0,0.0,0.0,0,0,0,0,0,0.0,0.0,0.0,0.0,0.0,0.0,0.0,0.0,0.0,0.0,0.0,0.0,0.0,0.0,6.95110455195072,-1.0316022627660115,3.6232309790842185,0.0,0.0,0.0,0.0,0.0,0.0,0.0,0.0,0.0,0.0,0.0,False,DISABLED,0,nan,nan,nan,nan,nan,nan,nan,nan,nan,nan,nan,nan,nan,nan,nan,nan,nan,nan,nan,nan,nan,nan,nan,nan,nan,nan,nan,nan,nan,nan,nan,nan,nan,nan,7.995562631441058,1.122863872793948,0.09545218889460783,0.025301094453401562,0.025301094453401562,0.025301094453401562,8.015570736793872,1.1154695670748627,0.11106291428926436,-0.020008105352814276,0.007394305719085281,-0.015610725394656536,0.021330729872102657,0.02643283534212679,0.030448198318481445,False,DISABLED,none,MODEL_ORIGIN_FRAME_NOT_ESTABLISHED,nan,nan,nan,nan,nan,nan,nan,nan,nan,nan,nan,nan,nan,NOT_EVALUATED,nan,nan,nan,nan,DISABLED,nan,nan,nan,nan,nan,nan
1791471007.7739153,1791471007.797515,1791471007.8010325,1791471007.8010566,front_rgbd_red_sphere,True,True,True,,16.6,16.6,1791471007.797515,1791471007.7865117,1791471007.7739153,1791471007.7739153,1791471007.7739153,0.0,1791471006.781924,1791471007.7779531,1791471007.6387389,1791471007.7779531,1791471007.6427388,1791471007.7819283,1791471006.77792,1791471007.7779531,1791471006.781924,1791471007.7819283,1791470991.1739154,GAZEBO_CLOCK_SYSTEM_INTERPOLATION,MAPPED_EXACT,0,16.6,1791471007.7739153,0.003979921340942383,0.0,RGB,0.0,0,1,0,UNCALIBRATED,PREPARATION,MID,STRAIGHT,1.0,333,1.0,7.918082237243652,0.49988502264022827,nan,nan,False,0.0,0.0,0.0,0.0,0,0,0,0,0,0.0,0.0,0.0,0.0,0.0,0.0,0.0,0.0,0.0,0.0,0.0,0.0,0.0,0.0,6.949207505022661,-1.105217122692184,3.6308455233744135,0.0,0.0,0.0,0.0,0.0,0.0,0.0,0.0,0.0,0.0,0.0,False,DISABLED,0,nan,nan,nan,nan,nan,nan,nan,nan,nan,nan,nan,nan,nan,nan,nan,nan,nan,nan,nan,nan,nan,nan,nan,nan,nan,nan,nan,nan,nan,nan,nan,nan,nan,nan,7.996827422723238,1.1954127692753012,0.08787329031774244,0.02533853476099671,0.02533853476099671,0.02533853476099671,8.017678974401413,1.1884346403981616,0.10313444197987573,-0.02085155167817465,0.0069781288771395555,-0.015261151662133293,0.021988212524294854,0.026765355220287865,0.023599624633789062,False,DISABLED,none,MODEL_ORIGIN_FRAME_NOT_ESTABLISHED,nan,nan,nan,nan,nan,nan,nan,nan,nan,nan,nan,nan,nan,NOT_EVALUATED,nan,nan,nan,nan,DISABLED,nan,nan,nan,nan,nan,nan
1791471007.8259134,1791471007.852412,1791471007.8553615,1791471007.8553803,front_rgbd_red_sphere,True,True,True,,16.652,16.652,1791471007.852412,1791471007.8515875,1791471007.8259134,1791471007.8259134,1791471007.8259134,0.0,1791471006.841923,1791471007.8419232,1791471007.702739,1791471007.8419232,1791471007.702739,1791471007.8419232,1791471006.841923,1791471007.8419232,1791471006.841923,1791471007.8419232,1791470991.1739135,GAZEBO_CLOCK_SYSTEM_INTERPOLATION,MAPPED_EXACT,0,16.652,1791471007.8259134,0.002656698226928711,0.0,RGB,0.0,0,1,0,UNCALIBRATED,PREPARATION,MID,STRAIGHT,1.0,334,1.0,7.931175708770752,0.5033984184265137,nan,nan,False,0.0,0.0,0.0,0.0,0,0,0,0,0,0.0,0.0,0.0,0.0,0.0,0.0,0.0,0.0,0.0,0.0,0.0,0.0,0.0,0.0,6.947299324780629,-1.1811278450864013,3.6391647607521085,0.0,0.0,0.0,0.0,0.0,0.0,0.0,0.0,0.0,0.0,0.0,False,DISABLED,0,nan,nan,nan,nan,nan,nan,nan,nan,nan,nan,nan,nan,nan,nan,nan,nan,nan,nan,nan,nan,nan,nan,nan,nan,nan,nan,nan,nan,nan,nan,nan,nan,nan,nan,7.998328782051527,1.269893921556831,0.07958034557407945,0.025380236534320824,0.025380236534320824,0.025380236534320824,8.020184925848946,1.269870638434744,0.09392106231431532,-0.02185614379741896,2.3283122086992236e-05,-0.014340716740235876,0.02185615619904903,0.02614092042030867,0.02649855613708496,False,DISABLED,none,MODEL_ORIGIN_FRAME_NOT_ESTABLISHED,nan,nan,nan,nan,nan,nan,nan,nan,nan,nan,nan,nan,nan,NOT_EVALUATED,nan,nan,nan,nan,DISABLED,nan,nan,nan,nan,nan,nan
1791471007.8739092,1791471007.8857133,1791471007.8913805,1791471007.8913996,front_rgbd_red_sphere,True,True,True,,16.7,16.7,1791471007.8857133,1791471007.8849642,1791471007.8739092,1791471007.8739092,1791471007.8739092,0.0,1791471006.8819327,1791471007.881952,1791471007.742739,1791471007.881952,1791471007.742739,1791471007.881952,1791471006.8819327,1791471007.881952,1791471006.8819327,1791471007.881952,1791470991.1739092,GAZEBO_CLOCK_SYSTEM_INTERPOLATION,MAPPED_EXACT,0,16.7,1791471007.8739092,0.002370595932006836,0.0,RGB,0.0,0,1,0,UNCALIBRATED,PREPARATION,MID,STRAIGHT,1.0,334,1.0,7.945600986480713,0.5072124600410461,nan,nan,False,0.0,0.0,0.0,0.0,0,0,0,0,0,0.0,0.0,0.0,0.0,0.0,0.0,0.0,0.0,0.0,0.0,0.0,0.0,0.0,0.0,6.945265233849094,-1.2596310938104875,3.6481770678689736,0.0,0.0,0.0,0.0,0.0,0.0,0.0,0.0,0.0,0.0,0.0,False,DISABLED,0,nan,nan,nan,nan,nan,nan,nan,nan,nan,nan,nan,nan,nan,nan,nan,nan,nan,nan,nan,nan,nan,nan,nan,nan,nan,nan,nan,nan,nan,nan,nan,nan,nan,nan,7.999872219129901,1.346890945437609,0.07025596586109473,0.025426219191011127,0.025426219191011127,0.025426219191011127,8.022737758415522,1.3475913502290793,0.08483077569932289,-0.02286553928562096,-0.000700404791470266,-0.014574809838228162,0.022876263980252328,0.02712468498461692,0.01180410385131836,False,DISABLED,none,MODEL_ORIGIN_FRAME_NOT_ESTABLISHED,nan,nan,nan,nan,nan,nan,nan,nan,nan,nan,nan,nan,nan,NOT_EVALUATED,nan,nan,nan,nan,DISABLED,nan,nan,nan,nan,nan,nan
1791471007.92591,1791471007.951361,1791471007.9564176,1791471007.9564526,front_rgbd_red_sphere,True,True,True,,16.752,16.752,1791471007.9412408,1791471007.951361,1791471007.92591,1791471007.92591,1791471007.92591,0.0,1791471006.9419236,1791471007.9379191,1791471007.798739,1791471007.9379191,1791471007.802739,1791471007.941926,1791471006.9219093,1791471007.9379191,1791471006.9419236,1791471007.941926,1791470991.17391,GAZEBO_CLOCK_SYSTEM_INTERPOLATION,MAPPED_EXACT,0,16.752,1791471007.92591,0.0018417835235595703,0.0,RGB,0.0,0,1,0,UNCALIBRATED,PREPARATION,MID,STRAIGHT,1.0,337,1.0,7.961418628692627,0.5113213658332825,nan,nan,False,0.0,0.0,0.0,0.0,0,0,0,0,0,0.0,0.0,0.0,0.0,0.0,0.0,0.0,0.0,0.0,0.0,0.0,0.0,0.0,0.0,6.943142687927332,-1.3406651501771338,3.6578097698593957,0.0,0.0,0.0,0.0,0.0,0.0,0.0,0.0,0.0,0.0,0.0,False,DISABLED,0,nan,nan,nan,nan,nan,nan,nan,nan,nan,nan,nan,nan,nan,nan,nan,nan,nan,nan,nan,nan,nan,nan,nan,nan,nan,nan,nan,nan,nan,nan,nan,nan,nan,nan,8.001593001561291,1.4263747713151818,0.060140909455146496,0.02547668829583164,0.02547668829583164,0.02547668829583164,8.025757581582239,1.4342559446753353,0.07446440319373661,-0.024164580020947568,-0.007881173360153593,-0.014323493738590112,0.02541731341274237,0.02917537136012159,0.025450944900512695,False,DISABLED,none,MODEL_ORIGIN_FRAME_NOT_ESTABLISHED,nan,nan,nan,nan,nan,nan,nan,nan,nan,nan,nan,nan,nan,NOT_EVALUATED,nan,nan,nan,nan,DISABLED,nan,nan,nan,nan,nan,nan
1791471007.9739144,1791471007.9903882,1791471007.994226,1791471007.9942462,front_rgbd_red_sphere,True,True,True,,16.8,16.8,1791471007.9903882,1791471007.9898267,1791471007.9739144,1791471007.9739144,1791471007.9739144,0.0,1791471006.981922,1791471007.97793,1791471007.838739,1791471007.97793,1791471007.8427389,1791471007.9819589,1791471006.9619465,1791471007.97793,1791471006.981922,1791471007.9819589,1791470991.1739144,GAZEBO_CLOCK_SYSTEM_INTERPOLATION,MAPPED_EXACT,0,16.8,1791471007.9739144,0.0007872581481933594,0.0,RGB,0.0,0,1,0,UNCALIBRATED,PREPARATION,MID,STRAIGHT,1.0,341,1.0,7.978911399841309,0.5157101154327393,nan,nan,False,0.0,0.0,0.0,0.0,0,0,0,0,0,0.0,0.0,0.0,0.0,0.0,0.0,0.0,0.0,0.0,0.0,0.0,0.0,0.0,0.0,6.941196016637154,-1.4240798166510173,3.6680810916145923,0.0,0.0,0.0,0.0,0.0,0.0,0.0,0.0,0.0,0.0,0.0,False,DISABLED,0,nan,nan,nan,nan,nan,nan,nan,nan,nan,nan,nan,nan,nan,nan,nan,nan,nan,nan,nan,nan,nan,nan,nan,nan,nan,nan,nan,nan,nan,nan,nan,nan,nan,nan,8.003597394396786,1.508600610413063,0.0493408239443216,0.02553256039840975,0.02553256039840975,0.02553256039840975,8.028812382341888,1.516692383630402,0.06444144573044894,-0.025214987945101797,-0.008091773217339115,-0.015100621786127338,0.026481548498387995,0.030484441756413044,0.016473770141601562,False,DISABLED,none,MODEL_ORIGIN_FRAME_NOT_ESTABLISHED,nan,nan,nan,nan,nan,nan,nan,nan,nan,nan,nan,nan,nan,NOT_EVALUATED,nan,nan,nan,nan,DISABLED,nan,nan,nan,nan,nan,nan
1791471008.025911,1791471008.0430844,1791471008.0507984,1791471008.0508184,front_rgbd_red_sphere,True,True,True,,16.852,16.852,1791471008.0430844,1791471008.0421865,1791471008.025911,1791471008.025911,1791471008.025911,0.0,1791471007.0419228,1791471008.0419242,1791471007.9027388,1791471008.0419242,1791471007.9027388,1791471008.0419242,1791471007.0419228,1791471008.0419242,1791471007.0419228,1791471008.0419242,1791470991.173911,GAZEBO_CLOCK_SYSTEM_INTERPOLATION,MAPPED_EXACT,0,16.852,1791471008.025911,0.0017044544219970703,0.0,RGB,0.0,0,1,0,UNCALIBRATED,PREPARATION,MID,STRAIGHT,1.0,342,1.0,7.997725009918213,0.5203915238380432,nan,nan,False,0.0,0.0,0.0,0.0,0,0,0,0,0,0.0,0.0,0.0,0.0,0.0,0.0,0.0,0.0,0.0,0.0,0.0,0.0,0.0,0.0,6.939022746324766,-1.5100419876157751,3.678769177294039,0.0,0.0,0.0,0.0,0.0,0.0,0.0,0.0,0.0,0.0,0.0,False,DISABLED,0,nan,nan,nan,nan,nan,nan,nan,nan,nan,nan,nan,nan,nan,nan,nan,nan,nan,nan,nan,nan,nan,nan,nan,nan,nan,nan,nan,nan,nan,nan,nan,nan,nan,nan,8.005399175604532,1.593537889056978,0.037814421425882094,0.02559272071010164,0.02559272071010164,0.02559272071010164,8.032411303412074,1.6085491163362664,0.05318092353602612,-0.027012127807541475,-0.015011227279288386,-0.015366502110144023,0.030902944732199993,0.034512626388359204,0.017173290252685547,False,DISABLED,none,MODEL_ORIGIN_FRAME_NOT_ESTABLISHED,nan,nan,nan,nan,nan,nan,nan,nan,nan,nan,nan,nan,nan,NOT_EVALUATED,nan,nan,nan,nan,DISABLED,nan,nan,nan,nan,nan,nan
1791471008.073913,1791471008.089343,1791471008.092814,1791471008.0928338,front_rgbd_red_sphere,True,True,True,,16.9,16.9,1791471008.089343,1791471008.0883324,1791471008.073913,1791471008.073913,1791471008.073913,0.0,1791471007.0819368,1791471008.0819683,1791471007.942739,1791471008.0819683,1791471007.942739,1791471008.0819683,1791471007.0819368,1791471008.0819683,1791471007.0819368,1791471008.0819683,1791470991.173913,GAZEBO_CLOCK_SYSTEM_INTERPOLATION,MAPPED_EXACT,0,16.9,1791471008.073913,0.0036916732788085938,0.0,RGB,0.0,0,1,0,UNCALIBRATED,PREPARATION,MID,STRAIGHT,1.0,344,1.0,8.018327713012695,0.5253516435623169,nan,nan,False,0.0,0.0,0.0,0.0,0,0,0,0,0,0.0,0.0,0.0,0.0,0.0,0.0,0.0,0.0,0.0,0.0,0.0,0.0,0.0,0.0,6.937037106908492,-1.5985016610056895,3.689970799031826,0.0,0.0,0.0,0.0,0.0,0.0,0.0,0.0,0.0,0.0,0.0,False,DISABLED,0,nan,nan,nan,nan,nan,nan,nan,nan,nan,nan,nan,nan,nan,nan,nan,nan,nan,nan,nan,nan,nan,nan,nan,nan,nan,nan,nan,nan,nan,nan,nan,nan,nan,nan,8.007432455375117,1.6812749383493957,0.02551785079793606,0.025658681586392364,0.025658681586392364,0.025658681586392364,8.036032251029463,1.6957388780616276,0.04246737031516829,-0.028599795654345783,-0.014463939712231921,-0.016949519517232232,0.03204924123079072,0.03625520756159661,0.015429973602294922,False,DISABLED,none,MODEL_ORIGIN_FRAME_NOT_ESTABLISHED,nan,nan,nan,nan,nan,nan,nan,nan,nan,nan,nan,nan,nan,NOT_EVALUATED,nan,nan,nan,nan,DISABLED,nan,nan,nan,nan,nan,nan
1791471008.1259108,1791471008.149357,1791471008.1547496,1791471008.1547716,front_rgbd_red_sphere,True,True,True,,16.952,16.952,1791471008.149357,1791471008.147036,1791471008.1259108,1791471008.1259108,1791471008.1259108,0.0,1791471007.1419263,1791471008.137928,1791471007.998739,1791471008.137928,1791471008.002739,1791471008.1419349,1791471007.137922,1791471008.137928,1791471007.1419263,1791471008.1419349,1791470991.1739109,GAZEBO_CLOCK_SYSTEM_INTERPOLATION,MAPPED_EXACT,0,16.952,1791471008.1259108,0.0008976459503173828,0.0,RGB,0.0,0,1,0,UNCALIBRATED,PREPARATION,MID,STRAIGHT,1.0,342,1.0,8.04072093963623,0.5306053161621094,nan,nan,False,0.0,0.0,0.0,0.0,0,0,0,0,0,0.0,0.0,0.0,0.0,0.0,0.0,0.0,0.0,0.0,0.0,0.0,0.0,0.0,0.0,6.935129371301224,-1.6896417455150199,3.701660626711643,0.0,0.0,0.0,0.0,0.0,0.0,0.0,0.0,0.0,0.0,0.0,False,DISABLED,0,nan,nan,nan,nan,nan,nan,nan,nan,nan,nan,nan,nan,nan,nan,nan,nan,nan,nan,nan,nan,nan,nan,nan,nan,nan,nan,nan,nan,nan,nan,nan,nan,nan,nan,8.009599394518066,1.771775572517211,0.012558912693844071,0.025730474181112087,0.025730474181112087,0.025730474181112087,8.040250482672615,1.7920773699284591,0.030675607642478828,-0.0306510881545492,-0.020301797411248046,-0.018116694948634757,0.036764822632311234,0.040986178390369506,0.023446321487426758,False,DISABLED,none,MODEL_ORIGIN_FRAME_NOT_ESTABLISHED,nan,nan,nan,nan,nan,nan,nan,nan,nan,nan,nan,nan,nan,NOT_EVALUATED,nan,nan,nan,nan,DISABLED,nan,nan,nan,nan,nan,nan
1791471008.1739168,1791471008.1928377,1791471008.1964047,1791471008.1964257,front_rgbd_red_sphere,True,True,True,,17.0,17.0,1791471008.1928377,1791471008.1920145,1791471008.1739168,1791471008.1739168,1791471008.1739168,0.0,1791471007.1819265,1791471008.1779215,1791471008.038739,1791471008.1779215,1791471008.042739,1791471008.1819298,1791471007.161919,1791471008.1779215,1791471007.1819265,1791471008.1819298,1791470991.1739168,GAZEBO_CLOCK_SYSTEM_INTERPOLATION,MAPPED_EXACT,0,17.0,1791471008.1739168,0.003119230270385742,0.0,RGB,0.0,0,1,0,UNCALIBRATED,PREPARATION,MID,STRAIGHT,1.0,345,1.0,8.06506061553955,0.5361639261245728,nan,nan,False,0.0,0.0,0.0,0.0,0,0,0,0,0,0.0,0.0,0.0,0.0,0.0,0.0,0.0,0.0,0.0,0.0,0.0,0.0,0.0,0.0,6.933328050459683,-1.7838778735495842,3.713750634249374,0.0,0.0,0.0,0.0,0.0,0.0,0.0,0.0,0.0,0.0,0.0,False,DISABLED,0,nan,nan,nan,nan,nan,nan,nan,nan,nan,nan,nan,nan,nan,nan,nan,nan,nan,nan,nan,nan,nan,nan,nan,nan,nan,nan,nan,nan,nan,nan,nan,nan,nan,nan,8.012142794237924,1.865487137989605,-0.0008177233108014881,0.025808617091588586,0.025808617091588586,0.025808617091588586,8.04453610219852,1.8847767646731068,0.019440736195895862,-0.032393307960596474,-0.01928962668350187,-0.02025845950669735,0.03770167235307885,0.04279978130555583,0.0189208984375,False,DISABLED,none,MODEL_ORIGIN_FRAME_NOT_ESTABLISHED,nan,nan,nan,nan,nan,nan,nan,nan,nan,nan,nan,nan,nan,NOT_EVALUATED,nan,nan,nan,nan,DISABLED,nan,nan,nan,nan,nan,nan
1791471008.225915,1791471008.2543356,1791471008.2573507,1791471008.257372,front_rgbd_red_sphere,True,True,True,,17.052,17.052,1791471008.2543356,1791471008.2537296,1791471008.225915,1791471008.225915,1791471008.225915,0.0,1791471007.2219107,1791471008.2419221,1791471008.1027389,1791471008.2419221,1791471008.1027389,1791471008.2419221,1791471007.2179103,1791471008.2419221,1791471007.2219107,1791471008.2419221,1791470991.173915,GAZEBO_CLOCK_SYSTEM_INTERPOLATION,MAPPED_EXACT,0,17.052,1791471008.225915,0.0006725788116455078,0.0,RGB,0.0,0,1,0,UNCALIBRATED,PREPARATION,MID,STRAIGHT,1.0,346,1.0,8.091010093688965,0.5418785810470581,nan,nan,False,0.0,0.0,0.0,0.0,0,0,0,0,0,0.0,0.0,0.0,0.0,0.0,0.0,0.0,0.0,0.0,0.0,0.0,0.0,0.0,0.0,6.931902558846474,-1.8788066773538332,3.7260238220297257,0.0,0.0,0.0,0.0,0.0,0.0,0.0,0.0,0.0,0.0,0.0,False,DISABLED,0,nan,nan,nan,nan,nan,nan,nan,nan,nan,nan,nan,nan,nan,nan,nan,nan,nan,nan,nan,nan,nan,nan,nan,nan,nan,nan,nan,nan,nan,nan,nan,nan,nan,nan,8.01519102927548,1.9605657315079388,-0.014229116527408714,0.025892059947590394,0.025892059947590394,0.025892059947590394,8.04950029940618,1.9868225962264756,0.0072603228268784,-0.0343092701307004,-0.026256864718536832,-0.021489439354287113,0.04320357579817803,0.04825292701495421,0.028420686721801758,False,DISABLED,none,MODEL_ORIGIN_FRAME_NOT_ESTABLISHED,nan,nan,nan,nan,nan,nan,nan,nan,nan,nan,nan,nan,nan,NOT_EVALUATED,nan,nan,nan,nan,DISABLED,nan,nan,nan,nan,nan,nan
1791471008.2739098,1791471008.2969444,1791471008.3010843,1791471008.3011081,front_rgbd_red_sphere,True,True,True,,17.1,17.1,1791471008.2969444,1791471008.29592,1791471008.2739098,1791471008.2739098,1791471008.2739098,0.0,1791471007.2819307,1791471008.2819347,1791471008.1427388,1791471008.2819347,1791471008.1427388,1791471008.2819347,1791471007.2819307,1791471008.2819347,1791471007.2819307,1791471008.2819347,1791470991.17391,GAZEBO_CLOCK_SYSTEM_INTERPOLATION,MAPPED_EXACT,0,17.1,1791471008.2739098,0.003450155258178711,0.0,RGB,0.0,0,1,0,UNCALIBRATED,PREPARATION,MID,STRAIGHT,1.0,346,1.0,8.119165420532227,0.5479243993759155,nan,nan,False,0.0,0.0,0.0,0.0,0,0,0,0,0,0.0,0.0,0.0,0.0,0.0,0.0,0.0,0.0,0.0,0.0,0.0,0.0,0.0,0.0,6.930580963045819,-1.9775040760352713,3.738632181794586,0.0,0.0,0.0,0.0,0.0,0.0,0.0,0.0,0.0,0.0,0.0,False,DISABLED,0,nan,nan,nan,nan,nan,nan,nan,nan,nan,nan,nan,nan,nan,nan,nan,nan,nan,nan,nan,nan,nan,nan,nan,nan,nan,nan,nan,nan,nan,nan,nan,nan,nan,nan,8.018540361280591,2.0598480414208464,-0.02768457629719856,0.02598274905208331,0.02598274905208331,0.02598274905208331,8.054471864492866,2.0838082536157883,-0.004068158433243768,-0.03593150321227512,-0.02396021219494182,-0.02361641786395479,0.043187552506716284,0.049222960945531295,0.02303457260131836,False,DISABLED,none,MODEL_ORIGIN_FRAME_NOT_ESTABLISHED,nan,nan,nan,nan,nan,nan,nan,nan,nan,nan,nan,nan,nan,NOT_EVALUATED,nan,nan,nan,nan,DISABLED,nan,nan,nan,nan,nan,nan
1791471008.325911,1791471008.3555524,1791471008.3588548,1791471008.3588758,front_rgbd_red_sphere,True,True,True,,17.152,17.152,1791471008.348542,1791471008.3555524,1791471008.325911,1791471008.325911,1791471008.325911,0.0,1791471007.3419225,1791471008.3379364,1791471008.1987388,1791471008.3379364,1791471008.202739,1791471008.3419278,1791471007.3379257,1791471008.3379364,1791471007.3419225,1791471008.3419278,1791470991.173911,GAZEBO_CLOCK_SYSTEM_INTERPOLATION,MAPPED_EXACT,0,17.152,1791471008.325911,0.001863241195678711,0.0,RGB,0.0,0,1,0,UNCALIBRATED,PREPARATION,MID,STRAIGHT,1.0,351,1.0,8.149396896362305,0.5541901588439941,nan,nan,False,0.0,0.0,0.0,0.0,0,0,0,0,0,0.0,0.0,0.0,0.0,0.0,0.0,0.0,0.0,0.0,0.0,0.0,0.0,0.0,0.0,6.9296516123791045,-2.0782231278404177,3.7514785241994284,0.0,0.0,0.0,0.0,0.0,0.0,0.0,0.0,0.0,0.0,0.0,False,DISABLED,0,nan,nan,nan,nan,nan,nan,nan,nan,nan,nan,nan,nan,nan,nan,nan,nan,nan,nan,nan,nan,nan,nan,nan,nan,nan,nan,nan,nan,nan,nan,nan,nan,nan,nan,8.02256488848675,2.1614093910480845,-0.04151326430120955,0.026080302840184495,0.026080302840184495,0.026080302840184495,8.060235505233518,2.1909758108724398,-0.01626694184624764,-0.03767061674676775,-0.02956641982435526,-0.02524632245496191,0.04788787474206688,0.05413525048258113,0.029641389846801758,False,DISABLED,none,MODEL_ORIGIN_FRAME_NOT_ESTABLISHED,nan,nan,nan,nan,nan,nan,nan,nan,nan,nan,nan,nan,nan,NOT_EVALUATED,nan,nan,nan,nan,DISABLED,nan,nan,nan,nan,nan,nan
1791471008.3739126,1791471008.3995347,1791471008.4028397,1791471008.4028609,front_rgbd_red_sphere,True,True,True,,17.2,17.2,1791471008.3995347,1791471008.3885083,1791471008.3739126,1791471008.3739126,1791471008.3739126,0.0,1791471007.3819275,1791471008.377927,1791471008.238739,1791471008.377927,1791471008.242739,1791471008.3819306,1791471007.3779218,1791471008.377927,1791471007.3819275,1791471008.3819306,1791470991.1739125,GAZEBO_CLOCK_SYSTEM_INTERPOLATION,MAPPED_EXACT,0,17.2,1791471008.3739126,0.0018494129180908203,0.0,RGB,0.0,0,1,0,UNCALIBRATED,PREPARATION,MID,STRAIGHT,1.0,353,1.0,8.181926727294922,0.560703456401825,nan,nan,False,0.0,0.0,0.0,0.0,0,0,0,0,0,0.0,0.0,0.0,0.0,0.0,0.0,0.0,0.0,0.0,0.0,0.0,0.0,0.0,0.0,6.929120151567943,-2.1817358457594747,3.7644718031808937,0.0,0.0,0.0,0.0,0.0,0.0,0.0,0.0,0.0,0.0,0.0,False,DISABLED,0,nan,nan,nan,nan,nan,nan,nan,nan,nan,nan,nan,nan,nan,nan,nan,nan,nan,nan,nan,nan,nan,nan,nan,nan,nan,nan,nan,nan,nan,nan,nan,nan,nan,nan,8.027224817659965,2.2656976336725614,-0.055127463659380205,0.02618547533228158,0.02618547533228158,0.02618547533228158,8.065984244985668,2.292650719436218,-0.02746270882174807,-0.03875942732570259,-0.026953085763656404,-0.027664754837632134,0.04720976634976536,0.05471837624624591,0.025622129440307617,False,DISABLED,none,MODEL_ORIGIN_FRAME_NOT_ESTABLISHED,nan,nan,nan,nan,nan,nan,nan,nan,nan,nan,nan,nan,nan,NOT_EVALUATED,nan,nan,nan,nan,DISABLED,nan,nan,nan,nan,nan,nan
1791471008.4259102,1791471008.455274,1791471008.4602675,1791471008.4602945,front_rgbd_red_sphere,True,True,True,,17.252,17.252,1791471008.455274,1791471008.4439719,1791471008.4259102,1791471008.4259102,1791471008.4259102,0.0,1791471007.441919,1791471008.4419196,1791471008.302739,1791471008.4419196,1791471008.302739,1791471008.4419196,1791471007.441919,1791471008.4419196,1791471007.441919,1791471008.4419196,1791470991.1739101,GAZEBO_CLOCK_SYSTEM_INTERPOLATION,MAPPED_EXACT,0,17.252,1791471008.4259102,0.00164031982421875,0.0,RGB,0.0,0,1,0,UNCALIBRATED,PREPARATION,MID,STRAIGHT,1.0,351,1.0,8.216577529907227,0.5674370527267456,nan,nan,False,0.0,0.0,0.0,0.0,0,0,0,0,0,0.0,0.0,0.0,0.0,0.0,0.0,0.0,0.0,0.0,0.0,0.0,0.0,0.0,0.0,6.928885776617237,-2.2875131859166036,3.7775613973026028,0.0,0.0,0.0,0.0,0.0,0.0,0.0,0.0,0.0,0.0,0.0,False,DISABLED,0,nan,nan,nan,nan,nan,nan,nan,nan,nan,nan,nan,nan,nan,nan,nan,nan,nan,nan,nan,nan,nan,nan,nan,nan,nan,nan,nan,nan,nan,nan,nan,nan,nan,nan,8.032353826372312,2.372686191589574,-0.06889721429854007,0.026297738379651492,0.026297738379651492,0.026297738379651492,8.072625685788239,2.4048434037568653,-0.039370614218869365,-0.04027185941592748,-0.032157212167291505,-0.0295266000796707,0.05153551159335112,0.059394688882535934,0.02936387062072754,False,DISABLED,none,MODEL_ORIGIN_FRAME_NOT_ESTABLISHED,nan,nan,nan,nan,nan,nan,nan,nan,nan,nan,nan,nan,nan,NOT_EVALUATED,nan,nan,nan,nan,DISABLED,nan,nan,nan,nan,nan,nan
1791471008.4739137,1791471008.5007672,1791471008.506188,1791471008.5062199,front_rgbd_red_sphere,True,True,True,,17.3,17.3,1791471008.5007672,1791471008.4893959,1791471008.4739137,1791471008.4739137,1791471008.4739137,0.0,1791471007.481924,1791471008.4819262,1791471008.3427389,1791471008.4819262,1791471008.3427389,1791471008.4819262,1791471007.481924,1791471008.4819262,1791471007.481924,1791471008.4819262,1791470991.1739137,GAZEBO_CLOCK_SYSTEM_INTERPOLATION,MAPPED_EXACT,0,17.3,1791471008.4739137,0.0031070709228515625,0.0,RGB,0.0,0,1,0,UNCALIBRATED,PREPARATION,MID,STRAIGHT,1.0,352,1.0,8.254006385803223,0.5744213461875916,nan,nan,False,0.0,0.0,0.0,0.0,0,0,0,0,0,0.0,0.0,0.0,0.0,0.0,0.0,0.0,0.0,0.0,0.0,0.0,0.0,0.0,0.0,6.929294713837426,-2.3964550343468805,3.7908435762802712,0.0,0.0,0.0,0.0,0.0,0.0,0.0,0.0,0.0,0.0,0.0,False,DISABLED,0,nan,nan,nan,nan,nan,nan,nan,nan,nan,nan,nan,nan,nan,nan,nan,nan,nan,nan,nan,nan,nan,nan,nan,nan,nan,nan,nan,nan,nan,nan,nan,nan,nan,nan,8.038274191739882,2.4827394858847955,-0.08243060208475778,0.02641927148578021,0.02641927148578021,0.02641927148578021,8.079248871323545,2.5115250700382403,-0.05019538604424055,-0.04097467958366252,-0.028785584153444788,-0.032235216040517226,0.05007528554126139,0.05955370160802501,0.026853561401367188,False,DISABLED,none,MODEL_ORIGIN_FRAME_NOT_ESTABLISHED,nan,nan,nan,nan,nan,nan,nan,nan,nan,nan,nan,nan,nan,NOT_EVALUATED,nan,nan,nan,nan,DISABLED,nan,nan,nan,nan,nan,nan
1791471008.5259159,1791471008.5551326,1791471008.5598645,1791471008.5598907,front_rgbd_red_sphere,True,True,True,,17.352,17.352,1791471008.5551326,1791471008.5446417,1791471008.5259159,1791471008.5259159,1791471008.5259159,0.0,1791471007.521914,1791471008.5379279,1791471008.3987389,1791471008.5379279,1791471008.4027388,1791471008.541919,1791471007.521914,1791471008.5379279,1791471007.521914,1791471008.541919,1791470991.1739159,GAZEBO_CLOCK_SYSTEM_INTERPOLATION,MAPPED_EXACT,0,17.352,1791471008.5259159,0.0015141963958740234,0.0,RGB,0.0,0,1,0,UNCALIBRATED,PREPARATION,MID,STRAIGHT,1.0,356,1.0,8.293198585510254,0.5815185308456421,nan,nan,False,0.0,0.0,0.0,0.0,0,0,0,0,0,0.0,0.0,0.0,0.0,0.0,0.0,0.0,0.0,0.0,0.0,0.0,0.0,0.0,0.0,6.9300410765341205,-2.5065024087059844,3.8038289284694318,0.0,0.0,0.0,0.0,0.0,0.0,0.0,0.0,0.0,0.0,0.0,False,DISABLED,0,nan,nan,nan,nan,nan,nan,nan,nan,nan,nan,nan,nan,nan,nan,nan,nan,nan,nan,nan,nan,nan,nan,nan,nan,nan,nan,nan,nan,nan,nan,nan,nan,nan,nan,8.044543614978844,2.594110385308438,-0.09544913608201339,0.02654683110813109,0.02654683110813109,0.02654683110813109,8.08687667303898,2.629080937385289,-0.06155496681456882,-0.04233305806013554,-0.03497055207685085,-0.03389416926744457,0.05490926440303625,0.06452783916739137,0.029216766357421875,False,DISABLED,none,MODEL_ORIGIN_FRAME_NOT_ESTABLISHED,nan,nan,nan,nan,nan,nan,nan,nan,nan,nan,nan,nan,nan,NOT_EVALUATED,nan,nan,nan,nan,DISABLED,nan,nan,nan,nan,nan,nan
1791471008.5739124,1791471008.5955708,1791471008.599158,1791471008.599179,front_rgbd_red_sphere,True,True,True,,17.4,17.4,1791471008.5859404,1791471008.5955708,1791471008.5739124,1791471008.5739124,1791471008.5739124,0.0,1791471007.5819275,1791471008.577926,1791471008.4387388,1791471008.577926,1791471008.442739,1791471008.5819306,1791471007.5619192,1791471008.577926,1791471007.5819275,1791471008.5819306,1791470991.1739123,GAZEBO_CLOCK_SYSTEM_INTERPOLATION,MAPPED_EXACT,0,17.4,1791471008.5739124,0.0018939971923828125,0.0,RGB,0.0,0,1,0,UNCALIBRATED,PREPARATION,MID,STRAIGHT,1.0,359,1.0,8.335433006286621,0.5888644456863403,nan,nan,False,0.0,0.0,0.0,0.0,0,0,0,0,0,0.0,0.0,0.0,0.0,0.0,0.0,0.0,0.0,0.0,0.0,0.0,0.0,0.0,0.0,6.93151234789121,-2.6199453976763567,3.8169980015671072,0.0,0.0,0.0,0.0,0.0,0.0,0.0,0.0,0.0,0.0,0.0,False,DISABLED,0,nan,nan,nan,nan,nan,nan,nan,nan,nan,nan,nan,nan,nan,nan,nan,nan,nan,nan,nan,nan,nan,nan,nan,nan,nan,nan,nan,nan,nan,nan,nan,nan,nan,nan,8.051651996589179,2.7085779375927,-0.10790162620384575,0.026684638650962593,0.026684638650962593,0.026684638650962593,8.094427465602557,2.740219825288048,-0.07168208708342678,-0.04277546901337814,-0.031641887695347926,-0.03621953912041896,0.05320667069305769,0.06436462398192849,0.02165842056274414,False,DISABLED,none,MODEL_ORIGIN_FRAME_NOT_ESTABLISHED,nan,nan,nan,nan,nan,nan,nan,nan,nan,nan,nan,nan,nan,NOT_EVALUATED,nan,nan,nan,nan,DISABLED,nan,nan,nan,nan,nan,nan
1791471008.6259177,1791471008.6439557,1791471008.6512299,1791471008.6512494,front_rgbd_red_sphere,True,True,True,,17.452,17.452,1791471008.6439557,1791471008.6430964,1791471008.6259177,1791471008.6259177,1791471008.6259177,0.0,1791471007.621911,1791471008.6419199,1791471008.502739,1791471008.6419199,1791471008.502739,1791471008.6419199,1791471007.617913,1791471008.6419199,1791471007.621911,1791471008.6419199,1791470991.1739178,GAZEBO_CLOCK_SYSTEM_INTERPOLATION,MAPPED_EXACT,0,17.452,1791471008.6259177,0.00186920166015625,0.0,RGB,0.0,0,1,0,UNCALIBRATED,PREPARATION,MID,STRAIGHT,1.0,356,1.0,8.380058288574219,0.5963760614395142,nan,nan,False,0.0,0.0,0.0,0.0,0,0,0,0,0,0.0,0.0,0.0,0.0,0.0,0.0,0.0,0.0,0.0,0.0,0.0,0.0,0.0,0.0,6.933462316010139,-2.7356663125918983,3.8299610096560066,0.0,0.0,0.0,0.0,0.0,0.0,0.0,0.0,0.0,0.0,0.0,False,DISABLED,0,nan,nan,nan,nan,nan,nan,nan,nan,nan,nan,nan,nan,nan,nan,nan,nan,nan,nan,nan,nan,nan,nan,nan,nan,nan,nan,nan,nan,nan,nan,nan,nan,nan,nan,8.059296067572184,2.825581065039277,-0.12000741589057667,0.026830629835057716,0.026830629835057716,0.026830629835057716,8.103110738026928,2.8627492578790625,-0.08217658608291939,-0.04381467045474352,-0.03716819283978534,-0.037830829807657285,0.057456069357668775,0.06879223495402062,0.018038034439086914,False,DISABLED,none,MODEL_ORIGIN_FRAME_NOT_ESTABLISHED,nan,nan,nan,nan,nan,nan,nan,nan,nan,nan,nan,nan,nan,NOT_EVALUATED,nan,nan,nan,nan,DISABLED,nan,nan,nan,nan,nan,nan
1791471008.6739144,1791471008.6909869,1791471008.6945732,1791471008.6946115,front_rgbd_red_sphere,True,True,True,,17.5,17.5,1791471008.6909869,1791471008.6903362,1791471008.6739144,1791471008.6739144,1791471008.6739144,0.0,1791471007.6819334,1791471008.6819375,1791471008.542739,1791471008.6819375,1791471008.542739,1791471008.6819375,1791471007.6819334,1791471008.6819375,1791471007.6819334,1791471008.6819375,1791470991.1739144,GAZEBO_CLOCK_SYSTEM_INTERPOLATION,MAPPED_EXACT,0,17.5,1791471008.6739144,0.0012793540954589844,0.0,RGB,0.0,0,1,0,UNCALIBRATED,PREPARATION,MID,STRAIGHT,1.0,360,1.0,8.427645683288574,0.6040701866149902,nan,nan,False,0.0,0.0,0.0,0.0,0,0,0,0,0,0.0,0.0,0.0,0.0,0.0,0.0,0.0,0.0,0.0,0.0,0.0,0.0,0.0,0.0,6.936210084738764,-2.854186772405313,3.8428921090365677,0.0,0.0,0.0,0.0,0.0,0.0,0.0,0.0,0.0,0.0,0.0,False,DISABLED,0,nan,nan,nan,nan,nan,nan,nan,nan,nan,nan,nan,nan,nan,nan,nan,nan,nan,nan,nan,nan,nan,nan,nan,nan,nan,nan,nan,nan,nan,nan,nan,nan,nan,nan,8.067655899279718,2.94518446489208,-0.13135451332019604,0.026986754361191433,0.026986754361191433,0.026986754361191433,8.111708514313262,2.9788291718555886,-0.09140680863496106,-0.04405261503354474,-0.03364470696350841,-0.03994770468523498,0.055431031002084415,0.06832582460221602,0.017072439193725586,False,DISABLED,none,MODEL_ORIGIN_FRAME_NOT_ESTABLISHED,nan,nan,nan,nan,nan,nan,nan,nan,nan,nan,nan,nan,nan,NOT_EVALUATED,nan,nan,nan,nan,DISABLED,nan,nan,nan,nan,nan,nan
1791471008.725915,1791471008.743834,1791471008.7546666,1791471008.754689,front_rgbd_red_sphere,True,True,True,,17.552,17.552,1791471008.743834,1791471008.7429621,1791471008.725915,1791471008.725915,1791471008.725915,0.0,1791471007.7419164,1791471008.7379322,1791471008.598739,1791471008.7379322,1791471008.6027389,1791471008.7419207,1791471007.737924,1791471008.7379322,1791471007.7419164,1791471008.7419207,1791470991.173915,GAZEBO_CLOCK_SYSTEM_INTERPOLATION,MAPPED_EXACT,0,17.552,1791471008.725915,0.002584218978881836,0.0,RGB,0.0,0,1,0,UNCALIBRATED,PREPARATION,MID,STRAIGHT,1.0,364,1.0,8.477887153625488,0.6118918061256409,nan,nan,False,0.0,0.0,0.0,0.0,0,0,0,0,0,0.0,0.0,0.0,0.0,0.0,0.0,0.0,0.0,0.0,0.0,0.0,0.0,0.0,0.0,6.939683460412915,-2.9748917648845405,3.855566197296404,0.0,0.0,0.0,0.0,0.0,0.0,0.0,0.0,0.0,0.0,0.0,False,DISABLED,0,nan,nan,nan,nan,nan,nan,nan,nan,nan,nan,nan,nan,nan,nan,nan,nan,nan,nan,nan,nan,nan,nan,nan,nan,nan,nan,nan,nan,nan,nan,nan,nan,nan,nan,8.076752688535086,3.0670261983480778,-0.14178050873004694,0.027152077992734395,0.027152077992734395,0.027152077992734395,8.121572085678073,3.106701682056978,-0.10081091785195885,-0.04481939714298733,-0.039675483708900394,-0.04096959087808809,0.05985751722044643,0.07253571357968404,0.017919063568115234,False,DISABLED,none,MODEL_ORIGIN_FRAME_NOT_ESTABLISHED,nan,nan,nan,nan,nan,nan,nan,nan,nan,nan,nan,nan,nan,NOT_EVALUATED,nan,nan,nan,nan,DISABLED,nan,nan,nan,nan,nan,nan
1791471008.7739124,1791471008.796142,1791471008.8016462,1791471008.8016715,front_rgbd_red_sphere,True,True,True,,17.6,17.6,1791471008.7869773,1791471008.796142,1791471008.7739124,1791471008.7739124,1791471008.7739124,0.0,1791471007.7819283,1791471008.7779229,1791471008.6387389,1791471008.7779229,1791471008.6427388,1791471008.781933,1791471007.7619207,1791471008.7779229,1791471007.7819283,1791471008.781933,1791470991.1739125,GAZEBO_CLOCK_SYSTEM_INTERPOLATION,MAPPED_EXACT,0,17.6,1791471008.7739124,0.0025572776794433594,0.0,RGB,0.0,0,1,0,UNCALIBRATED,PREPARATION,MID,STRAIGHT,1.0,362,1.0,8.530649185180664,0.6198309659957886,nan,nan,False,0.0,0.0,0.0,0.0,0,0,0,0,0,0.0,0.0,0.0,0.0,0.0,0.0,0.0,0.0,0.0,0.0,0.0,0.0,0.0,0.0,6.9437492558187195,-3.0976927210624847,3.867896314357229,0.0,0.0,0.0,0.0,0.0,0.0,0.0,0.0,0.0,0.0,0.0,False,DISABLED,0,nan,nan,nan,nan,nan,nan,nan,nan,nan,nan,nan,nan,nan,nan,nan,nan,nan,nan,nan,nan,nan,nan,nan,nan,nan,nan,nan,nan,nan,nan,nan,nan,nan,nan,8.086037446587744,3.1909315802931584,-0.15149623213532165,0.02732623630644675,0.02732623630644675,0.02732623630644675,8.1312837601916,3.2273379223247174,-0.1088853107387385,-0.045246313603856336,-0.036406342031559014,-0.04261092139658315,0.05807452655732439,0.07203014130989306,0.022229671478271484,False,DISABLED,none,MODEL_ORIGIN_FRAME_NOT_ESTABLISHED,nan,nan,nan,nan,nan,nan,nan,nan,nan,nan,nan,nan,nan,NOT_EVALUATED,nan,nan,nan,nan,DISABLED,nan,nan,nan,nan,nan,nan
1791471008.82591,1791471008.8567421,1791471008.8635075,1791471008.8635929,front_rgbd_red_sphere,True,True,True,,17.652,17.652,1791471008.8567421,1791471008.855563,1791471008.82591,1791471008.82591,1791471008.82591,0.0,1791471007.8219123,1791471008.8419192,1791471008.702739,1791471008.8419192,1791471008.702739,1791471008.8419192,1791471007.8179102,1791471008.8419192,1791471007.8219123,1791471008.8419192,1791470991.1739101,GAZEBO_CLOCK_SYSTEM_INTERPOLATION,MAPPED_EXACT,0,17.652,1791471008.82591,0.0032372474670410156,0.0,RGB,0.0,0,1,0,UNCALIBRATED,PREPARATION,MID,STRAIGHT,1.0,367,1.0,8.58664608001709,0.6279095411300659,nan,nan,False,0.0,0.0,0.0,0.0,0,0,0,0,0,0.0,0.0,0.0,0.0,0.0,0.0,0.0,0.0,0.0,0.0,0.0,0.0,0.0,0.0,6.948806133953858,-3.223240825103641,3.880116306787268,0.0,0.0,0.0,0.0,0.0,0.0,0.0,0.0,0.0,0.0,0.0,False,DISABLED,0,nan,nan,nan,nan,nan,nan,nan,nan,nan,nan,nan,nan,nan,nan,nan,nan,nan,nan,nan,nan,nan,nan,nan,nan,nan,nan,nan,nan,nan,nan,nan,nan,nan,nan,8.096273953941305,3.3175653048421463,-0.16044192784759564,0.02751168277097377,0.02751168277097377,0.02751168277097377,8.142421571408198,3.3603587776130914,-0.11694579288251075,-0.04614761746689311,-0.04279347277094514,-0.04349613496508489,0.06293555362168765,0.07650357943631919,0.03083205223083496,False,DISABLED,none,MODEL_ORIGIN_FRAME_NOT_ESTABLISHED,nan,nan,nan,nan,nan,nan,nan,nan,nan,nan,nan,nan,nan,NOT_EVALUATED,nan,nan,nan,nan,DISABLED,nan,nan,nan,nan,nan,nan
1791471008.8739138,1791471008.8959882,1791471008.901631,1791471008.9016683,front_rgbd_red_sphere,True,True,True,,17.7,17.7,1791471008.8959882,1791471008.8950365,1791471008.8739138,1791471008.8739138,1791471008.8739138,0.0,1791471007.8619194,1791471008.881925,1791471008.742739,1791471008.881925,1791471008.742739,1791471008.881925,1791471007.8579223,1791471008.881925,1791471007.8619194,1791471008.881925,1791470991.1739137,GAZEBO_CLOCK_SYSTEM_INTERPOLATION,MAPPED_EXACT,0,17.7,1791471008.8739138,0.0024251937866210938,0.0,RGB,0.0,0,1,0,UNCALIBRATED,PREPARATION,MID,STRAIGHT,1.0,368,1.0,8.646077156066895,0.6361498832702637,nan,nan,False,0.0,0.0,0.0,0.0,0,0,0,0,0,0.0,0.0,0.0,0.0,0.0,0.0,0.0,0.0,0.0,0.0,0.0,0.0,0.0,0.0,6.954810161335767,-3.352189734191736,3.892054866532418,0.0,0.0,0.0,0.0,0.0,0.0,0.0,0.0,0.0,0.0,0.0,False,DISABLED,0,nan,nan,nan,nan,nan,nan,nan,nan,nan,nan,nan,nan,nan,nan,nan,nan,nan,nan,nan,nan,nan,nan,nan,nan,nan,nan,nan,nan,nan,nan,nan,nan,nan,nan,8.106990471590283,3.4476204434453317,-0.1683995896394181,0.02770918871687143,0.02770918871687143,0.02770918871687143,8.153342136532336,3.4855423137061345,-0.1236731645669145,-0.046351664942053006,-0.03792187026080285,-0.04472642507250359,0.05988777076313251,0.0747462252340798,0.022074460983276367,False,DISABLED,none,MODEL_ORIGIN_FRAME_NOT_ESTABLISHED,nan,nan,nan,nan,nan,nan,nan,nan,nan,nan,nan,nan,nan,NOT_EVALUATED,nan,nan,nan,nan,DISABLED,nan,nan,nan,nan,nan,nan
1791471008.9259133,1791471008.9505157,1791471008.9538953,1791471008.9539142,front_rgbd_red_sphere,True,True,True,,17.752,17.752,1791471008.9505157,1791471008.9395912,1791471008.9259133,1791471008.9259133,1791471008.9259133,0.0,1791471007.9379191,1791471008.9379246,1791471008.798739,1791471008.9379246,1791471008.802739,1791471008.9419253,1791471007.9379191,1791471008.9379246,1791471007.9219122,1791471008.9419253,1791470991.1739132,GAZEBO_CLOCK_SYSTEM_INTERPOLATION,MAPPED_EXACT,0,17.752,1791471008.9259133,0.0009007453918457031,0.0,RGB,0.0,0,1,0,UNCALIBRATED,PREPARATION,MID,STRAIGHT,1.0,367,1.0,8.70771312713623,0.6444008946418762,nan,nan,False,0.0,0.0,0.0,0.0,0,0,0,0,0,0.0,0.0,0.0,0.0,0.0,0.0,0.0,0.0,0.0,0.0,0.0,0.0,0.0,0.0,6.961466275243164,-3.4820757875884536,3.9035107242344047,0.0,0.0,0.0,0.0,0.0,0.0,0.0,0.0,0.0,0.0,0.0,False,DISABLED,0,nan,nan,nan,nan,nan,nan,nan,nan,nan,nan,nan,nan,nan,nan,nan,nan,nan,nan,nan,nan,nan,nan,nan,nan,nan,nan,nan,nan,nan,nan,nan,nan,nan,nan,8.118158619326664,3.578593875293821,-0.17545974994289432,0.027914766366637332,0.027914766366637332,0.027914766366637332,8.165866311130577,3.6237700324007216,-0.13020153708713464,-0.047707691803912766,-0.04517615710690048,-0.04525821285575968,0.06570318887393883,0.07978229665221308,0.024602413177490234,False,DISABLED,none,MODEL_ORIGIN_FRAME_NOT_ESTABLISHED,nan,nan,nan,nan,nan,nan,nan,nan,nan,nan,nan,nan,nan,NOT_EVALUATED,nan,nan,nan,nan,DISABLED,nan,nan,nan,nan,nan,nan
1791471008.9739144,1791471008.9995959,1791471009.0027754,1791471009.0027952,front_rgbd_red_sphere,True,True,True,,17.8,17.8,1791471008.9995959,1791471008.9979396,1791471008.9739144,1791471008.9739144,1791471008.9739144,0.0,1791471007.961917,1791471008.977921,1791471008.838739,1791471008.977921,1791471008.8427389,1791471008.9819334,1791471007.961917,1791471008.977921,1791471007.961917,1791471008.9819334,1791470991.1739144,GAZEBO_CLOCK_SYSTEM_INTERPOLATION,MAPPED_EXACT,0,17.8,1791471008.9739144,0.0018463134765625,0.0,RGB,0.0,0,1,0,UNCALIBRATED,PREPARATION,MID,STRAIGHT,1.0,368,1.0,8.772830963134766,0.6527445316314697,nan,nan,False,0.0,0.0,0.0,0.0,0,0,0,0,0,0.0,0.0,0.0,0.0,0.0,0.0,0.0,0.0,0.0,0.0,0.0,0.0,0.0,0.0,6.969311031727512,-3.614747467920395,3.9146990059295588,0.0,0.0,0.0,0.0,0.0,0.0,0.0,0.0,0.0,0.0,0.0,False,DISABLED,0,nan,nan,nan,nan,nan,nan,nan,nan,nan,nan,nan,nan,nan,nan,nan,nan,nan,nan,nan,nan,nan,nan,nan,nan,nan,nan,nan,nan,nan,nan,nan,nan,nan,nan,8.13014193874526,3.712233199602047,-0.1815311386565131,0.02813278598812451,0.02813278598812451,0.02813278598812451,8.17810974805022,3.7535952880840036,-0.13541976014927048,-0.047967809304960696,-0.04136208848195677,-0.04611137850724262,0.0633382435271637,0.07834534013548279,0.025681495666503906,False,DISABLED,none,MODEL_ORIGIN_FRAME_NOT_ESTABLISHED,nan,nan,nan,nan,nan,nan,nan,nan,nan,nan,nan,nan,nan,NOT_EVALUATED,nan,nan,nan,nan,DISABLED,nan,nan,nan,nan,nan,nan
1791471009.0259194,1791471009.0440032,1791471009.0521817,1791471009.052203,front_rgbd_red_sphere,True,True,True,,17.852,17.852,1791471009.0440032,1791471009.0430942,1791471009.0259194,1791471009.0259194,1791471009.0259194,0.0,1791471008.0219135,1791471009.0419211,1791471008.9027388,1791471009.0419211,1791471008.9027388,1791471009.0419211,1791471008.0179224,1791471009.0419211,1791471008.0219135,1791471009.0419211,1791470991.1739194,GAZEBO_CLOCK_SYSTEM_INTERPOLATION,MAPPED_EXACT,0,17.852,1791471009.0259194,0.0020563602447509766,0.0,RGB,0.0,0,1,0,UNCALIBRATED,PREPARATION,MID,STRAIGHT,1.0,370,1.0,8.841343879699707,0.6611948013305664,nan,nan,False,0.0,0.0,0.0,0.0,0,0,0,0,0,0.0,0.0,0.0,0.0,0.0,0.0,0.0,0.0,0.0,0.0,0.0,0.0,0.0,0.0,6.978111547701992,-3.7503833958412143,3.925550985596121,0.0,0.0,0.0,0.0,0.0,0.0,0.0,0.0,0.0,0.0,0.0,False,DISABLED,0,nan,nan,nan,nan,nan,nan,nan,nan,nan,nan,nan,nan,nan,nan,nan,nan,nan,nan,nan,nan,nan,nan,nan,nan,nan,nan,nan,nan,nan,nan,nan,nan,nan,nan,8.142994876831091,3.848921145066375,-0.18694291719078765,0.028363087382592262,0.028363087382592262,0.028363087382592262,8.19212039275095,3.896814537530978,-0.14024045345932942,-0.04912551591985803,-0.04789339246460278,-0.04670246373145823,0.06860826011611645,0.08299526176083105,0.018083810806274414,False,DISABLED,none,MODEL_ORIGIN_FRAME_NOT_ESTABLISHED,nan,nan,nan,nan,nan,nan,nan,nan,nan,nan,nan,nan,nan,NOT_EVALUATED,nan,nan,nan,nan,DISABLED,nan,nan,nan,nan,nan,nan
1791471009.073911,1791471009.0966861,1791471009.102236,1791471009.102261,front_rgbd_red_sphere,True,True,True,,17.9,17.9,1791471009.0875323,1791471009.0966861,1791471009.073911,1791471009.073911,1791471009.073911,0.0,1791471008.0619154,1791471009.0819347,1791471008.942739,1791471009.0819347,1791471008.942739,1791471009.0819347,1791471008.0579178,1791471009.0819347,1791471008.0619154,1791471009.0819347,1791470991.1739109,GAZEBO_CLOCK_SYSTEM_INTERPOLATION,MAPPED_EXACT,0,17.9,1791471009.073911,0.003213167190551758,0.0,RGB,0.0,0,1,0,UNCALIBRATED,PREPARATION,MID,STRAIGHT,1.0,373,1.0,8.913131713867188,0.6697050929069519,nan,nan,False,0.0,0.0,0.0,0.0,0,0,0,0,0,0.0,0.0,0.0,0.0,0.0,0.0,0.0,0.0,0.0,0.0,0.0,0.0,0.0,0.0,6.9879382282611004,-3.8885374056719773,3.9359778267695043,0.0,0.0,0.0,0.0,0.0,0.0,0.0,0.0,0.0,0.0,0.0,False,DISABLED,0,nan,nan,nan,nan,nan,nan,nan,nan,nan,nan,nan,nan,nan,nan,nan,nan,nan,nan,nan,nan,nan,nan,nan,nan,nan,nan,nan,nan,nan,nan,nan,nan,nan,nan,8.156255577967837,3.988361956198619,-0.19135844943362607,0.02860540401988214,0.02860540401988214,0.02860540401988214,8.205814905353161,4.031492526207503,-0.14383482837376066,-0.049559327385324536,-0.043130570008884206,-0.047523621059865406,0.06569910958435464,0.08108555702971229,0.02277517318725586,False,DISABLED,none,MODEL_ORIGIN_FRAME_NOT_ESTABLISHED,nan,nan,nan,nan,nan,nan,nan,nan,nan,nan,nan,nan,nan,NOT_EVALUATED,nan,nan,nan,nan,DISABLED,nan,nan,nan,nan,nan,nan
1791471009.1259127,1791471009.146403,1791471009.154821,1791471009.1548438,front_rgbd_red_sphere,True,True,True,,17.952,17.952,1791471009.146403,1791471009.1450646,1791471009.1259127,1791471009.1259127,1791471009.1259127,0.0,1791471008.137928,1791471009.1379344,1791471008.998739,1791471009.1379344,1791471009.002739,1791471009.141925,1791471008.137928,1791471009.1379344,1791471008.1219108,1791471009.141925,1791470991.1739128,GAZEBO_CLOCK_SYSTEM_INTERPOLATION,MAPPED_EXACT,0,17.952,1791471009.1259127,0.0027201175689697266,0.0,RGB,0.0,0,1,0,UNCALIBRATED,PREPARATION,MID,STRAIGHT,1.0,375,1.0,8.987796783447266,0.6782227754592896,nan,nan,False,0.0,0.0,0.0,0.0,0,0,0,0,0,0.0,0.0,0.0,0.0,0.0,0.0,0.0,0.0,0.0,0.0,0.0,0.0,0.0,0.0,6.9986981187312685,-4.028433886534035,3.9459385846938915,0.0,0.0,0.0,0.0,0.0,0.0,0.0,0.0,0.0,0.0,0.0,False,DISABLED,0,nan,nan,nan,nan,nan,nan,nan,nan,nan,nan,nan,nan,nan,nan,nan,nan,nan,nan,nan,nan,nan,nan,nan,nan,nan,nan,nan,nan,nan,nan,nan,nan,nan,nan,8.170065246580851,4.129802231523971,-0.19491694421257316,0.028858523053793952,0.028858523053793952,0.028858523053793952,8.221341216500385,4.178813009998857,-0.14681241406256118,-0.05127596991953354,-0.04901077847488544,-0.04810453015001198,0.07093152682625126,0.08570488503496528,0.020490407943725586,False,DISABLED,none,MODEL_ORIGIN_FRAME_NOT_ESTABLISHED,nan,nan,nan,nan,nan,nan,nan,nan,nan,nan,nan,nan,nan,NOT_EVALUATED,nan,nan,nan,nan,DISABLED,nan,nan,nan,nan,nan,nan
1791471009.1739135,1791471009.1960788,1791471009.1995718,1791471009.199596,front_rgbd_red_sphere,True,True,True,,18.0,18.0,1791471009.1960788,1791471009.1951845,1791471009.1739135,1791471009.1739135,1791471009.1739135,0.0,1791471008.1819298,1791471009.177923,1791471009.038739,1791471009.177923,1791471009.042739,1791471009.1819315,1791471008.1779215,1791471009.177923,1791471008.1819298,1791471009.1819315,1791470991.1739135,GAZEBO_CLOCK_SYSTEM_INTERPOLATION,MAPPED_EXACT,0,18.0,1791471009.1739135,0.0023899078369140625,0.0,RGB,0.0,0,1,0,UNCALIBRATED,PREPARATION,MID,STRAIGHT,1.0,374,1.0,9.066981315612793,0.6868719458580017,nan,nan,False,0.0,0.0,0.0,0.0,0,0,0,0,0,0.0,0.0,0.0,0.0,0.0,0.0,0.0,0.0,0.0,0.0,0.0,0.0,0.0,0.0,7.010892209862305,-4.1725659310861545,3.9556581921462035,0.0,0.0,0.0,0.0,0.0,0.0,0.0,0.0,0.0,0.0,0.0,False,DISABLED,0,nan,nan,nan,nan,nan,nan,nan,nan,nan,nan,nan,nan,nan,nan,nan,nan,nan,nan,nan,nan,nan,nan,nan,nan,nan,nan,nan,nan,nan,nan,nan,nan,nan,nan,8.18474011411526,4.275593803258739,-0.19749173731017317,0.02912818466778857,0.02912818466778857,0.02912818466778857,8.236666147850288,4.3189241105135645,-0.1487040914492175,-0.05192603373502891,-0.04333030725482523,-0.04878764586095566,0.06763008580690194,0.08339102406676,0.022165298461914062,False,DISABLED,none,MODEL_ORIGIN_FRAME_NOT_ESTABLISHED,nan,nan,nan,nan,nan,nan,nan,nan,nan,nan,nan,nan,nan,NOT_EVALUATED,nan,nan,nan,nan,DISABLED,nan,nan,nan,nan,nan,nan
1791471009.225918,1791471009.2514632,1791471009.2565403,1791471009.2565682,front_rgbd_red_sphere,True,True,True,,18.052,18.052,1791471009.2514632,1791471009.2492414,1791471009.225918,1791471009.225918,1791471009.225918,0.0,1791471008.2419221,1791471009.2419245,1791471009.1027389,1791471009.2419245,1791471009.1027389,1791471009.2419245,1791471008.2419221,1791471009.2419245,1791471008.2419221,1791471009.2419245,1791470991.173918,GAZEBO_CLOCK_SYSTEM_INTERPOLATION,MAPPED_EXACT,0,18.052,1791471009.225918,0.0022706985473632812,0.0,RGB,0.0,0,1,0,UNCALIBRATED,PREPARATION,MID,STRAIGHT,1.0,378,1.0,9.147957801818848,0.6953898668289185,nan,nan,False,0.0,0.0,0.0,0.0,0,0,0,0,0,0.0,0.0,0.0,0.0,0.0,0.0,0.0,0.0,0.0,0.0,0.0,0.0,0.0,0.0,7.023838235102429,-4.316453372292691,3.9647265921055332,0.0,0.0,0.0,0.0,0.0,0.0,0.0,0.0,0.0,0.0,0.0,False,DISABLED,0,nan,nan,nan,nan,nan,nan,nan,nan,nan,nan,nan,nan,nan,nan,nan,nan,nan,nan,nan,nan,nan,nan,nan,nan,nan,nan,nan,nan,nan,nan,nan,nan,nan,nan,8.199780018225798,4.421452689416038,-0.19905338515624055,0.02940524535382159,0.02940524535382159,0.02940524535382159,8.254023691640406,4.472154615584544,-0.14981000480186862,-0.05424367341460723,-0.05070192616850555,-0.049243380354371924,0.07424999274550237,0.0890952969097275,0.025545120239257812,False,DISABLED,none,MODEL_ORIGIN_FRAME_NOT_ESTABLISHED,nan,nan,nan,nan,nan,nan,nan,nan,nan,nan,nan,nan,nan,NOT_EVALUATED,nan,nan,nan,nan,DISABLED,nan,nan,nan,nan,nan,nan
1791471009.273911,1791471009.2960708,1791471009.2999904,1791471009.3000112,front_rgbd_red_sphere,True,True,True,,18.1,18.1,1791471009.2883968,1791471009.2960708,1791471009.273911,1791471009.273911,1791471009.273911,0.0,1791471008.261917,1791471009.2819302,1791471009.1427388,1791471009.2819302,1791471009.1427388,1791471009.2819302,1791471008.2579255,1791471009.2819302,1791471008.261917,1791471009.2819302,1791470991.173911,GAZEBO_CLOCK_SYSTEM_INTERPOLATION,MAPPED_EXACT,0,18.1,1791471009.273911,0.0024216175079345703,0.0,RGB,0.0,0,1,0,UNCALIBRATED,PREPARATION,MID,STRAIGHT,1.0,378,1.0,9.233203887939453,0.7039908170700073,nan,nan,False,0.0,0.0,0.0,0.0,0,0,0,0,0,0.0,0.0,0.0,0.0,0.0,0.0,0.0,0.0,0.0,0.0,0.0,0.0,0.0,0.0,7.038149393408773,-4.464069733095087,3.973485192639866,0.0,0.0,0.0,0.0,0.0,0.0,0.0,0.0,0.0,0.0,0.0,False,DISABLED,0,nan,nan,nan,nan,nan,nan,nan,nan,nan,nan,nan,nan,nan,nan,nan,nan,nan,nan,nan,nan,nan,nan,nan,nan,nan,nan,nan,nan,nan,nan,nan,nan,nan,nan,8.215546239515517,4.5710632976038275,-0.1998647076827969,0.029698330878825962,0.029698330878825962,0.029698330878825962,8.27094398354855,4.616152214263029,-0.149914531843732,-0.05539774403303355,-0.04508891665920167,-0.049950175839064914,0.07142772885546578,0.08716042975917135,0.022159814834594727,False,DISABLED,none,MODEL_ORIGIN_FRAME_NOT_ESTABLISHED,nan,nan,nan,nan,nan,nan,nan,nan,nan,nan,nan,nan,nan,NOT_EVALUATED,nan,nan,nan,nan,DISABLED,nan,nan,nan,nan,nan,nan
1791471009.3259158,1791471009.3523684,1791471009.3576667,1791471009.3576882,front_rgbd_red_sphere,True,True,True,,18.152,18.152,1791471009.3523684,1791471009.3470457,1791471009.3259158,1791471009.3259158,1791471009.3259158,0.0,1791471008.3419278,1791471009.3379335,1791471009.1987388,1791471009.3379335,1791471009.202739,1791471009.3419394,1791471008.3219104,1791471009.3379335,1791471008.3419278,1791471009.3419394,1791470991.1739159,GAZEBO_CLOCK_SYSTEM_INTERPOLATION,MAPPED_EXACT,0,18.152,1791471009.3259158,0.0031354427337646484,0.0,RGB,0.0,0,1,0,UNCALIBRATED,PREPARATION,MID,STRAIGHT,1.0,382,1.0,9.322042465209961,0.7125824689865112,nan,nan,False,0.0,0.0,0.0,0.0,0,0,0,0,0,0.0,0.0,0.0,0.0,0.0,0.0,0.0,0.0,0.0,0.0,0.0,0.0,0.0,0.0,7.053765649289227,-4.614040375315755,3.9818959226273307,0.0,0.0,0.0,0.0,0.0,0.0,0.0,0.0,0.0,0.0,0.0,False,DISABLED,0,nan,nan,nan,nan,nan,nan,nan,nan,nan,nan,nan,nan,nan,nan,nan,nan,nan,nan,nan,nan,nan,nan,nan,nan,nan,nan,nan,nan,nan,nan,nan,nan,nan,nan,8.232062794162319,4.723465839685992,-0.1997124220180218,0.03000531511446809,0.03000531511446809,0.03000531511446809,8.290062292027875,4.773432093203854,-0.14910298811815595,-0.05799949786555558,-0.049966253517862214,-0.05060943389986586,0.07655434829758441,0.09177081803565203,0.02645254135131836,False,DISABLED,none,MODEL_ORIGIN_FRAME_NOT_ESTABLISHED,nan,nan,nan,nan,nan,nan,nan,nan,nan,nan,nan,nan,nan,NOT_EVALUATED,nan,nan,nan,nan,DISABLED,nan,nan,nan,nan,nan,nan
1791471009.3739135,1791471009.3886318,1791471009.3920832,1791471009.3921025,front_rgbd_red_sphere,True,True,True,,18.2,18.2,1791471009.3886318,1791471009.3862882,1791471009.3739135,1791471009.3739135,1791471009.3739135,0.0,1791471008.3819306,1791471009.3779275,1791471009.238739,1791471009.3779275,1791471009.242739,1791471009.3819308,1791471008.377927,1791471009.3779275,1791471008.3819306,1791471009.3819308,1791470991.1739135,GAZEBO_CLOCK_SYSTEM_INTERPOLATION,MAPPED_EXACT,0,18.2,1791471009.3739135,0.002965211868286133,0.0,RGB,0.0,0,1,0,UNCALIBRATED,PREPARATION,MID,STRAIGHT,1.0,380,1.0,9.41499137878418,0.721222996711731,nan,nan,False,0.0,0.0,0.0,0.0,0,0,0,0,0,0.0,0.0,0.0,0.0,0.0,0.0,0.0,0.0,0.0,0.0,0.0,0.0,0.0,0.0,7.070646872909667,-4.767427502397275,3.9899440113363527,0.0,0.0,0.0,0.0,0.0,0.0,0.0,0.0,0.0,0.0,0.0,False,DISABLED,0,nan,nan,nan,nan,nan,nan,nan,nan,nan,nan,nan,nan,nan,nan,nan,nan,nan,nan,nan,nan,nan,nan,nan,nan,nan,nan,nan,nan,nan,nan,nan,nan,nan,nan,8.249098593394647,4.879206101196438,-0.19881926707588865,0.030328192979691443,0.030328192979691443,0.030328192979691443,8.308897839111333,4.923004826322501,-0.14743452071576374,-0.059799245716686045,-0.043798725126062976,-0.05138474636012491,0.07412339786432497,0.09019240693898453,0.014718294143676758,False,DISABLED,none,MODEL_ORIGIN_FRAME_NOT_ESTABLISHED,nan,nan,nan,nan,nan,nan,nan,nan,nan,nan,nan,nan,nan,NOT_EVALUATED,nan,nan,nan,nan,DISABLED,nan,nan,nan,nan,nan,nan
1791471009.4259574,1791471009.4545927,1791471009.4581382,1791471009.4581666,front_rgbd_red_sphere,True,True,True,,18.252,18.252,1791471009.4545927,1791471009.4535809,1791471009.4259574,1791471009.4259574,1791471009.4259574,0.0,1791471008.4419196,1791471009.4419427,1791471009.302739,1791471009.4419427,1791471009.302739,1791471009.4419427,1791471008.4419196,1791471009.4419427,1791471008.4419196,1791471009.4419427,1791470991.1739573,GAZEBO_CLOCK_SYSTEM_INTERPOLATION,MAPPED_EXACT,0,18.252,1791471009.4259574,0.004984855651855469,0.0,RGB,0.0,0,1,0,UNCALIBRATED,PREPARATION,MID,STRAIGHT,1.0,381,1.0,9.510418891906738,0.7297267317771912,nan,nan,False,0.0,0.0,0.0,0.0,0,0,0,0,0,0.0,0.0,0.0,0.0,0.0,0.0,0.0,0.0,0.0,0.0,0.0,0.0,0.0,0.0,7.088653436608157,-4.921201761498405,3.9976031090752286,0.0,0.0,0.0,0.0,0.0,0.0,0.0,0.0,0.0,0.0,0.0,False,DISABLED,0,nan,nan,nan,nan,nan,nan,nan,nan,nan,nan,nan,nan,nan,nan,nan,nan,nan,nan,nan,nan,nan,nan,nan,nan,nan,nan,nan,nan,nan,nan,nan,nan,nan,nan,8.266980143650546,5.035098635805282,-0.19727721417925842,0.030661476505636432,0.030661476505636432,0.030661476505636432,8.329954883950448,5.084705534539753,-0.14474078341118357,-0.06297474029990191,-0.04960689873447155,-0.05253643076807485,0.08016646629290956,0.09584747714854537,0.028635263442993164,False,DISABLED,none,MODEL_ORIGIN_FRAME_NOT_ESTABLISHED,nan,nan,nan,nan,nan,nan,nan,nan,nan,nan,nan,nan,nan,NOT_EVALUATED,nan,nan,nan,nan,DISABLED,nan,nan,nan,nan,nan,nan
1791471009.473914,1791471009.4886127,1791471009.4932227,1791471009.4932468,front_rgbd_red_sphere,True,True,True,,18.3,18.3,1791471009.4886127,1791471009.4862814,1791471009.473914,1791471009.473914,1791471009.473914,0.0,1791471008.4619205,1791471009.4819233,1791471009.3427389,1791471009.4819233,1791471009.3427389,1791471009.4819233,1791471008.4579272,1791471009.4819233,1791471008.4619205,1791471009.4819233,1791470991.173914,GAZEBO_CLOCK_SYSTEM_INTERPOLATION,MAPPED_EXACT,0,18.3,1791471009.473914,0.0029668807983398438,0.0,RGB,0.0,0,1,0,UNCALIBRATED,PREPARATION,MID,STRAIGHT,1.0,383,1.0,9.61136245727539,0.7383518815040588,nan,nan,False,0.0,0.0,0.0,0.0,0,0,0,0,0,0.0,0.0,0.0,0.0,0.0,0.0,0.0,0.0,0.0,0.0,0.0,0.0,0.0,0.0,7.108360320172546,-5.0802780152267335,4.005030707284499,0.0,0.0,0.0,0.0,0.0,0.0,0.0,0.0,0.0,0.0,0.0,False,DISABLED,0,nan,nan,nan,nan,nan,nan,nan,nan,nan,nan,nan,nan,nan,nan,nan,nan,nan,nan,nan,nan,nan,nan,nan,nan,nan,nan,nan,nan,nan,nan,nan,nan,nan,nan,8.286026935541317,5.195964367546634,-0.19462925351530397,0.031016007630431188,0.031016007630431188,0.031016007630431188,8.350809974778981,5.239464020310355,-0.14132387008340358,-0.06478303923766404,-0.04349965276372103,-0.05330538343190039,0.07803244173696618,0.09450145959854239,0.01469874382019043,False,DISABLED,none,MODEL_ORIGIN_FRAME_NOT_ESTABLISHED,nan,nan,nan,nan,nan,nan,nan,nan,nan,nan,nan,nan,nan,NOT_EVALUATED,nan,nan,nan,nan,DISABLED,nan,nan,nan,nan,nan,nan
1791471009.5259104,1791471009.5492985,1791471009.5533912,1791471009.5534112,front_rgbd_red_sphere,True,True,True,,18.352,18.352,1791471009.5492985,1791471009.5469177,1791471009.5259104,1791471009.5259104,1791471009.5259104,0.0,1791471008.541919,1791471009.5379267,1791471009.3987389,1791471009.5379267,1791471009.4027388,1791471009.5419319,1791471008.5219147,1791471009.5379267,1791471008.541919,1791471009.5419319,1791470991.1739104,GAZEBO_CLOCK_SYSTEM_INTERPOLATION,MAPPED_EXACT,0,18.352,1791471009.5259104,0.004052400588989258,0.0,RGB,0.0,0,1,0,UNCALIBRATED,PREPARATION,MID,STRAIGHT,1.0,385,1.0,9.71311092376709,0.7471637725830078,nan,nan,False,0.0,0.0,0.0,0.0,0,0,0,0,0,0.0,0.0,0.0,0.0,0.0,0.0,0.0,0.0,0.0,0.0,0.0,0.0,0.0,0.0,7.125725064421391,-5.237667739028613,4.016890359386547,0.0,0.0,0.0,0.0,0.0,0.0,0.0,0.0,0.0,0.0,0.0,False,DISABLED,0,nan,nan,nan,nan,nan,nan,nan,nan,nan,nan,nan,nan,nan,nan,nan,nan,nan,nan,nan,nan,nan,nan,nan,nan,nan,nan,nan,nan,nan,nan,nan,nan,nan,nan,8.305518999573856,5.355158578264171,-0.19137178533391447,0.03137543084090078,0.03137543084090078,0.03137543084090078,8.374122028938489,5.40684349847012,-0.13679448180879195,-0.06860302936463292,-0.051684920205948615,-0.05457730352512252,0.08589357726104997,0.10176634352659682,0.023388147354125977,False,DISABLED,none,MODEL_ORIGIN_FRAME_NOT_ESTABLISHED,nan,nan,nan,nan,nan,nan,nan,nan,nan,nan,nan,nan,nan,NOT_EVALUATED,nan,nan,nan,nan,DISABLED,nan,nan,nan,nan,nan,nan
1791471009.573909,1791471009.588228,1791471009.5933495,1791471009.5933824,front_rgbd_red_sphere,True,True,True,,18.4,18.4,1791471009.588228,1791471009.5863326,1791471009.573909,1791471009.573909,1791471009.573909,0.0,1791471008.561917,1791471009.577917,1791471009.4387388,1791471009.577917,1791471009.442739,1791471009.58193,1791471008.561917,1791471009.577917,1791471008.561917,1791471009.58193,1791470991.173909,GAZEBO_CLOCK_SYSTEM_INTERPOLATION,MAPPED_EXACT,0,18.4,1791471009.573909,0.0025835037231445312,0.0,RGB,0.0,0,1,0,UNCALIBRATED,PREPARATION,MID,STRAIGHT,1.0,388,1.0,9.820473670959473,0.7580054998397827,nan,nan,False,0.0,0.0,0.0,0.0,0,0,0,0,0,0.0,0.0,0.0,0.0,0.0,0.0,0.0,0.0,0.0,0.0,0.0,0.0,0.0,0.0,7.131712551854378,-5.4008726903151345,4.051043500726419,0.0,0.0,0.0,0.0,0.0,0.0,0.0,0.0,0.0,0.0,0.0,False,DISABLED,0,nan,nan,nan,nan,nan,nan,nan,nan,nan,nan,nan,nan,nan,nan,nan,nan,nan,nan,nan,nan,nan,nan,nan,nan,nan,nan,nan,nan,nan,nan,nan,nan,nan,nan,8.32715680211119,5.520044366327785,-0.1883378348069677,0.03175692819699366,0.03175692819699366,0.03175692819699366,8.39696766087961,5.5654084679265585,-0.13173273108996944,-0.0698108587684203,-0.04536410159877313,-0.056605103716998256,0.08325537649814657,0.10067569459735684,0.01431894302368164,False,DISABLED,none,MODEL_ORIGIN_FRAME_NOT_ESTABLISHED,nan,nan,nan,nan,nan,nan,nan,nan,nan,nan,nan,nan,nan,NOT_EVALUATED,nan,nan,nan,nan,DISABLED,nan,nan,nan,nan,nan,nan
1791471009.6259136,1791471009.646378,1791471009.651703,1791471009.651727,front_rgbd_red_sphere,True,True,True,,18.452,18.452,1791471009.646378,1791471009.6455495,1791471009.6259136,1791471009.6259136,1791471009.6259136,0.0,1791471008.6419199,1791471009.6419265,1791471009.502739,1791471009.6419265,1791471009.502739,1791471009.6419265,1791471008.6419199,1791471009.6419265,1791471008.6419199,1791471009.6419265,1791470991.1739137,GAZEBO_CLOCK_SYSTEM_INTERPOLATION,MAPPED_EXACT,0,18.452,1791471009.6259136,0.002050638198852539,0.0,RGB,0.0,0,1,0,UNCALIBRATED,PREPARATION,MID,STRAIGHT,1.0,390,1.0,9.929729461669922,0.7686602473258972,nan,nan,False,0.0,0.0,0.0,0.0,0,0,0,0,0,0.0,0.0,0.0,0.0,0.0,0.0,0.0,0.0,0.0,0.0,0.0,0.0,0.0,0.0,7.137912995218805,-5.56414893803633,4.085335628866877,0.0,0.0,0.0,0.0,0.0,0.0,0.0,0.0,0.0,0.0,0.0,False,DISABLED,0,nan,nan,nan,nan,nan,nan,nan,nan,nan,nan,nan,nan,nan,nan,nan,nan,nan,nan,nan,nan,nan,nan,nan,nan,nan,nan,nan,nan,nan,nan,nan,nan,nan,nan,8.34945834344968,5.685145271267956,-0.1827416105638811,0.03214751901732476,0.03214751901732476,0.03214751901732476,8.422561785409194,5.737447776885146,-0.12549875541805314,-0.07310344195951402,-0.052302505617189965,-0.05724285514582797,0.08988695856554621,0.10656645713079922,0.020464420318603516,False,DISABLED,none,MODEL_ORIGIN_FRAME_NOT_ESTABLISHED,nan,nan,nan,nan,nan,nan,nan,nan,nan,nan,nan,nan,nan,NOT_EVALUATED,nan,nan,nan,nan,DISABLED,nan,nan,nan,nan,nan,nan
1791471009.6739147,1791471009.6965523,1791471009.6999676,1791471009.699988,front_rgbd_red_sphere,True,True,True,,18.5,18.5,1791471009.688259,1791471009.6965523,1791471009.6739147,1791471009.6739147,1791471009.6739147,0.0,1791471008.6819375,1791471009.6819408,1791471009.542739,1791471009.6819408,1791471009.542739,1791471009.6819408,1791471008.6819375,1791471009.6819408,1791471008.6819375,1791471009.6819408,1791470991.1739147,GAZEBO_CLOCK_SYSTEM_INTERPOLATION,MAPPED_EXACT,0,18.5,1791471009.6739147,0.0028743743896484375,0.0,RGB,0.0,0,1,0,UNCALIBRATED,PREPARATION,FAR,STRAIGHT,1.0,393,1.0,10.04442024230957,0.7784397006034851,nan,nan,False,0.0,0.0,0.0,0.0,0,0,0,0,0,0.0,0.0,0.0,0.0,0.0,0.0,0.0,0.0,0.0,0.0,0.0,0.0,0.0,0.0,7.1517276340450096,-5.732123984250026,4.109249210706528,0.0,0.0,0.0,0.0,0.0,0.0,0.0,0.0,0.0,0.0,0.0,False,DISABLED,0,nan,nan,nan,nan,nan,nan,nan,nan,nan,nan,nan,nan,nan,nan,nan,nan,nan,nan,nan,nan,nan,nan,nan,nan,nan,nan,nan,nan,nan,nan,nan,nan,nan,nan,8.372988807028651,5.854893604267718,-0.17620014182439975,0.03256011101339308,0.03256011101339308,0.03256011101339308,8.447700255651606,5.9009096805981756,-0.11889413861264865,-0.07471144862295453,-0.046016076330457345,-0.0573060032117511,0.0877455402638268,0.10480103930923623,0.022637605667114258,False,DISABLED,none,MODEL_ORIGIN_FRAME_NOT_ESTABLISHED,nan,nan,nan,nan,nan,nan,nan,nan,nan,nan,nan,nan,nan,NOT_EVALUATED,nan,nan,nan,nan,DISABLED,nan,nan,nan,nan,nan,nan
1791471009.7259226,1791471009.7456756,1791471009.75158,1791471009.7516,front_rgbd_red_sphere,True,True,True,,18.552,18.552,1791471009.7456756,1791471009.7439725,1791471009.7259226,1791471009.7259226,1791471009.7259226,0.0,1791471008.7419207,1791471009.7379394,1791471009.598739,1791471009.7379394,1791471009.6027389,1791471009.7419226,1791471008.7379322,1791471009.7379394,1791471008.7419207,1791471009.7419226,1791470991.1739225,GAZEBO_CLOCK_SYSTEM_INTERPOLATION,MAPPED_EXACT,0,18.552,1791471009.7259226,0.0024383068084716797,0.0,RGB,0.0,0,1,0,UNCALIBRATED,PREPARATION,FAR,STRAIGHT,1.0,393,1.0,10.160719871520996,0.7870324850082397,nan,nan,False,0.0,0.0,0.0,0.0,0,0,0,0,0,0.0,0.0,0.0,0.0,0.0,0.0,0.0,0.0,0.0,0.0,0.0,0.0,0.0,0.0,7.172961929684018,-5.899820698268278,4.120795755093711,0.0,0.0,0.0,0.0,0.0,0.0,0.0,0.0,0.0,0.0,0.0,False,DISABLED,0,nan,nan,nan,nan,nan,nan,nan,nan,nan,nan,nan,nan,nan,nan,nan,nan,nan,nan,nan,nan,nan,nan,nan,nan,nan,nan,nan,nan,nan,nan,nan,nan,nan,nan,8.396645476443512,6.024847852390175,-0.1684829500374076,0.032981173993195965,0.032981173993195965,0.032981173993195965,8.475941966360537,6.078857060675938,-0.11105762454416958,-0.07929648991702543,-0.0540092082857635,-0.05742532549323802,0.09594231544431216,0.11181500749371809,0.019752979278564453,False,DISABLED,none,MODEL_ORIGIN_FRAME_NOT_ESTABLISHED,nan,nan,nan,nan,nan,nan,nan,nan,nan,nan,nan,nan,nan,NOT_EVALUATED,nan,nan,nan,nan,DISABLED,nan,nan,nan,nan,nan,nan
1791471009.7739134,1791471009.79123,1791471009.794441,1791471009.794459,front_rgbd_red_sphere,True,True,True,,18.6,18.6,1791471009.79123,1791471009.7893848,1791471009.7739134,1791471009.7739134,1791471009.7739134,0.0,1791471008.781933,1791471009.7779312,1791471009.6387389,1791471009.7779312,1791471009.6427388,1791471009.781935,1791471008.7779229,1791471009.7779312,1791471008.781933,1791471009.781935,1791470991.1739135,GAZEBO_CLOCK_SYSTEM_INTERPOLATION,MAPPED_EXACT,0,18.6,1791471009.7739134,0.0015091896057128906,0.0,RGB,0.0,0,1,0,UNCALIBRATED,PREPARATION,FAR,TURNING,1.0,396,1.0,10.28181266784668,0.7945902943611145,nan,nan,False,0.0,0.0,0.0,0.0,0,0,0,0,0,0.0,0.0,0.0,0.0,0.0,0.0,0.0,0.0,0.0,0.0,0.0,0.0,0.0,0.0,7.203203746965465,-6.071328784532742,4.119284113338689,0.0,0.0,0.0,0.0,0.0,0.0,0.0,0.0,0.0,0.0,0.0,False,DISABLED,0,nan,nan,nan,nan,nan,nan,nan,nan,nan,nan,nan,nan,nan,nan,nan,nan,nan,nan,nan,nan,nan,nan,nan,nan,nan,nan,nan,nan,nan,nan,nan,nan,nan,nan,8.421310531417165,6.198465384669926,-0.1603271005335521,0.0334224687402003,0.0334224687402003,0.0334224687402003,8.503294618852623,6.245600851597592,-0.10313465884229192,-0.08198408743545826,-0.047135466927666236,-0.05719244169126017,0.09456819145523501,0.1105175018796669,0.017316579818725586,False,DISABLED,none,MODEL_ORIGIN_FRAME_NOT_ESTABLISHED,nan,nan,nan,nan,nan,nan,nan,nan,nan,nan,nan,nan,nan,NOT_EVALUATED,nan,nan,nan,nan,DISABLED,nan,nan,nan,nan,nan,nan
1791471009.8259187,1791471009.845974,1791471009.8522704,1791471009.8522897,front_rgbd_red_sphere,True,True,True,,18.652,18.652,1791471009.845974,1791471009.8438716,1791471009.8259187,1791471009.8259187,1791471009.8259187,0.0,1791471008.8419192,1791471009.8419201,1791471009.702739,1791471009.8419201,1791471009.702739,1791471009.8419201,1791471008.8419192,1791471009.8419201,1791471008.8419192,1791471009.8419201,1791470991.1739187,GAZEBO_CLOCK_SYSTEM_INTERPOLATION,MAPPED_EXACT,0,18.652,1791471009.8259187,0.0029997825622558594,0.0,RGB,0.0,0,1,0,UNCALIBRATED,PREPARATION,FAR,TURNING,1.0,393,1.0,10.406387329101562,0.8011896014213562,nan,nan,False,0.0,0.0,0.0,0.0,0,0,0,0,0,0.0,0.0,0.0,0.0,0.0,0.0,0.0,0.0,0.0,0.0,0.0,0.0,0.0,0.0,7.24131420564629,-6.245058858704869,4.10554600813589,0.0,0.0,0.0,0.0,0.0,0.0,0.0,0.0,0.0,0.0,0.0,False,DISABLED,0,nan,nan,nan,nan,nan,nan,nan,nan,nan,nan,nan,nan,nan,nan,nan,nan,nan,nan,nan,nan,nan,nan,nan,nan,nan,nan,nan,nan,nan,nan,nan,nan,nan,nan,8.446565363799118,6.3747135358344655,-0.15173453307398527,0.03387950986747226,0.03387950986747226,0.03387950986747226,8.534037763679834,6.427339630592544,-0.09397475738622349,-0.0874723998807152,-0.05262609475807878,-0.05775977568776178,0.10208293976163711,0.1172907425071501,0.020055294036865234,False,DISABLED,none,MODEL_ORIGIN_FRAME_NOT_ESTABLISHED,nan,nan,nan,nan,nan,nan,nan,nan,nan,nan,nan,nan,nan,NOT_EVALUATED,nan,nan,nan,nan,DISABLED,nan,nan,nan,nan,nan,nan
1791471009.8739097,1791471009.8890114,1791471009.892463,1791471009.8924825,front_rgbd_red_sphere,True,True,True,,18.7,18.7,1791471009.8890114,1791471009.8868454,1791471009.8739097,1791471009.8739097,1791471009.8739097,0.0,1791471008.881925,1791471009.8819427,1791471009.742739,1791471009.8819427,1791471009.742739,1791471009.8819427,1791471008.881925,1791471009.8819427,1791471008.881925,1791471009.8819427,1791470991.1739097,GAZEBO_CLOCK_SYSTEM_INTERPOLATION,MAPPED_EXACT,0,18.7,1791471009.8739097,0.003452777862548828,0.0,RGB,0.0,0,1,0,UNCALIBRATED,PREPARATION,FAR,TURNING,1.0,387,1.0,10.535911560058594,0.8073397874832153,nan,nan,False,0.0,0.0,0.0,0.0,0,0,0,0,0,0.0,0.0,0.0,0.0,0.0,0.0,0.0,0.0,0.0,0.0,0.0,0.0,0.0,0.0,7.284768615886467,-6.422688676486112,4.084928886501519,0.0,0.0,0.0,0.0,0.0,0.0,0.0,0.0,0.0,0.0,0.0,False,DISABLED,0,nan,nan,nan,nan,nan,nan,nan,nan,nan,nan,nan,nan,nan,nan,nan,nan,nan,nan,nan,nan,nan,nan,nan,nan,nan,nan,nan,nan,nan,nan,nan,nan,nan,nan,8.473253109215602,6.554401956203031,-0.14238826524392217,0.03435800089677161,0.03435800089677161,0.03435800089677161,8.564138079568279,6.5996458837486305,-0.08483115243248836,-0.09088497035267729,-0.04524392754559958,-0.057557112811433817,0.10152384358247324,0.11670437888505561,0.01510167121887207,False,DISABLED,none,MODEL_ORIGIN_FRAME_NOT_ESTABLISHED,nan,nan,nan,nan,nan,nan,nan,nan,nan,nan,nan,nan,nan,NOT_EVALUATED,nan,nan,nan,nan,DISABLED,nan,nan,nan,nan,nan,nan
1791471009.9259222,1791471009.9407103,1791471009.9511132,1791471009.9511437,front_rgbd_red_sphere,True,True,True,,18.752,18.752,1791471009.9407103,1791471009.9390168,1791471009.9259222,1791471009.9259222,1791471009.9259222,0.0,1791471008.9419253,1791471009.9379203,1791471009.798739,1791471009.9379203,1791471009.802739,1791471009.9419308,1791471008.9219131,1791471009.9379203,1791471008.9419253,1791471009.9419308,1791470991.173922,GAZEBO_CLOCK_SYSTEM_INTERPOLATION,MAPPED_EXACT,0,18.752,1791471009.9259222,0.0013344287872314453,0.0,RGB,0.0,0,1,0,UNCALIBRATED,PREPARATION,FAR,TURNING,1.0,383,1.0,10.667047500610352,0.812767744064331,nan,nan,False,0.0,0.0,0.0,0.0,0,0,0,0,0,0.0,0.0,0.0,0.0,0.0,0.0,0.0,0.0,0.0,0.0,0.0,0.0,0.0,0.0,7.333501198708833,-6.599825438812622,4.055610079062534,0.0,0.0,0.0,0.0,0.0,0.0,0.0,0.0,0.0,0.0,0.0,False,DISABLED,0,nan,nan,nan,nan,nan,nan,nan,nan,nan,nan,nan,nan,nan,nan,nan,nan,nan,nan,nan,nan,nan,nan,nan,nan,nan,nan,nan,nan,nan,nan,nan,nan,nan,nan,8.500911214421032,6.733501209647973,-0.13262528985932825,0.03484586735677839,0.03484586735677839,0.03484586735677839,8.597965074478076,6.787461035509908,-0.07445899337921608,-0.0970538600570432,-0.05395982586193515,-0.05816629648011218,0.11104555173001074,0.1253572199964358,0.014788150787353516,False,DISABLED,none,MODEL_ORIGIN_FRAME_NOT_ESTABLISHED,nan,nan,nan,nan,nan,nan,nan,nan,nan,nan,nan,nan,nan,NOT_EVALUATED,nan,nan,nan,nan,DISABLED,nan,nan,nan,nan,nan,nan
1791471009.97391,1791471009.9895246,1791471009.9932916,1791471009.9933102,front_rgbd_red_sphere,True,True,True,,18.8,18.8,1791471009.9895246,1791471009.9884853,1791471009.97391,1791471009.97391,1791471009.97391,0.0,1791471008.977921,1791471009.977924,1791471009.838739,1791471009.977924,1791471009.8427389,1791471009.9819236,1791471008.977921,1791471009.977924,1791471008.9619164,1791471009.9819236,1791470991.1739101,GAZEBO_CLOCK_SYSTEM_INTERPOLATION,MAPPED_EXACT,0,18.8,1791471009.97391,0.003841400146484375,0.0,RGB,0.0,0,1,0,UNCALIBRATED,PREPARATION,FAR,TURNING,1.0,383,1.0,10.803115844726562,0.8181936144828796,nan,nan,False,0.0,0.0,0.0,0.0,0,0,0,0,0,0.0,0.0,0.0,0.0,0.0,0.0,0.0,0.0,0.0,0.0,0.0,0.0,0.0,0.0,7.384370467703728,-6.780617794155787,4.02512130856454,0.0,0.0,0.0,0.0,0.0,0.0,0.0,0.0,0.0,0.0,0.0,False,DISABLED,0,nan,nan,nan,nan,nan,nan,nan,nan,nan,nan,nan,nan,nan,nan,nan,nan,nan,nan,nan,nan,nan,nan,nan,nan,nan,nan,nan,nan,nan,nan,nan,nan,nan,nan,8.530084018269411,6.916076519649623,-0.12223435666744925,0.03535571558429953,0.03535571558429953,0.03535571558429953,8.63057110920833,6.96275735990546,-0.06444466638657702,-0.10048709093891794,-0.04668084025583674,-0.05778969028087223,0.11080052478376315,0.12496561365078175,0.015614509582519531,False,DISABLED,none,MODEL_ORIGIN_FRAME_NOT_ESTABLISHED,nan,nan,nan,nan,nan,nan,nan,nan,nan,nan,nan,nan,nan,NOT_EVALUATED,nan,nan,nan,nan,DISABLED,nan,nan,nan,nan,nan,nan
1791471010.0259218,1791471010.0544317,1791471010.057671,1791471010.0576925,front_rgbd_red_sphere,True,True,True,,18.852,18.852,1791471010.0544317,1791471010.0531793,1791471010.0259218,1791471010.0259218,1791471010.0259218,0.0,1791471009.0419211,1791471010.0419233,1791471009.9027388,1791471010.0419233,1791471009.9027388,1791471010.0419233,1791471009.0419211,1791471010.0419233,1791471009.0419211,1791471010.0419233,1791470991.1739218,GAZEBO_CLOCK_SYSTEM_INTERPOLATION,MAPPED_EXACT,0,18.852,1791471010.0259218,0.0006887912750244141,0.0,RGB,0.0,0,1,0,UNCALIBRATED,PREPARATION,FAR,TURNING,1.0,385,1.0,10.943053245544434,0.8232677578926086,nan,nan,False,0.0,0.0,0.0,0.0,0,0,0,0,0,0.0,0.0,0.0,0.0,0.0,0.0,0.0,0.0,0.0,0.0,0.0,0.0,0.0,0.0,7.439397878487724,-6.963883791015156,3.98874580585009,0.0,0.0,0.0,0.0,0.0,0.0,0.0,0.0,0.0,0.0,0.0,False,DISABLED,0,nan,nan,nan,nan,nan,nan,nan,nan,nan,nan,nan,nan,nan,nan,nan,nan,nan,nan,nan,nan,nan,nan,nan,nan,nan,nan,nan,nan,nan,nan,nan,nan,nan,nan,8.560654973275609,7.100838853359167,-0.11158193443177894,0.035883926110165235,0.035883926110165235,0.035883926110165235,8.66740510888699,7.154962957810013,-0.05319820187446732,-0.10675013561138158,-0.05412410445084603,-0.05838373255731162,0.11968713437815465,0.13316782780753816,0.028509855270385742,False,DISABLED,none,MODEL_ORIGIN_FRAME_NOT_ESTABLISHED,nan,nan,nan,nan,nan,nan,nan,nan,nan,nan,nan,nan,nan,NOT_EVALUATED,nan,nan,nan,nan,DISABLED,nan,nan,nan,nan,nan,nan
1791471010.0739152,1791471010.089888,1791471010.093573,1791471010.093596,front_rgbd_red_sphere,True,True,True,,18.9,18.9,1791471010.089888,1791471010.0881202,1791471010.0739152,1791471010.0739152,1791471010.0739152,0.0,1791471009.0619156,1791471010.0819328,1791471009.942739,1791471010.0819328,1791471009.942739,1791471010.0819328,1791471009.0579183,1791471010.0819328,1791471009.0619156,1791471010.0819328,1791470991.1739151,GAZEBO_CLOCK_SYSTEM_INTERPOLATION,MAPPED_EXACT,0,18.9,1791471010.0739152,0.0041484832763671875,0.0,RGB,0.0,0,1,0,UNCALIBRATED,PREPARATION,FAR,TURNING,1.0,375,1.0,11.087501525878906,0.8285092115402222,nan,nan,False,0.0,0.0,0.0,0.0,0,0,0,0,0,0.0,0.0,0.0,0.0,0.0,0.0,0.0,0.0,0.0,0.0,0.0,0.0,0.0,0.0,7.494875228628128,-7.149918269366135,3.9545177451045896,0.0,0.0,0.0,0.0,0.0,0.0,0.0,0.0,0.0,0.0,0.0,False,DISABLED,0,nan,nan,nan,nan,nan,nan,nan,nan,nan,nan,nan,nan,nan,nan,nan,nan,nan,nan,nan,nan,nan,nan,nan,nan,nan,nan,nan,nan,nan,nan,nan,nan,nan,nan,8.593011552595437,7.28781011709322,-0.10025841629730098,0.03643327256237703,0.03643327256237703,0.03643327256237703,8.703030099613402,7.335054199632739,-0.04246328058053426,-0.11001854701796532,-0.04724408253951928,-0.05779513571676672,0.11973338725245,0.1329524792377511,0.01597285270690918,False,DISABLED,none,MODEL_ORIGIN_FRAME_NOT_ESTABLISHED,nan,nan,nan,nan,nan,nan,nan,nan,nan,nan,nan,nan,nan,NOT_EVALUATED,nan,nan,nan,nan,DISABLED,nan,nan,nan,nan,nan,nan
1791471010.1259418,1791471010.150446,1791471010.1550252,1791471010.155046,front_rgbd_red_sphere,True,True,True,,18.952,18.952,1791471010.150446,1791471010.1486177,1791471010.1259418,1791471010.1259418,1791471010.1259418,0.0,1791471009.141925,1791471010.1379366,1791471009.998739,1791471010.1379366,1791471010.002739,1791471010.1419394,1791471009.1379344,1791471010.1379366,1791471009.141925,1791471010.1419394,1791470991.1739419,GAZEBO_CLOCK_SYSTEM_INTERPOLATION,MAPPED_EXACT,0,18.952,1791471010.1259418,0.005265474319458008,0.0,RGB,0.0,0,1,0,UNCALIBRATED,PREPARATION,FAR,TURNING,1.0,365,1.0,11.234882354736328,0.8334671854972839,nan,nan,False,0.0,0.0,0.0,0.0,0,0,0,0,0,0.0,0.0,0.0,0.0,0.0,0.0,0.0,0.0,0.0,0.0,0.0,0.0,0.0,0.0,7.55335925820316,-7.337036849795644,3.916278724718068,0.0,0.0,0.0,0.0,0.0,0.0,0.0,0.0,0.0,0.0,0.0,False,DISABLED,0,nan,nan,nan,nan,nan,nan,nan,nan,nan,nan,nan,nan,nan,nan,nan,nan,nan,nan,nan,nan,nan,nan,nan,nan,nan,nan,nan,nan,nan,nan,nan,nan,nan,nan,8.627007094018252,7.475384473259366,-0.0884201601069286,0.03699807049251138,0.03699807049251138,0.03699807049251138,8.742933411285737,7.530847920222189,-0.030664656154517106,-0.11592631726748515,-0.05546344696282279,-0.0577555039524115,0.12851110840779284,0.1408928785318708,0.02450418472290039,False,DISABLED,none,MODEL_ORIGIN_FRAME_NOT_ESTABLISHED,nan,nan,nan,nan,nan,nan,nan,nan,nan,nan,nan,nan,nan,NOT_EVALUATED,nan,nan,nan,nan,DISABLED,nan,nan,nan,nan,nan,nan
1791471010.1739187,1791471010.19928,1791471010.202824,1791471010.2028463,front_rgbd_red_sphere,True,True,True,,19.0,19.0,1791471010.19928,1791471010.197629,1791471010.1739187,1791471010.1739187,1791471010.1739187,0.0,1791471009.177923,1791471010.1779358,1791471010.038739,1791471010.1779358,1791471010.042739,1791471010.1819296,1791471009.177923,1791471010.1779358,1791471009.1619196,1791471010.1819296,1791470991.1739187,GAZEBO_CLOCK_SYSTEM_INTERPOLATION,MAPPED_EXACT,0,19.0,1791471010.1739187,0.0016391277313232422,0.0,RGB,0.0,0,1,0,UNCALIBRATED,PREPARATION,FAR,TURNING,1.0,368,1.0,11.388890266418457,0.8387659788131714,nan,nan,False,0.0,0.0,0.0,0.0,0,0,0,0,0,0.0,0.0,0.0,0.0,0.0,0.0,0.0,0.0,0.0,0.0,0.0,0.0,0.0,0.0,7.612120199254717,-7.529338710060783,3.8822037705869494,0.0,0.0,0.0,0.0,0.0,0.0,0.0,0.0,0.0,0.0,0.0,False,DISABLED,0,nan,nan,nan,nan,nan,nan,nan,nan,nan,nan,nan,nan,nan,nan,nan,nan,nan,nan,nan,nan,nan,nan,nan,nan,nan,nan,nan,nan,nan,nan,nan,nan,nan,nan,8.66346800041791,7.6674931486784415,-0.07662891841117236,0.037592906568585736,0.037592906568585736,0.037592906568585736,8.781768285589523,7.715569974405545,-0.01947684101989243,-0.11830028517161395,-0.04807682572710359,-0.057152077391279935,0.12769627497965425,0.13990246099986348,0.025361299514770508,False,DISABLED,none,MODEL_ORIGIN_FRAME_NOT_ESTABLISHED,nan,nan,nan,nan,nan,nan,nan,nan,nan,nan,nan,nan,nan,NOT_EVALUATED,nan,nan,nan,nan,DISABLED,nan,nan,nan,nan,nan,nan
1791471010.225916,1791471010.2450662,1791471010.253776,1791471010.2538118,front_rgbd_red_sphere,True,True,True,,19.052,19.052,1791471010.2450662,1791471010.2437208,1791471010.225916,1791471010.225916,1791471010.225916,0.0,1791471009.2219162,1791471010.2419164,1791471010.1027389,1791471010.2419164,1791471010.1027389,1791471010.2419164,1791471009.2179117,1791471010.2419164,1791471009.2219162,1791471010.2419164,1791470991.1739159,GAZEBO_CLOCK_SYSTEM_INTERPOLATION,MAPPED_EXACT,0,19.052,1791471010.225916,0.0026645660400390625,0.0,RGB,0.0,0,1,0,UNCALIBRATED,PREPARATION,FAR,TURNING,1.0,369,1.0,11.543498992919922,0.8437613844871521,nan,nan,False,0.0,0.0,0.0,0.0,0,0,0,0,0,0.0,0.0,0.0,0.0,0.0,0.0,0.0,0.0,0.0,0.0,0.0,0.0,0.0,0.0,7.672469839939526,-7.71987719421679,3.8456553003183123,0.0,0.0,0.0,0.0,0.0,0.0,0.0,0.0,0.0,0.0,0.0,False,DISABLED,0,nan,nan,nan,nan,nan,nan,nan,nan,nan,nan,nan,nan,nan,nan,nan,nan,nan,nan,nan,nan,nan,nan,nan,nan,nan,nan,nan,nan,nan,nan,nan,nan,nan,nan,8.701180892552516,7.856810053930773,-0.06474790232625594,0.03819483410822707,0.03819483410822707,0.03819483410822707,8.825541305352818,7.917721282801587,-0.007248280066045646,-0.12436041280030175,-0.060911228870813794,-0.05749962226021029,0.1384763159331375,0.14993964330516793,0.019150257110595703,False,DISABLED,none,MODEL_ORIGIN_FRAME_NOT_ESTABLISHED,nan,nan,nan,nan,nan,nan,nan,nan,nan,nan,nan,nan,nan,NOT_EVALUATED,nan,nan,nan,nan,DISABLED,nan,nan,nan,nan,nan,nan
1791471010.273913,1791471010.2897143,1791471010.2928832,1791471010.2929084,front_rgbd_red_sphere,True,True,True,,19.1,19.1,1791471010.2897143,1791471010.2881114,1791471010.273913,1791471010.273913,1791471010.273913,0.0,1791471009.2819302,1791471010.281932,1791471010.1427388,1791471010.281932,1791471010.1427388,1791471010.281932,1791471009.2819302,1791471010.281932,1791471009.2819302,1791471010.281932,1791470991.173913,GAZEBO_CLOCK_SYSTEM_INTERPOLATION,MAPPED_EXACT,0,19.1,1791471010.273913,0.00396728515625,0.0,RGB,0.0,0,1,0,UNCALIBRATED,PREPARATION,FAR,TURNING,1.0,357,1.0,11.703094482421875,0.848989725112915,nan,nan,False,0.0,0.0,0.0,0.0,0,0,0,0,0,0.0,0.0,0.0,0.0,0.0,0.0,0.0,0.0,0.0,0.0,0.0,0.0,0.0,0.0,7.7327238311081645,-7.9134093731784,3.8138377990484655,0.0,0.0,0.0,0.0,0.0,0.0,0.0,0.0,0.0,0.0,0.0,False,DISABLED,0,nan,nan,nan,nan,nan,nan,nan,nan,nan,nan,nan,nan,nan,nan,nan,nan,nan,nan,nan,nan,nan,nan,nan,nan,nan,nan,nan,nan,nan,nan,nan,nan,nan,nan,8.741357842913873,8.048537848304408,-0.05285645573259168,0.03882119389994748,0.03882119389994748,0.03882119389994748,8.867451166611973,8.105285163108757,0.004070815645167075,-0.12609332369810033,-0.05674731480434936,-0.056927271377758756,0.13827430715334588,0.14953427113961143,0.015801429748535156,False,DISABLED,none,MODEL_ORIGIN_FRAME_NOT_ESTABLISHED,nan,nan,nan,nan,nan,nan,nan,nan,nan,nan,nan,nan,nan,NOT_EVALUATED,nan,nan,nan,nan,DISABLED,nan,nan,nan,nan,nan,nan
1791471010.325918,1791471010.349442,1791471010.357229,1791471010.3572679,front_rgbd_red_sphere,True,True,True,,19.152,19.152,1791471010.349442,1791471010.346785,1791471010.325918,1791471010.325918,1791471010.325918,0.0,1791471009.3379335,1791471010.3379383,1791471010.1987388,1791471010.3379383,1791471010.202739,1791471010.341931,1791471009.3379335,1791471010.3379383,1791471009.321915,1791471010.341931,1791470991.173918,GAZEBO_CLOCK_SYSTEM_INTERPOLATION,MAPPED_EXACT,0,19.152,1791471010.325918,0.002050638198852539,0.0,RGB,0.0,0,1,0,UNCALIBRATED,PREPARATION,FAR,TURNING,1.0,360,1.0,11.866405487060547,0.8540459871292114,nan,nan,False,0.0,0.0,0.0,0.0,0,0,0,0,0,0.0,0.0,0.0,0.0,0.0,0.0,0.0,0.0,0.0,0.0,0.0,0.0,0.0,0.0,7.79549342902435,-8.108724364921798,3.7802704724090663,0.0,0.0,0.0,0.0,0.0,0.0,0.0,0.0,0.0,0.0,0.0,False,DISABLED,0,nan,nan,nan,nan,nan,nan,nan,nan,nan,nan,nan,nan,nan,nan,nan,nan,nan,nan,nan,nan,nan,nan,nan,nan,nan,nan,nan,nan,nan,nan,nan,nan,nan,nan,8.78374920804235,8.241478446856068,-0.041195551254022966,0.03946740574158915,0.03946740574158915,0.03946740574158915,8.914059899264322,8.307938631332805,0.016287125421348657,-0.1303106912219718,-0.06646018447673718,-0.05748267667537162,0.1462799793800574,0.15716898703368717,0.023524045944213867,False,DISABLED,none,MODEL_ORIGIN_FRAME_NOT_ESTABLISHED,nan,nan,nan,nan,nan,nan,nan,nan,nan,nan,nan,nan,nan,NOT_EVALUATED,nan,nan,nan,nan,DISABLED,nan,nan,nan,nan,nan,nan
1791471010.3739107,1791471010.3990567,1791471010.4041586,1791471010.4041824,front_rgbd_red_sphere,True,True,True,,19.2,19.2,1791471010.3990567,1791471010.386545,1791471010.3739107,1791471010.3739107,1791471010.3739107,0.0,1791471009.3619204,1791471010.3779228,1791471010.238739,1791471010.3779228,1791471010.242739,1791471010.3819304,1791471009.3619204,1791471010.3779228,1791471009.3619204,1791471010.3819304,1791470991.1739106,GAZEBO_CLOCK_SYSTEM_INTERPOLATION,MAPPED_EXACT,0,19.2,1791471010.3739107,0.0016312599182128906,0.0,RGB,0.0,0,1,0,UNCALIBRATED,PREPARATION,FAR,TURNING,1.0,355,1.0,12.032062530517578,0.8592077493667603,nan,nan,False,0.0,0.0,0.0,0.0,0,0,0,0,0,0.0,0.0,0.0,0.0,0.0,0.0,0.0,0.0,0.0,0.0,0.0,0.0,0.0,0.0,7.857389961428363,-8.30404044094674,3.7516477045304923,0.0,0.0,0.0,0.0,0.0,0.0,0.0,0.0,0.0,0.0,0.0,False,DISABLED,0,nan,nan,nan,nan,nan,nan,nan,nan,nan,nan,nan,nan,nan,nan,nan,nan,nan,nan,nan,nan,nan,nan,nan,nan,nan,nan,nan,nan,nan,nan,nan,nan,nan,nan,8.828016402275843,8.433932939205258,-0.02977390153692433,0.0401283523252038,0.0401283523252038,0.0401283523252038,8.958324269355805,8.49460516635436,0.02746015679215758,-0.13030786707996178,-0.06067222714910159,-0.057234058329081905,0.14374024965249355,0.15471585827890402,0.025146007537841797,False,DISABLED,none,MODEL_ORIGIN_FRAME_NOT_ESTABLISHED,nan,nan,nan,nan,nan,nan,nan,nan,nan,nan,nan,nan,nan,NOT_EVALUATED,nan,nan,nan,nan,DISABLED,nan,nan,nan,nan,nan,nan
1791471010.4259145,1791471010.4559908,1791471010.4610271,1791471010.4610498,front_rgbd_red_sphere,True,True,True,,19.252,19.252,1791471010.4559908,1791471010.4549518,1791471010.4259145,1791471010.4259145,1791471010.4259145,0.0,1791471009.421915,1791471010.4419277,1791471010.302739,1791471010.4419277,1791471010.302739,1791471010.4419277,1791471009.4179165,1791471010.4419277,1791471009.421915,1791471010.4419277,1791470991.1739144,GAZEBO_CLOCK_SYSTEM_INTERPOLATION,MAPPED_EXACT,0,19.252,1791471010.4259145,0.0024764537811279297,0.0,RGB,0.0,0,1,0,UNCALIBRATED,PREPARATION,FAR,TURNING,1.0,351,1.0,12.199835777282715,0.8641255497932434,nan,nan,False,0.0,0.0,0.0,0.0,0,0,0,0,0,0.0,0.0,0.0,0.0,0.0,0.0,0.0,0.0,0.0,0.0,0.0,0.0,0.0,0.0,7.921419351194794,-8.499234564103347,3.7215758712792213,0.0,0.0,0.0,0.0,0.0,0.0,0.0,0.0,0.0,0.0,0.0,False,DISABLED,0,nan,nan,nan,nan,nan,nan,nan,nan,nan,nan,nan,nan,nan,nan,nan,nan,nan,nan,nan,nan,nan,nan,nan,nan,nan,nan,nan,nan,nan,nan,nan,nan,nan,nan,8.87437453058805,8.62549333082435,-0.019137995605219726,0.04080333764997649,0.04080333764997649,0.04080333764997649,9.007493334624625,8.696213857373806,0.03937387738313619,-0.1331188040365756,-0.07072052654945615,-0.05851187298835592,0.1507382130170069,0.16169615995491682,0.030076265335083008,False,DISABLED,none,MODEL_ORIGIN_FRAME_NOT_ESTABLISHED,nan,nan,nan,nan,nan,nan,nan,nan,nan,nan,nan,nan,nan,NOT_EVALUATED,nan,nan,nan,nan,DISABLED,nan,nan,nan,nan,nan,nan
1791471010.4739134,1791471010.4974647,1791471010.5018485,1791471010.5018759,front_rgbd_red_sphere,True,True,True,,19.3,19.3,1791471010.4974647,1791471010.496592,1791471010.4739134,1791471010.4739134,1791471010.4739134,0.0,1791471009.4819233,1791471010.481928,1791471010.3427389,1791471010.481928,1791471010.3427389,1791471010.481928,1791471009.4819233,1791471010.481928,1791471009.4819233,1791471010.481928,1791470991.1739135,GAZEBO_CLOCK_SYSTEM_INTERPOLATION,MAPPED_EXACT,0,19.3,1791471010.4739134,0.003778696060180664,0.0,RGB,0.0,0,1,0,UNCALIBRATED,PREPARATION,FAR,TURNING,1.0,347,1.0,12.370081901550293,0.869103729724884,nan,nan,False,0.0,0.0,0.0,0.0,0,0,0,0,0,0.0,0.0,0.0,0.0,0.0,0.0,0.0,0.0,0.0,0.0,0.0,0.0,0.0,0.0,7.985027934828914,-8.69456169888102,3.6963294918941463,0.0,0.0,0.0,0.0,0.0,0.0,0.0,0.0,0.0,0.0,0.0,False,DISABLED,0,nan,nan,nan,nan,nan,nan,nan,nan,nan,nan,nan,nan,nan,nan,nan,nan,nan,nan,nan,nan,nan,nan,nan,nan,nan,nan,nan,nan,nan,nan,nan,nan,nan,nan,8.922475211414993,8.81714369193404,-0.008521460121828361,0.04149402362102254,0.04149402362102254,0.04149402362102254,9.054404557287269,8.882950334673867,0.05018922868318213,-0.13192934587227612,-0.06580664273982606,-0.05871068880501049,0.14743088730308096,0.15869093077719515,0.023551225662231445,False,DISABLED,none,MODEL_ORIGIN_FRAME_NOT_ESTABLISHED,nan,nan,nan,nan,nan,nan,nan,nan,nan,nan,nan,nan,nan,NOT_EVALUATED,nan,nan,nan,nan,DISABLED,nan,nan,nan,nan,nan,nan
1791471010.5259182,1791471010.5559776,1791471010.559804,1791471010.5598235,front_rgbd_red_sphere,True,True,True,,19.352,19.352,1791471010.5559776,1791471010.5555248,1791471010.5259182,1791471010.5259182,1791471010.5259182,0.0,1791471009.5379267,1791471010.5379317,1791471010.3987389,1791471010.5379317,1791471010.4027388,1791471010.541926,1791471009.5379267,1791471010.5379317,1791471009.5219114,1791471010.541926,1791470991.1739182,GAZEBO_CLOCK_SYSTEM_INTERPOLATION,MAPPED_EXACT,0,19.352,1791471010.5259182,0.0022678375244140625,0.0,RGB,0.0,0,1,0,UNCALIBRATED,PREPARATION,FAR,TURNING,1.0,342,1.0,12.540755271911621,0.8737693428993225,nan,nan,False,0.0,0.0,0.0,0.0,0,0,0,0,0,0.0,0.0,0.0,0.0,0.0,0.0,0.0,0.0,0.0,0.0,0.0,0.0,0.0,0.0,8.05042447561026,-8.887966443228395,3.669505643465953,0.0,0.0,0.0,0.0,0.0,0.0,0.0,0.0,0.0,0.0,0.0,False,DISABLED,0,nan,nan,nan,nan,nan,nan,nan,nan,nan,nan,nan,nan,nan,nan,nan,nan,nan,nan,nan,nan,nan,nan,nan,nan,nan,nan,nan,nan,nan,nan,nan,nan,nan,nan,8.97191182617746,9.006573638900795,0.001608339198752251,0.04219226445203847,0.04219226445203847,0.04219226445203847,9.10639575966104,9.084262341353945,0.061553295096602914,-0.13448393348358145,-0.07768870245315007,-0.05994495589785066,0.15531085877706827,0.16647780810566226,0.030059337615966797,False,DISABLED,none,MODEL_ORIGIN_FRAME_NOT_ESTABLISHED,nan,nan,nan,nan,nan,nan,nan,nan,nan,nan,nan,nan,nan,NOT_EVALUATED,nan,nan,nan,nan,DISABLED,nan,nan,nan,nan,nan,nan
1791471010.573911,1791471010.5972986,1791471010.602782,1791471010.6028168,front_rgbd_red_sphere,True,True,True,,19.4,19.4,1791471010.5885239,1791471010.5972986,1791471010.573911,1791471010.573911,1791471010.573911,0.0,1791471009.58193,1791471010.5779223,1791471010.4387388,1791471010.5779223,1791471010.442739,1791471010.5819352,1791471009.577917,1791471010.5779223,1791471009.58193,1791471010.5819352,1791470991.1739109,GAZEBO_CLOCK_SYSTEM_INTERPOLATION,MAPPED_EXACT,0,19.4,1791471010.573911,0.0037729740142822266,0.0,RGB,0.0,0,1,0,UNCALIBRATED,PREPARATION,FAR,TURNING,1.0,340,1.0,12.715409278869629,0.8784986138343811,nan,nan,False,0.0,0.0,0.0,0.0,0,0,0,0,0,0.0,0.0,0.0,0.0,0.0,0.0,0.0,0.0,0.0,0.0,0.0,0.0,0.0,0.0,8.116341970086372,-9.083209338807627,3.647180110426105,0.0,0.0,0.0,0.0,0.0,0.0,0.0,0.0,0.0,0.0,0.0,False,DISABLED,0,nan,nan,nan,nan,nan,nan,nan,nan,nan,nan,nan,nan,nan,nan,nan,nan,nan,nan,nan,nan,nan,nan,nan,nan,nan,nan,nan,nan,nan,nan,nan,nan,nan,nan,9.023232455819969,9.198395616754832,0.011817662053946631,0.04291281628504048,0.04291281628504048,0.04291281628504048,9.155781106553635,9.270025917873294,0.0716859380309676,-0.13254865073366595,-0.07163030111846247,-0.05986827597702096,0.15066534057186798,0.16212419720108937,0.023387670516967773,False,DISABLED,none,MODEL_ORIGIN_FRAME_NOT_ESTABLISHED,nan,nan,nan,nan,nan,nan,nan,nan,nan,nan,nan,nan,nan,NOT_EVALUATED,nan,nan,nan,nan,DISABLED,nan,nan,nan,nan,nan,nan
1791471010.6259117,1791471010.6483712,1791471010.652079,1791471010.652099,front_rgbd_red_sphere,True,True,True,,19.452,19.452,1791471010.6483712,1791471010.6450415,1791471010.6259117,1791471010.6259117,1791471010.6259117,0.0,1791471009.6219144,1791471010.641916,1791471010.502739,1791471010.641916,1791471010.502739,1791471010.641916,1791471009.6179187,1791471010.641916,1791471009.6219144,1791471010.641916,1791470991.1739118,GAZEBO_CLOCK_SYSTEM_INTERPOLATION,MAPPED_EXACT,0,19.452,1791471010.6259117,0.002620697021484375,0.0,RGB,0.0,0,1,0,UNCALIBRATED,PREPARATION,FAR,TURNING,1.0,340,1.0,12.889458656311035,0.8828777074813843,nan,nan,False,0.0,0.0,0.0,0.0,0,0,0,0,0,0.0,0.0,0.0,0.0,0.0,0.0,0.0,0.0,0.0,0.0,0.0,0.0,0.0,0.0,8.183911406804,-9.275500706127804,3.6230970101817874,0.0,0.0,0.0,0.0,0.0,0.0,0.0,0.0,0.0,0.0,0.0,False,DISABLED,0,nan,nan,nan,nan,nan,nan,nan,nan,nan,nan,nan,nan,nan,nan,nan,nan,nan,nan,nan,nan,nan,nan,nan,nan,nan,nan,nan,nan,nan,nan,nan,nan,nan,nan,9.075634967932318,9.3871188063906,0.021105609772722078,0.04363694939032959,0.04363694939032959,0.04363694939032959,9.210508037015048,9.47037901977032,0.08218600177376145,-0.13487306908272956,-0.08326021337972023,-0.061080392001039374,0.15850239082055287,0.16986412859350827,0.02245950698852539,False,DISABLED,none,MODEL_ORIGIN_FRAME_NOT_ESTABLISHED,nan,nan,nan,nan,nan,nan,nan,nan,nan,nan,nan,nan,nan,NOT_EVALUATED,nan,nan,nan,nan,DISABLED,nan,nan,nan,nan,nan,nan
1791471010.6739137,1791471010.6884975,1791471010.6917026,1791471010.691724,front_rgbd_red_sphere,True,True,True,,19.5,19.5,1791471010.6884975,1791471010.686384,1791471010.6739137,1791471010.6739137,1791471010.6739137,0.0,1791471009.661923,1791471010.6819355,1791471010.542739,1791471010.6819355,1791471010.542739,1791471010.6819355,1791471009.6579108,1791471010.6819355,1791471009.661923,1791471010.6819355,1791470991.1739137,GAZEBO_CLOCK_SYSTEM_INTERPOLATION,MAPPED_EXACT,0,19.5,1791471010.6739137,0.002774953842163086,0.0,RGB,0.0,0,1,0,UNCALIBRATED,PREPARATION,FAR,TURNING,1.0,306,1.0,13.067707061767578,0.8873135447502136,nan,nan,False,0.0,0.0,0.0,0.0,0,0,0,0,0,0.0,0.0,0.0,0.0,0.0,0.0,0.0,0.0,0.0,0.0,0.0,0.0,0.0,0.0,8.252222035708266,-9.470123795102484,3.6031318775662022,0.0,0.0,0.0,0.0,0.0,0.0,0.0,0.0,0.0,0.0,0.0,False,DISABLED,0,nan,nan,nan,nan,nan,nan,nan,nan,nan,nan,nan,nan,nan,nan,nan,nan,nan,nan,nan,nan,nan,nan,nan,nan,nan,nan,nan,nan,nan,nan,nan,nan,nan,nan,9.1297505628853,9.578934026404543,0.030769895820668913,0.04438482884115807,0.04438482884115807,0.04438482884115807,9.262496046937052,9.655388714278029,0.09140390094992865,-0.13274548405175146,-0.0764546878734862,-0.06063400512925973,0.15318839001035947,0.16475182976823383,0.014583826065063477,False,DISABLED,none,MODEL_ORIGIN_FRAME_NOT_ESTABLISHED,nan,nan,nan,nan,nan,nan,nan,nan,nan,nan,nan,nan,nan,NOT_EVALUATED,nan,nan,nan,nan,DISABLED,nan,nan,nan,nan,nan,nan
1791471010.725921,1791471010.7568464,1791471010.7617319,1791471010.7617543,front_rgbd_red_sphere,True,True,True,,19.552,19.552,1791471010.7568464,1791471010.755845,1791471010.725921,1791471010.725921,1791471010.725921,0.0,1791471009.7419226,1791471010.7379258,1791471010.598739,1791471010.7379258,1791471010.6027389,1791471010.741945,1791471009.7219179,1791471010.7379258,1791471009.7419226,1791471010.741945,1791470991.1739209,GAZEBO_CLOCK_SYSTEM_INTERPOLATION,MAPPED_EXACT,0,19.552,1791471010.725921,0.0032858848571777344,0.0,RGB,0.0,0,1,0,UNCALIBRATED,PREPARATION,FAR,TURNING,1.0,259,1.0,13.24458122253418,0.8913264870643616,nan,nan,False,0.0,0.0,0.0,0.0,0,0,0,0,0,0.0,0.0,0.0,0.0,0.0,0.0,0.0,0.0,0.0,0.0,0.0,0.0,0.0,0.0,8.3226395699286,-9.660890374459527,3.5804755287192527,0.0,0.0,0.0,0.0,0.0,0.0,0.0,0.0,0.0,0.0,0.0,False,DISABLED,0,nan,nan,nan,nan,nan,nan,nan,nan,nan,nan,nan,nan,nan,nan,nan,nan,nan,nan,nan,nan,nan,nan,nan,nan,nan,nan,nan,nan,nan,nan,nan,nan,nan,nan,9.18445468310178,9.767228209689883,0.040259245882006134,0.045133224012647355,0.045133224012647355,0.045133224012647355,9.319586728234224,9.853216326881086,0.1007139944761531,-0.13513204513244403,-0.08598811719120292,-0.06045474859414697,0.16017061503211175,0.17119989061721522,0.030925512313842773,False,DISABLED,none,MODEL_ORIGIN_FRAME_NOT_ESTABLISHED,nan,nan,nan,nan,nan,nan,nan,nan,nan,nan,nan,nan,nan,NOT_EVALUATED,nan,nan,nan,nan,DISABLED,nan,nan,nan,nan,nan,nan
1791471010.7739108,1791471010.790133,1791471010.793437,1791471010.793456,front_rgbd_red_sphere,True,True,True,,19.6,19.6,1791471010.790133,1791471010.788528,1791471010.7739108,1791471010.7739108,1791471010.7739108,0.0,1791471009.7619178,1791471010.777926,1791471010.6387389,1791471010.777926,1791471010.6427388,1791471010.7819312,1791471009.7619178,1791471010.777926,1791471009.7619178,1791471010.7819312,1791470991.1739109,GAZEBO_CLOCK_SYSTEM_INTERPOLATION,MAPPED_EXACT,0,19.6,1791471010.7739108,0.0005180835723876953,0.0,RGB,0.0,0,1,0,UNCALIBRATED,PREPARATION,FAR,TURNING,1.0,201,1.0,13.42584228515625,0.8953887820243835,nan,nan,False,0.0,0.0,0.0,0.0,0,0,0,0,0,0.0,0.0,0.0,0.0,0.0,0.0,0.0,0.0,0.0,0.0,0.0,0.0,0.0,0.0,8.394043453822817,-9.85433124018253,3.561659684311978,0.0,0.0,0.0,0.0,0.0,0.0,0.0,0.0,0.0,0.0,0.0,False,DISABLED,0,nan,nan,nan,nan,nan,nan,nan,nan,nan,nan,nan,nan,nan,nan,nan,nan,nan,nan,nan,nan,nan,nan,nan,nan,nan,nan,nan,nan,nan,nan,nan,nan,nan,nan,9.240470963397774,9.959580905456685,0.04931217335834548,0.04590666990155943,0.04590666990155943,0.04590666990155943,9.37468746143957,10.038942248881863,0.10886311211027912,-0.13421649804179658,-0.07936134342517853,-0.05955093875193364,0.15592399166533902,0.16690897364458648,0.016222238540649414,False,DISABLED,none,MODEL_ORIGIN_FRAME_NOT_ESTABLISHED,nan,nan,nan,nan,nan,nan,nan,nan,nan,nan,nan,nan,nan,NOT_EVALUATED,nan,nan,nan,nan,DISABLED,nan,nan,nan,nan,nan,nan
1791471010.8259196,1791471010.8500938,1791471010.8541381,1791471010.8541615,front_rgbd_red_sphere,True,True,True,,19.652,19.652,1791471010.8500938,1791471010.8494577,1791471010.8259196,1791471010.8259196,1791471010.8259196,0.0,1791471009.8419201,1791471010.8419752,1791471010.702739,1791471010.8419752,1791471010.702739,1791471010.8419752,1791471009.8419201,1791471010.8419752,1791471009.8419201,1791471010.8419752,1791470991.1739197,GAZEBO_CLOCK_SYSTEM_INTERPOLATION,MAPPED_EXACT,0,19.652,1791471010.8259196,0.0005152225494384766,0.0,RGB,0.0,0,1,0,UNCALIBRATED,PREPARATION,FAR,TURNING,1.0,143,1.0,13.606124877929688,0.8990468382835388,nan,nan,False,0.0,0.0,0.0,0.0,0,0,0,0,0,0.0,0.0,0.0,0.0,0.0,0.0,0.0,0.0,0.0,0.0,0.0,0.0,0.0,0.0,8.467857641859583,-10.044410488741793,3.5400322757468636,0.0,0.0,0.0,0.0,0.0,0.0,0.0,0.0,0.0,0.0,0.0,False,DISABLED,0,nan,nan,nan,nan,nan,nan,nan,nan,nan,nan,nan,nan,nan,nan,nan,nan,nan,nan,nan,nan,nan,nan,nan,nan,nan,nan,nan,nan,nan,nan,nan,nan,nan,nan,9.296768721085044,10.149542789059103,0.05760186432932557,0.046682461545371326,0.046682461545371326,0.046682461545371326,9.435260265407438,10.237785277119594,0.11692257547888046,-0.13849154432239352,-0.08824248806049084,-0.059320711149554894,0.16421523847654138,0.17460123515942344,0.024174213409423828,False,DISABLED,none,MODEL_ORIGIN_FRAME_NOT_ESTABLISHED,nan,nan,nan,nan,nan,nan,nan,nan,nan,nan,nan,nan,nan,NOT_EVALUATED,nan,nan,nan,nan,DISABLED,nan,nan,nan,nan,nan,nan
1791471010.873912,1791471010.896213,1791471010.8998883,1791471010.899911,front_rgbd_red_sphere,True,True,True,,19.7,19.7,1791471010.896213,1791471010.8853257,1791471010.873912,1791471010.873912,1791471010.873912,0.0,1791471009.861918,1791471010.8819242,1791471010.742739,1791471010.8819242,1791471010.742739,1791471010.8819242,1791471009.8579292,1791471010.8819242,1791471009.861918,1791471010.8819242,1791470991.173912,GAZEBO_CLOCK_SYSTEM_INTERPOLATION,MAPPED_EXACT,0,19.7,1791471010.873912,0.002511262893676758,0.0,RGB,0.0,0,1,0,UNCALIBRATED,PREPARATION,FAR,TURNING,1.0,90,1.0,13.789231300354004,0.9027139544487,nan,nan,False,0.0,0.0,0.0,0.0,0,0,0,0,0,0.0,0.0,0.0,0.0,0.0,0.0,0.0,0.0,0.0,0.0,0.0,0.0,0.0,0.0,8.542177740990049,-10.235544341977947,3.5224623618657813,0.0,0.0,0.0,0.0,0.0,0.0,0.0,0.0,0.0,0.0,0.0,False,DISABLED,0,nan,nan,nan,nan,nan,nan,nan,nan,nan,nan,nan,nan,nan,nan,nan,nan,nan,nan,nan,nan,nan,nan,nan,nan,nan,nan,nan,nan,nan,nan,nan,nan,nan,nan,9.354455921383714,10.34146760479428,0.0654474572448594,0.04747706161006687,0.04747706161006687,0.04747706161006687,9.492824068255116,10.42158612079825,0.12367464870402282,-0.13836814687140198,-0.08011851600396902,-0.05822719145916343,0.15988971410101435,0.17016205952128746,0.02230095863342285,False,DISABLED,none,MODEL_ORIGIN_FRAME_NOT_ESTABLISHED,nan,nan,nan,nan,nan,nan,nan,nan,nan,nan,nan,nan,nan,NOT_EVALUATED,nan,nan,nan,nan,DISABLED,nan,nan,nan,nan,nan,nan
1791471010.925913,1791471010.9489963,1791471010.952973,1791471010.9530082,front_rgbd_red_sphere,True,True,True,,19.752,19.752,1791471010.9489963,1791471010.9485617,1791471010.925913,1791471010.925913,1791471010.925913,0.0,1791471009.9379203,1791471010.9379263,1791471010.798739,1791471010.9379263,1791471010.802739,1791471010.9419134,1791471009.9379203,1791471010.9379263,1791471009.9219136,1791471010.9419134,1791470991.173913,GAZEBO_CLOCK_SYSTEM_INTERPOLATION,MAPPED_EXACT,0,19.752,1791471010.925913,0.0032334327697753906,0.0,RGB,0.0,0,1,0,UNCALIBRATED,PREPARATION,FAR,TURNING,1.0,45,1.0,13.973809242248535,0.9060795307159424,nan,nan,False,0.0,0.0,0.0,0.0,0,0,0,0,0,0.0,0.0,0.0,0.0,0.0,0.0,0.0,0.0,0.0,0.0,0.0,0.0,0.0,0.0,8.619551940372274,-10.426466870267655,3.501350913727625,0.0,0.0,0.0,0.0,0.0,0.0,0.0,0.0,0.0,0.0,0.0,False,DISABLED,0,nan,nan,nan,nan,nan,nan,nan,nan,nan,nan,nan,nan,nan,nan,nan,nan,nan,nan,nan,nan,nan,nan,nan,nan,nan,nan,nan,nan,nan,nan,nan,nan,nan,nan,9.412711451552195,10.533820079806476,0.0732552194459633,0.04828482934511007,0.04828482934511007,0.04828482934511007,9.556472713594298,10.619637483860599,0.13019891773391645,-0.14376126204210316,-0.08581740405412219,-0.05694369828795315,0.16742737919028272,0.17684601233060404,0.023083209991455078,False,DISABLED,none,MODEL_ORIGIN_FRAME_NOT_ESTABLISHED,nan,nan,nan,nan,nan,nan,nan,nan,nan,nan,nan,nan,nan,NOT_EVALUATED,nan,nan,nan,nan,DISABLED,nan,nan,nan,nan,nan,nan
1791471010.9739094,1791471010.996817,1791471011.0015326,1791471011.0015326,front_rgbd_red_sphere,False,False,True,TARGET_VECTOR_INVALID,19.8,19.8,1791471010.996817,1791471010.9958346,1791471010.9739094,1791471010.9739094,1791471010.9739094,0.0,1791471009.9819236,1791471010.977935,1791471010.838739,1791471010.977935,1791471010.8427389,1791471010.9819255,1791471009.977924,1791471010.977935,1791471009.9819236,1791471010.9819255,1791470991.1739094,GAZEBO_CLOCK_SYSTEM_INTERPOLATION,MAPPED_EXACT,0,19.8,1791471010.9739094,0.0032470226287841797,0.0,RGB,0.0,0,1,0,UNCALIBRATED,PREPARATION,UNKNOWN,TURNING,0.0,0,0.0,nan,nan,nan,nan,False,0.0,0.0,0.0,0.0,0,0,0,0,0,0.0,0.0,0.0,0.0,0.0,0.0,0.0,0.0,0.0,0.0,0.0,0.0,0.0,0.0,0.0,0.0,0.0,0.0,0.0,0.0,0.0,0.0,0.0,0.0,0.0,0.0,0.0,0.0,False,DISABLED,0,nan,nan,nan,nan,nan,nan,nan,nan,nan,nan,nan,nan,nan,nan,nan,nan,nan,nan,nan,nan,nan,nan,nan,nan,nan,nan,nan,nan,nan,nan,nan,nan,nan,nan,nan,nan,nan,nan,nan,nan,9.616669952790124,10.801863281800777,0.13542029646065618,nan,nan,nan,nan,nan,0.022907733917236328,False,DISABLED,none,MODEL_ORIGIN_FRAME_NOT_ESTABLISHED,nan,nan,nan,nan,nan,nan,nan,nan,nan,nan,nan,nan,nan,NOT_EVALUATED,nan,nan,nan,nan,DISABLED,nan,nan,nan,nan,nan,nan
1791471011.025913,1791471011.0549362,1791471011.056242,1791471011.056242,front_rgbd_red_sphere,False,False,True,IMAGE_INVALID,19.852,19.852,1791471011.0549362,1791471011.053501,1791471011.025913,1791471011.025913,1791471011.025913,0.0,1791471010.0219185,1791471011.0419216,1791471010.9027388,1791471011.0419216,1791471010.9027388,1791471011.0419216,1791471010.0179265,1791471011.0419216,1791471010.0219185,1791471011.0419216,1791470991.173913,GAZEBO_CLOCK_SYSTEM_INTERPOLATION,MAPPED_EXACT,0,19.852,1791471011.025913,0.0012042522430419922,0.0,RGB,0.0,0,1,0,UNCALIBRATED,PREPARATION,UNKNOWN,TURNING,0.0,0,0.0,nan,nan,nan,nan,False,0.0,0.0,0.0,0.0,0,0,0,0,0,0.0,0.0,0.0,0.0,0.0,0.0,0.0,0.0,0.0,0.0,0.0,0.0,0.0,0.0,0.0,0.0,0.0,0.0,0.0,0.0,0.0,0.0,0.0,0.0,0.0,0.0,0.0,0.0,False,DISABLED,0,nan,nan,nan,nan,nan,nan,nan,nan,nan,nan,nan,nan,nan,nan,nan,nan,nan,nan,nan,nan,nan,nan,nan,nan,nan,nan,nan,nan,nan,nan,nan,nan,nan,nan,nan,nan,nan,nan,nan,nan,9.683283157574154,10.998432273871158,0.1402302297419285,nan,nan,nan,nan,nan,0.029023170471191406,False,DISABLED,none,MODEL_ORIGIN_FRAME_NOT_ESTABLISHED,nan,nan,nan,nan,nan,nan,nan,nan,nan,nan,nan,nan,nan,NOT_EVALUATED,nan,nan,nan,nan,DISABLED,nan,nan,nan,nan,nan,nan
1791471011.0739157,1791471011.0889215,1791471011.090649,1791471011.090649,front_rgbd_red_sphere,False,False,True,IMAGE_INVALID,19.9,19.9,1791471011.0889215,1791471011.088054,1791471011.0739157,1791471011.0739157,1791471011.0739157,0.0,1791471010.0619178,1791471011.0819304,1791471010.942739,1791471011.0819304,1791471010.942739,1791471011.0819304,1791471010.0579224,1791471011.0819304,1791471010.0619178,1791471011.0819304,1791470991.1739156,GAZEBO_CLOCK_SYSTEM_INTERPOLATION,MAPPED_EXACT,0,19.9,1791471011.0739157,0.003336668014526367,0.0,RGB,0.0,0,1,0,UNCALIBRATED,PREPARATION,UNKNOWN,TURNING,0.0,0,0.0,nan,nan,nan,nan,False,0.0,0.0,0.0,0.0,0,0,0,0,0,0.0,0.0,0.0,0.0,0.0,0.0,0.0,0.0,0.0,0.0,0.0,0.0,0.0,0.0,0.0,0.0,0.0,0.0,0.0,0.0,0.0,0.0,0.0,0.0,0.0,0.0,0.0,0.0,False,DISABLED,0,nan,nan,nan,nan,nan,nan,nan,nan,nan,nan,nan,nan,nan,nan,nan,nan,nan,nan,nan,nan,nan,nan,nan,nan,nan,nan,nan,nan,nan,nan,nan,nan,nan,nan,nan,nan,nan,nan,nan,nan,9.746569943093546,11.180174061904843,0.14383209426595023,nan,nan,nan,nan,nan,0.015005826950073242,False,DISABLED,none,MODEL_ORIGIN_FRAME_NOT_ESTABLISHED,nan,nan,nan,nan,nan,nan,nan,nan,nan,nan,nan,nan,nan,NOT_EVALUATED,nan,nan,nan,nan,DISABLED,nan,nan,nan,nan,nan,nan
1791471011.1259124,1791471011.1563292,1791471011.1577287,1791471011.1577287,front_rgbd_red_sphere,False,False,True,IMAGE_INVALID,19.952,19.952,1791471011.1494682,1791471011.1563292,1791471011.1259124,1791471011.1259124,1791471011.1259124,0.0,1791471010.1419394,1791471011.1379247,1791471010.998739,1791471011.1379247,1791471011.002739,1791471011.1419404,1791471010.1219192,1791471011.1379247,1791471010.1419394,1791471011.1419404,1791470991.1739125,GAZEBO_CLOCK_SYSTEM_INTERPOLATION,MAPPED_EXACT,0,19.952,1791471011.1259124,0.0026264190673828125,0.0,RGB,0.0,0,1,0,UNCALIBRATED,PREPARATION,UNKNOWN,TURNING,0.0,0,0.0,nan,nan,nan,nan,False,0.0,0.0,0.0,0.0,0,0,0,0,0,0.0,0.0,0.0,0.0,0.0,0.0,0.0,0.0,0.0,0.0,0.0,0.0,0.0,0.0,0.0,0.0,0.0,0.0,0.0,0.0,0.0,0.0,0.0,0.0,0.0,0.0,0.0,0.0,False,DISABLED,0,nan,nan,nan,nan,nan,nan,nan,nan,nan,nan,nan,nan,nan,nan,nan,nan,nan,nan,nan,nan,nan,nan,nan,nan,nan,nan,nan,nan,nan,nan,nan,nan,nan,nan,nan,nan,nan,nan,nan,nan,9.816195315669278,11.375095105070544,0.14681682086871276,nan,nan,nan,nan,nan,0.03041672706604004,False,DISABLED,none,MODEL_ORIGIN_FRAME_NOT_ESTABLISHED,nan,nan,nan,nan,nan,nan,nan,nan,nan,nan,nan,nan,nan,NOT_EVALUATED,nan,nan,nan,nan,DISABLED,nan,nan,nan,nan,nan,nan
1791471011.1739128,1791471011.203471,1791471011.2049232,1791471011.2049232,front_rgbd_red_sphere,False,False,True,IMAGE_INVALID,20.0,20.0,1791471011.203471,1791471011.2012768,1791471011.1739128,1791471011.1739128,1791471011.1739128,0.0,1791471010.1819296,1791471011.177942,1791471011.038739,1791471011.177942,1791471011.042739,1791471011.181955,1791471010.1779358,1791471011.177942,1791471010.1819296,1791471011.181955,1791470991.1739128,GAZEBO_CLOCK_SYSTEM_INTERPOLATION,MAPPED_EXACT,0,20.0,1791471011.1739128,0.0018711090087890625,0.0,RGB,0.0,0,1,0,UNCALIBRATED,PREPARATION,UNKNOWN,TURNING,0.0,0,0.0,nan,nan,nan,nan,False,0.0,0.0,0.0,0.0,0,0,0,0,0,0.0,0.0,0.0,0.0,0.0,0.0,0.0,0.0,0.0,0.0,0.0,0.0,0.0,0.0,0.0,0.0,0.0,0.0,0.0,0.0,0.0,0.0,0.0,0.0,0.0,0.0,0.0,0.0,False,DISABLED,0,nan,nan,nan,nan,nan,nan,nan,nan,nan,nan,nan,nan,nan,nan,nan,nan,nan,nan,nan,nan,nan,nan,nan,nan,nan,nan,nan,nan,nan,nan,nan,nan,nan,nan,nan,nan,nan,nan,nan,nan,9.882435911531982,11.555610005886802,0.14869560013353986,nan,nan,nan,nan,nan,0.029558181762695312,False,DISABLED,none,MODEL_ORIGIN_FRAME_NOT_ESTABLISHED,nan,nan,nan,nan,nan,nan,nan,nan,nan,nan,nan,nan,nan,NOT_EVALUATED,nan,nan,nan,nan,DISABLED,nan,nan,nan,nan,nan,nan
1791471011.2259161,1791471011.2469077,1791471011.2517183,1791471011.2517183,front_rgbd_red_sphere,False,False,True,IMAGE_INVALID,20.052,20.052,1791471011.2469077,1791471011.245419,1791471011.2259161,1791471011.2259161,1791471011.2259161,0.0,1791471010.2419164,1791471011.241926,1791471011.1027389,1791471011.241926,1791471011.1027389,1791471011.241926,1791471010.2419164,1791471011.241926,1791471010.2419164,1791471011.241926,1791470991.173916,GAZEBO_CLOCK_SYSTEM_INTERPOLATION,MAPPED_EXACT,0,20.052,1791471011.2259161,0.0033850669860839844,0.0,RGB,0.0,0,1,0,UNCALIBRATED,PREPARATION,UNKNOWN,TURNING,0.0,0,0.0,nan,nan,nan,nan,False,0.0,0.0,0.0,0.0,0,0,0,0,0,0.0,0.0,0.0,0.0,0.0,0.0,0.0,0.0,0.0,0.0,0.0,0.0,0.0,0.0,0.0,0.0,0.0,0.0,0.0,0.0,0.0,0.0,0.0,0.0,0.0,0.0,0.0,0.0,False,DISABLED,0,nan,nan,nan,nan,nan,nan,nan,nan,nan,nan,nan,nan,nan,nan,nan,nan,nan,nan,nan,nan,nan,nan,nan,nan,nan,nan,nan,nan,nan,nan,nan,nan,nan,nan,nan,nan,nan,nan,nan,nan,9.955651225273504,11.750142076001271,0.14980470500694262,nan,nan,nan,nan,nan,0.02099156379699707,False,DISABLED,none,MODEL_ORIGIN_FRAME_NOT_ESTABLISHED,nan,nan,nan,nan,nan,nan,nan,nan,nan,nan,nan,nan,nan,NOT_EVALUATED,nan,nan,nan,nan,DISABLED,nan,nan,nan,nan,nan,nan
1791471011.273918,1791471011.2993011,1791471011.3009627,1791471011.3009627,front_rgbd_red_sphere,False,False,True,IMAGE_INVALID,20.1,20.1,1791471011.2993011,1791471011.2877848,1791471011.273918,1791471011.273918,1791471011.273918,0.0,1791471010.2619164,1791471011.2819316,1791471011.1427388,1791471011.2819316,1791471011.1427388,1791471011.2819316,1791471010.257921,1791471011.2819316,1791471010.2619164,1791471011.2819316,1791470991.173918,GAZEBO_CLOCK_SYSTEM_INTERPOLATION,MAPPED_EXACT,0,20.1,1791471011.273918,0.0017020702362060547,0.0,RGB,0.0,0,1,0,UNCALIBRATED,PREPARATION,UNKNOWN,TURNING,0.0,0,0.0,nan,nan,nan,nan,False,0.0,0.0,0.0,0.0,0,0,0,0,0,0.0,0.0,0.0,0.0,0.0,0.0,0.0,0.0,0.0,0.0,0.0,0.0,0.0,0.0,0.0,0.0,0.0,0.0,0.0,0.0,0.0,0.0,0.0,0.0,0.0,0.0,0.0,0.0,False,DISABLED,0,nan,nan,nan,nan,nan,nan,nan,nan,nan,nan,nan,nan,nan,nan,nan,nan,nan,nan,nan,nan,nan,nan,nan,nan,nan,nan,nan,nan,nan,nan,nan,nan,nan,nan,nan,nan,nan,nan,nan,nan,10.025083353120603,11.929704727061791,0.1499137329345306,nan,nan,nan,nan,nan,0.02538323402404785,False,DISABLED,none,MODEL_ORIGIN_FRAME_NOT_ESTABLISHED,nan,nan,nan,nan,nan,nan,nan,nan,nan,nan,nan,nan,nan,NOT_EVALUATED,nan,nan,nan,nan,DISABLED,nan,nan,nan,nan,nan,nan
1791471011.3259194,1791471011.3526397,1791471011.3540912,1791471011.3540912,front_rgbd_red_sphere,False,False,True,IMAGE_INVALID,20.152,20.152,1791471011.3441923,1791471011.3526397,1791471011.3259194,1791471011.3259194,1791471011.3259194,0.0,1791471010.3379383,1791471011.3379412,1791471011.1987388,1791471011.3379412,1791471011.202739,1791471011.3419216,1791471010.3379383,1791471011.3379412,1791471010.3219166,1791471011.3419216,1791470991.1739194,GAZEBO_CLOCK_SYSTEM_INTERPOLATION,MAPPED_EXACT,0,20.152,1791471011.3259194,0.0028836727142333984,0.0,RGB,0.0,0,1,0,UNCALIBRATED,PREPARATION,UNKNOWN,TURNING,0.0,0,0.0,nan,nan,nan,nan,False,0.0,0.0,0.0,0.0,0,0,0,0,0,0.0,0.0,0.0,0.0,0.0,0.0,0.0,0.0,0.0,0.0,0.0,0.0,0.0,0.0,0.0,0.0,0.0,0.0,0.0,0.0,0.0,0.0,0.0,0.0,0.0,0.0,0.0,0.0,False,DISABLED,0,nan,nan,nan,nan,nan,nan,nan,nan,nan,nan,nan,nan,nan,nan,nan,nan,nan,nan,nan,nan,nan,nan,nan,nan,nan,nan,nan,nan,nan,nan,nan,nan,nan,nan,nan,nan,nan,nan,nan,nan,10.101675558338084,12.122826032567739,0.14910100977380353,nan,nan,nan,nan,nan,0.026720285415649414,False,DISABLED,none,MODEL_ORIGIN_FRAME_NOT_ESTABLISHED,nan,nan,nan,nan,nan,nan,nan,nan,nan,nan,nan,nan,nan,NOT_EVALUATED,nan,nan,nan,nan,DISABLED,nan,nan,nan,nan,nan,nan
1791471011.3739104,1791471011.3885612,1791471011.3909256,1791471011.3909256,front_rgbd_red_sphere,False,False,True,IMAGE_INVALID,20.2,20.2,1791471011.3885612,1791471011.3873856,1791471011.3739104,1791471011.3739104,1791471011.3739104,0.0,1791471010.3819304,1791471011.3779235,1791471011.238739,1791471011.3779235,1791471011.242739,1791471011.3819335,1791471010.3779228,1791471011.3779235,1791471010.3819304,1791471011.3819335,1791470991.1739104,GAZEBO_CLOCK_SYSTEM_INTERPOLATION,MAPPED_EXACT,0,20.2,1791471011.3739104,0.003780841827392578,0.0,RGB,0.0,0,1,0,UNCALIBRATED,PREPARATION,UNKNOWN,TURNING,0.0,0,0.0,nan,nan,nan,nan,False,0.0,0.0,0.0,0.0,0,0,0,0,0,0.0,0.0,0.0,0.0,0.0,0.0,0.0,0.0,0.0,0.0,0.0,0.0,0.0,0.0,0.0,0.0,0.0,0.0,0.0,0.0,0.0,0.0,0.0,0.0,0.0,0.0,0.0,0.0,False,DISABLED,0,nan,nan,nan,nan,nan,nan,nan,nan,nan,nan,nan,nan,nan,nan,nan,nan,nan,nan,nan,nan,nan,nan,nan,nan,nan,nan,nan,nan,nan,nan,nan,nan,nan,nan,nan,nan,nan,nan,nan,nan,10.174370371352486,12.301237235270007,0.1474331337035214,nan,nan,nan,nan,nan,0.014650821685791016,False,DISABLED,none,MODEL_ORIGIN_FRAME_NOT_ESTABLISHED,nan,nan,nan,nan,nan,nan,nan,nan,nan,nan,nan,nan,nan,NOT_EVALUATED,nan,nan,nan,nan,DISABLED,nan,nan,nan,nan,nan,nan
1791471011.4259193,1791471011.4501863,1791471011.4532282,1791471011.4532282,front_rgbd_red_sphere,False,False,True,IMAGE_INVALID,20.252,20.252,1791471011.4501863,1791471011.4480352,1791471011.4259193,1791471011.4259193,1791471011.4259193,0.0,1791471010.4419277,1791471011.4419298,1791471011.302739,1791471011.4419298,1791471011.302739,1791471011.4419298,1791471010.4419277,1791471011.4419298,1791471010.4419277,1791471011.4419298,1791470991.1739192,GAZEBO_CLOCK_SYSTEM_INTERPOLATION,MAPPED_EXACT,0,20.252,1791471011.4259193,0.0007281303405761719,0.0,RGB,0.0,0,1,0,UNCALIBRATED,PREPARATION,UNKNOWN,TURNING,0.0,0,0.0,nan,nan,nan,nan,False,0.0,0.0,0.0,0.0,0,0,0,0,0,0.0,0.0,0.0,0.0,0.0,0.0,0.0,0.0,0.0,0.0,0.0,0.0,0.0,0.0,0.0,0.0,0.0,0.0,0.0,0.0,0.0,0.0,0.0,0.0,0.0,0.0,0.0,0.0,False,DISABLED,0,nan,nan,nan,nan,nan,nan,nan,nan,nan,nan,nan,nan,nan,nan,nan,nan,nan,nan,nan,nan,nan,nan,nan,nan,nan,nan,nan,nan,nan,nan,nan,nan,nan,nan,nan,nan,nan,nan,nan,nan,10.254240195855287,12.492335499748657,0.14472672830909414,nan,nan,nan,nan,nan,0.024266958236694336,False,DISABLED,none,MODEL_ORIGIN_FRAME_NOT_ESTABLISHED,nan,nan,nan,nan,nan,nan,nan,nan,nan,nan,nan,nan,nan,NOT_EVALUATED,nan,nan,nan,nan,DISABLED,nan,nan,nan,nan,nan,nan
1791471011.4739196,1791471011.500788,1791471011.5020437,1791471011.5020437,front_rgbd_red_sphere,False,False,True,IMAGE_INVALID,20.3,20.3,1791471011.500788,1791471011.4999158,1791471011.4739196,1791471011.4739196,1791471011.4739196,0.0,1791471010.4619236,1791471011.481923,1791471011.3427389,1791471011.481923,1791471011.3427389,1791471011.481923,1791471010.4579391,1791471011.481923,1791471010.4619236,1791471011.481923,1791470991.1739197,GAZEBO_CLOCK_SYSTEM_INTERPOLATION,MAPPED_EXACT,0,20.3,1791471011.4739196,0.0030672550201416016,0.0,RGB,0.0,0,1,0,UNCALIBRATED,PREPARATION,UNKNOWN,TURNING,0.0,0,0.0,nan,nan,nan,nan,False,0.0,0.0,0.0,0.0,0,0,0,0,0,0.0,0.0,0.0,0.0,0.0,0.0,0.0,0.0,0.0,0.0,0.0,0.0,0.0,0.0,0.0,0.0,0.0,0.0,0.0,0.0,0.0,0.0,0.0,0.0,0.0,0.0,0.0,0.0,False,DISABLED,0,nan,nan,nan,nan,nan,nan,nan,nan,nan,nan,nan,nan,nan,nan,nan,nan,nan,nan,nan,nan,nan,nan,nan,nan,nan,nan,nan,nan,nan,nan,nan,nan,nan,nan,nan,nan,nan,nan,nan,nan,10.330210001711212,12.66925087234565,0.14132449168230027,nan,nan,nan,nan,nan,0.026868343353271484,False,DISABLED,none,MODEL_ORIGIN_FRAME_NOT_ESTABLISHED,nan,nan,nan,nan,nan,nan,nan,nan,nan,nan,nan,nan,nan,NOT_EVALUATED,nan,nan,nan,nan,DISABLED,nan,nan,nan,nan,nan,nan
1791471011.5259202,1791471011.5456712,1791471011.5497055,1791471011.5497055,front_rgbd_red_sphere,False,False,True,IMAGE_INVALID,20.352,20.352,1791471011.5456712,1791471011.5448906,1791471011.5259202,1791471011.5259202,1791471011.5259202,0.0,1791471010.541926,1791471011.5379279,1791471011.3987389,1791471011.5379279,1791471011.4027388,1791471011.5419333,1791471010.521918,1791471011.5379279,1791471010.541926,1791471011.5419333,1791470991.1739202,GAZEBO_CLOCK_SYSTEM_INTERPOLATION,MAPPED_EXACT,0,20.352,1791471011.5259202,0.0020906925201416016,0.0,RGB,0.0,0,1,0,UNCALIBRATED,PREPARATION,UNKNOWN,TURNING,0.0,0,0.0,nan,nan,nan,nan,False,0.0,0.0,0.0,0.0,0,0,0,0,0,0.0,0.0,0.0,0.0,0.0,0.0,0.0,0.0,0.0,0.0,0.0,0.0,0.0,0.0,0.0,0.0,0.0,0.0,0.0,0.0,0.0,0.0,0.0,0.0,0.0,0.0,0.0,0.0,False,DISABLED,0,nan,nan,nan,nan,nan,nan,nan,nan,nan,nan,nan,nan,nan,nan,nan,nan,nan,nan,nan,nan,nan,nan,nan,nan,nan,nan,nan,nan,nan,nan,nan,nan,nan,nan,nan,nan,nan,nan,nan,nan,10.413906574201336,12.859279786453344,0.13678414220824744,nan,nan,nan,nan,nan,0.01975107192993164,False,DISABLED,none,MODEL_ORIGIN_FRAME_NOT_ESTABLISHED,nan,nan,nan,nan,nan,nan,nan,nan,nan,nan,nan,nan,nan,NOT_EVALUATED,nan,nan,nan,nan,DISABLED,nan,nan,nan,nan,nan,nan
1791471011.5739157,1791471011.5985763,1791471011.6019993,1791471011.6019993,front_rgbd_red_sphere,False,False,True,IMAGE_INVALID,20.4,20.4,1791471011.5985763,1791471011.5883355,1791471011.5739157,1791471011.5739157,1791471011.5739157,0.0,1791471010.5819352,1791471011.5779247,1791471011.4387388,1791471011.5779247,1791471011.442739,1791471011.5819376,1791471010.5779223,1791471011.5779247,1791471010.5819352,1791471011.5819376,1791470991.1739156,GAZEBO_CLOCK_SYSTEM_INTERPOLATION,MAPPED_EXACT,0,20.4,1791471011.5739157,0.0016565322875976562,0.0,RGB,0.0,0,1,0,UNCALIBRATED,PREPARATION,UNKNOWN,TURNING,0.0,0,0.0,nan,nan,nan,nan,False,0.0,0.0,0.0,0.0,0,0,0,0,0,0.0,0.0,0.0,0.0,0.0,0.0,0.0,0.0,0.0,0.0,0.0,0.0,0.0,0.0,0.0,0.0,0.0,0.0,0.0,0.0,0.0,0.0,0.0,0.0,0.0,0.0,0.0,0.0,False,DISABLED,0,nan,nan,nan,nan,nan,nan,nan,nan,nan,nan,nan,nan,nan,nan,nan,nan,nan,nan,nan,nan,nan,nan,nan,nan,nan,nan,nan,nan,nan,nan,nan,nan,nan,nan,nan,nan,nan,nan,nan,nan,10.493374571563214,13.03485142847154,0.1317283142026309,nan,nan,nan,nan,nan,0.024660587310791016,False,DISABLED,none,MODEL_ORIGIN_FRAME_NOT_ESTABLISHED,nan,nan,nan,nan,nan,nan,nan,nan,nan,nan,nan,nan,nan,NOT_EVALUATED,nan,nan,nan,nan,DISABLED,nan,nan,nan,nan,nan,nan
1791471011.6259172,1791471011.6562555,1791471011.6591432,1791471011.6591432,front_rgbd_red_sphere,False,False,True,IMAGE_INVALID,20.452,20.452,1791471011.6562555,1791471011.6442037,1791471011.6259172,1791471011.6259172,1791471011.6259172,0.0,1791471010.641916,1791471011.6419177,1791471011.502739,1791471011.6419177,1791471011.502739,1791471011.6419177,1791471010.641916,1791471011.6419177,1791471010.641916,1791471011.6419177,1791470991.1739173,GAZEBO_CLOCK_SYSTEM_INTERPOLATION,MAPPED_EXACT,0,20.452,1791471011.6259172,0.002727508544921875,0.0,RGB,0.0,0,1,0,UNCALIBRATED,PREPARATION,UNKNOWN,TURNING,0.0,0,0.0,nan,nan,nan,nan,False,0.0,0.0,0.0,0.0,0,0,0,0,0,0.0,0.0,0.0,0.0,0.0,0.0,0.0,0.0,0.0,0.0,0.0,0.0,0.0,0.0,0.0,0.0,0.0,0.0,0.0,0.0,0.0,0.0,0.0,0.0,0.0,0.0,0.0,0.0,False,DISABLED,0,nan,nan,nan,nan,nan,nan,nan,nan,nan,nan,nan,nan,nan,nan,nan,nan,nan,nan,nan,nan,nan,nan,nan,nan,nan,nan,nan,nan,nan,nan,nan,nan,nan,nan,nan,nan,nan,nan,nan,nan,10.5808934365291,13.223310045486798,0.12546031748462075,nan,nan,nan,nan,nan,0.030338287353515625,False,DISABLED,none,MODEL_ORIGIN_FRAME_NOT_ESTABLISHED,nan,nan,nan,nan,nan,nan,nan,nan,nan,nan,nan,nan,nan,NOT_EVALUATED,nan,nan,nan,nan,DISABLED,nan,nan,nan,nan,nan,nan
1791471011.6739132,1791471011.6973648,1791471011.7000628,1791471011.7000628,front_rgbd_red_sphere,False,False,True,IMAGE_INVALID,20.5,20.5,1791471011.6890182,1791471011.6973648,1791471011.6739132,1791471011.6739132,1791471011.6739132,0.0,1791471010.6619225,1791471011.681928,1791471011.542739,1791471011.681928,1791471011.542739,1791471011.681928,1791471010.6579173,1791471011.681928,1791471010.6619225,1791471011.681928,1791470991.1739132,GAZEBO_CLOCK_SYSTEM_INTERPOLATION,MAPPED_EXACT,0,20.5,1791471011.6739132,0.003731966018676758,0.0,RGB,0.0,0,1,0,UNCALIBRATED,PREPARATION,UNKNOWN,TURNING,0.0,0,0.0,nan,nan,nan,nan,False,0.0,0.0,0.0,0.0,0,0,0,0,0,0.0,0.0,0.0,0.0,0.0,0.0,0.0,0.0,0.0,0.0,0.0,0.0,0.0,0.0,0.0,0.0,0.0,0.0,0.0,0.0,0.0,0.0,0.0,0.0,0.0,0.0,0.0,0.0,False,DISABLED,0,nan,nan,nan,nan,nan,nan,nan,nan,nan,nan,nan,nan,nan,nan,nan,nan,nan,nan,nan,nan,nan,nan,nan,nan,nan,nan,nan,nan,nan,nan,nan,nan,nan,nan,nan,nan,nan,nan,nan,nan,10.663686595642474,13.396760511076248,0.11889289744916594,nan,nan,nan,nan,nan,0.023451566696166992,False,DISABLED,none,MODEL_ORIGIN_FRAME_NOT_ESTABLISHED,nan,nan,nan,nan,nan,nan,nan,nan,nan,nan,nan,nan,nan,NOT_EVALUATED,nan,nan,nan,nan,DISABLED,nan,nan,nan,nan,nan,nan
1791471011.725916,1791471011.752503,1791471011.7542288,1791471011.7542288,front_rgbd_red_sphere,False,False,True,IMAGE_INVALID,20.552,20.552,1791471011.744633,1791471011.752503,1791471011.725916,1791471011.725916,1791471011.725916,0.0,1791471010.741945,1791471011.7380702,1791471011.7383518,1791471011.7380702,1791471011.742352,1791471011.74206,1791471010.7379258,1791471011.7380702,1791471010.741945,1791471011.74206,1791470991.1739159,GAZEBO_CLOCK_SYSTEM_INTERPOLATION,MAPPED_EXACT,0,20.552,1791471011.725916,0.0027713775634765625,0.0,RGB,0.0,0,1,0,UNCALIBRATED,PREPARATION,UNKNOWN,TURNING,0.0,0,0.0,nan,nan,nan,nan,False,0.0,0.0,0.0,0.0,0,0,0,0,0,0.0,0.0,0.0,0.0,0.0,0.0,0.0,0.0,0.0,0.0,0.0,0.0,0.0,0.0,0.0,0.0,0.0,0.0,0.0,0.0,0.0,0.0,0.0,0.0,0.0,0.0,0.0,0.0,False,DISABLED,0,nan,nan,nan,nan,nan,nan,nan,nan,nan,nan,nan,nan,nan,nan,nan,nan,nan,nan,nan,nan,nan,nan,nan,nan,nan,nan,nan,nan,nan,nan,nan,nan,nan,nan,nan,nan,nan,nan,nan,nan,10.754834798559596,13.582841457513565,0.11107961223619722,nan,nan,nan,nan,nan,0.02658700942993164,False,DISABLED,none,MODEL_ORIGIN_FRAME_NOT_ESTABLISHED,nan,nan,nan,nan,nan,nan,nan,nan,nan,nan,nan,nan,nan,NOT_EVALUATED,nan,nan,nan,nan,DISABLED,nan,nan,nan,nan,nan,nan
1791471011.7739127,1791471011.8005326,1791471011.8025472,1791471011.8025472,front_rgbd_red_sphere,False,False,True,IMAGE_INVALID,20.6,20.6,1791471011.8005326,1791471011.7896574,1791471011.7739127,1791471011.7739127,1791471011.7739127,0.0,1791471010.7819312,1791471011.7781026,1791471011.77838,1791471011.7781026,1791471011.7823799,1791471011.7820969,1791471010.777926,1791471011.7781026,1791471010.7819312,1791471011.7820969,1791470991.1739128,GAZEBO_CLOCK_SYSTEM_INTERPOLATION,MAPPED_EXACT,0,20.6,1791471011.7739127,0.0029380321502685547,0.0,RGB,0.0,0,1,0,UNCALIBRATED,PREPARATION,UNKNOWN,TURNING,0.0,0,0.0,nan,nan,nan,nan,False,0.0,0.0,0.0,0.0,0,0,0,0,0,0.0,0.0,0.0,0.0,0.0,0.0,0.0,0.0,0.0,0.0,0.0,0.0,0.0,0.0,0.0,0.0,0.0,0.0,0.0,0.0,0.0,0.0,0.0,0.0,0.0,0.0,0.0,0.0,False,DISABLED,0,nan,nan,nan,nan,nan,nan,nan,nan,nan,nan,nan,nan,nan,nan,nan,nan,nan,nan,nan,nan,nan,nan,nan,nan,nan,nan,nan,nan,nan,nan,nan,nan,nan,nan,nan,nan,nan,nan,nan,nan,10.841453835709826,13.754856098800978,0.1031373583383587,nan,nan,nan,nan,nan,0.026619911193847656,False,DISABLED,none,MODEL_ORIGIN_FRAME_NOT_ESTABLISHED,nan,nan,nan,nan,nan,nan,nan,nan,nan,nan,nan,nan,nan,NOT_EVALUATED,nan,nan,nan,nan,DISABLED,nan,nan,nan,nan,nan,nan
1791471011.825917,1791471011.8515592,1791471011.853078,1791471011.853078,front_rgbd_red_sphere,False,False,True,IMAGE_INVALID,20.652,20.652,1791471011.8428228,1791471011.8515592,1791471011.825917,1791471011.825917,1791471011.825917,0.0,1791471010.8419752,1791471011.8419776,1791471011.8424568,1791471011.8419776,1791471011.8424568,1791471011.8419776,1791471010.8419752,1791471011.8419776,1791471010.8419752,1791471011.8419776,1791470991.173917,GAZEBO_CLOCK_SYSTEM_INTERPOLATION,MAPPED_EXACT,0,20.652,1791471011.825917,0.0018267631530761719,0.0,RGB,0.0,0,1,0,UNCALIBRATED,PREPARATION,UNKNOWN,TURNING,0.0,0,0.0,nan,nan,nan,nan,False,0.0,0.0,0.0,0.0,0,0,0,0,0,0.0,0.0,0.0,0.0,0.0,0.0,0.0,0.0,0.0,0.0,0.0,0.0,0.0,0.0,0.0,0.0,0.0,0.0,0.0,0.0,0.0,0.0,0.0,0.0,0.0,0.0,0.0,0.0,False,DISABLED,0,nan,nan,nan,nan,nan,nan,nan,nan,nan,nan,nan,nan,nan,nan,nan,nan,nan,nan,nan,nan,nan,nan,nan,nan,nan,nan,nan,nan,nan,nan,nan,nan,nan,nan,nan,nan,nan,nan,nan,nan,10.936790108672554,13.93928454513637,0.09393756779789661,nan,nan,nan,nan,nan,0.02564215660095215,False,DISABLED,none,MODEL_ORIGIN_FRAME_NOT_ESTABLISHED,nan,nan,nan,nan,nan,nan,nan,nan,nan,nan,nan,nan,nan,NOT_EVALUATED,nan,nan,nan,nan,DISABLED,nan,nan,nan,nan,nan,nan
1791471011.8739197,1791471011.8969584,1791471011.8988411,1791471011.8988411,front_rgbd_red_sphere,False,False,True,IMAGE_INVALID,20.7,20.7,1791471011.8969584,1791471011.886453,1791471011.8739197,1791471011.8739197,1791471011.8739197,0.0,1791471010.8819242,1791471011.881937,1791471011.882408,1791471011.881937,1791471011.882408,1791471011.881937,1791471010.8819242,1791471011.881937,1791471010.8819242,1791471011.881937,1791470991.1739197,GAZEBO_CLOCK_SYSTEM_INTERPOLATION,MAPPED_EXACT,0,20.7,1791471011.8739197,0.003319978713989258,0.0,RGB,0.0,0,1,0,UNCALIBRATED,PREPARATION,UNKNOWN,TURNING,0.0,0,0.0,nan,nan,nan,nan,False,0.0,0.0,0.0,0.0,0,0,0,0,0,0.0,0.0,0.0,0.0,0.0,0.0,0.0,0.0,0.0,0.0,0.0,0.0,0.0,0.0,0.0,0.0,0.0,0.0,0.0,0.0,0.0,0.0,0.0,0.0,0.0,0.0,0.0,0.0,False,DISABLED,0,nan,nan,nan,nan,nan,nan,nan,nan,nan,nan,nan,nan,nan,nan,nan,nan,nan,nan,nan,nan,nan,nan,nan,nan,nan,nan,nan,nan,nan,nan,nan,nan,nan,nan,nan,nan,nan,nan,nan,nan,11.027189921647318,14.109327053293296,0.08482724673525627,nan,nan,nan,nan,nan,0.023038625717163086,False,DISABLED,none,MODEL_ORIGIN_FRAME_NOT_ESTABLISHED,nan,nan,nan,nan,nan,nan,nan,nan,nan,nan,nan,nan,nan,NOT_EVALUATED,nan,nan,nan,nan,DISABLED,nan,nan,nan,nan,nan,nan
1791471011.925914,1791471011.95012,1791471011.9515395,1791471011.9515395,front_rgbd_red_sphere,False,False,True,IMAGE_INVALID,20.752,20.752,1791471011.95012,1791471011.949025,1791471011.925914,1791471011.925914,1791471011.925914,0.0,1791471010.921912,1791471011.937828,1791471011.938248,1791471011.937828,1791471011.9422479,1791471011.9418223,1791471010.921912,1791471011.937828,1791471010.921912,1791471011.9418223,1791470991.173914,GAZEBO_CLOCK_SYSTEM_INTERPOLATION,MAPPED_EXACT,0,20.752,1791471011.925914,0.0005276203155517578,0.0,RGB,0.0,0,1,0,UNCALIBRATED,PREPARATION,UNKNOWN,TURNING,0.0,0,0.0,nan,nan,nan,nan,False,0.0,0.0,0.0,0.0,0,0,0,0,0,0.0,0.0,0.0,0.0,0.0,0.0,0.0,0.0,0.0,0.0,0.0,0.0,0.0,0.0,0.0,0.0,0.0,0.0,0.0,0.0,0.0,0.0,0.0,0.0,0.0,0.0,0.0,0.0,False,DISABLED,0,nan,nan,nan,nan,nan,nan,nan,nan,nan,nan,nan,nan,nan,nan,nan,nan,nan,nan,nan,nan,nan,nan,nan,nan,nan,nan,nan,nan,nan,nan,nan,nan,nan,nan,nan,nan,nan,nan,nan,nan,11.126759219801531,14.29169982927855,0.07447240695745244,nan,nan,nan,nan,nan,0.024205923080444336,False,DISABLED,none,MODEL_ORIGIN_FRAME_NOT_ESTABLISHED,nan,nan,nan,nan,nan,nan,nan,nan,nan,nan,nan,nan,nan,NOT_EVALUATED,nan,nan,nan,nan,DISABLED,nan,nan,nan,nan,nan,nan
1791471011.9739127,1791471012.0348551,1791471012.037498,1791471012.037498,front_rgbd_red_sphere,False,False,True,IMAGE_INVALID,20.8,20.8,1791471012.0348551,1791471012.0328627,1791471011.9739127,1791471011.9739127,1791471011.9739127,0.0,1791471011.0219243,1791471012.017948,1791471012.0182478,1791471012.017948,1791471012.022248,1791471012.0219688,1791471011.0179212,1791471012.017948,1791471011.0219243,1791471012.0219688,1791470991.1739128,GAZEBO_CLOCK_SYSTEM_INTERPOLATION,MAPPED_EXACT,0,20.8,1791471011.9739127,0.001489400863647461,0.0,RGB,0.0,0,1,0,UNCALIBRATED,PREPARATION,UNKNOWN,TURNING,0.0,0,0.0,nan,nan,nan,nan,False,0.0,0.0,0.0,0.0,0,0,0,0,0,0.0,0.0,0.0,0.0,0.0,0.0,0.0,0.0,0.0,0.0,0.0,0.0,0.0,0.0,0.0,0.0,0.0,0.0,0.0,0.0,0.0,0.0,0.0,0.0,0.0,0.0,0.0,0.0,False,DISABLED,0,nan,nan,nan,nan,nan,nan,nan,nan,nan,nan,nan,nan,nan,nan,nan,nan,nan,nan,nan,nan,nan,nan,nan,nan,nan,nan,nan,nan,nan,nan,nan,nan,nan,nan,nan,nan,nan,nan,nan,nan,11.220933296266935,14.45933727375816,0.0644322594723645,nan,nan,nan,nan,nan,0.06094241142272949,False,DISABLED,none,MODEL_ORIGIN_FRAME_NOT_ESTABLISHED,nan,nan,nan,nan,nan,nan,nan,nan,nan,nan,nan,nan,nan,NOT_EVALUATED,nan,nan,nan,nan,DISABLED,nan,nan,nan,nan,nan,nan
1791471012.0259323,1791471012.049854,1791471012.0543075,1791471012.0543382,front_rgbd_red_sphere,True,True,True,,20.852,20.852,1791471012.049854,1791471012.0488958,1791471012.0259323,1791471012.0259323,1791471012.0259323,0.0,1791471011.0419216,1791471012.0421562,1791471012.042445,1791471012.0421562,1791471012.046445,1791471012.0461504,1791471011.0419216,1791471012.0421562,1791471011.0419216,1791471012.0461504,1791470991.1739323,GAZEBO_CLOCK_SYSTEM_INTERPOLATION,MAPPED_EXACT,0,20.852,1791471012.0259323,0.0010695457458496094,0.0,RGB,0.0,0,1,0,UNCALIBRATED,PREPARATION,FAR,TURNING,1.0,51,1.0,18.272756576538086,0.8923245668411255,nan,nan,False,0.0,0.0,0.0,0.0,0,0,0,0,0,0.0,0.0,0.0,0.0,0.0,0.0,0.0,0.0,0.0,0.0,0.0,0.0,0.0,0.0,11.468053828781338,-13.696509192504617,3.844864750900278,0.0,0.0,0.0,0.0,0.0,0.0,0.0,0.0,0.0,0.0,0.0,False,DISABLED,0,nan,nan,nan,nan,nan,nan,nan,nan,nan,nan,nan,nan,nan,nan,nan,nan,nan,nan,nan,nan,nan,nan,nan,nan,nan,nan,nan,nan,nan,nan,nan,nan,nan,nan,11.107557509078493,14.589233948028593,0.0016732569438644984,0.06902577017929505,0.06902577017929505,0.06902577017929505,11.324916703339074,14.639512470815072,0.05317259360999707,-0.21735919426058103,-0.050278522786479485,-0.05149933666613257,0.22309851900718558,0.2289653486015978,0.023921728134155273,False,DISABLED,none,MODEL_ORIGIN_FRAME_NOT_ESTABLISHED,nan,nan,nan,nan,nan,nan,nan,nan,nan,nan,nan,nan,nan,NOT_EVALUATED,nan,nan,nan,nan,DISABLED,nan,nan,nan,nan,nan,nan
1791471012.07391,1791471012.1006262,1791471012.1053503,1791471012.1053703,front_rgbd_red_sphere,True,True,True,,20.9,20.9,1791471012.092051,1791471012.1006262,1791471012.07391,1791471012.07391,1791471012.07391,0.0,1791471011.0819304,1791471012.0821462,1791471012.082429,1791471012.0821462,1791471012.082429,1791471012.0821462,1791471011.0819304,1791471012.0821462,1791471011.0819304,1791471012.0821462,1791470991.17391,GAZEBO_CLOCK_SYSTEM_INTERPOLATION,MAPPED_EXACT,0,20.9,1791471012.07391,0.003022432327270508,0.0,RGB,0.0,0,1,0,UNCALIBRATED,PREPARATION,FAR,TURNING,1.0,154,1.0,18.473268508911133,0.8781592845916748,nan,nan,False,0.0,0.0,0.0,0.0,0,0,0,0,0,0.0,0.0,0.0,0.0,0.0,0.0,0.0,0.0,0.0,0.0,0.0,0.0,0.0,0.0,11.796453000869604,-13.653804503356486,3.959670134890577,0.0,0.0,0.0,0.0,0.0,0.0,0.0,0.0,0.0,0.0,0.0,False,DISABLED,0,nan,nan,nan,nan,nan,nan,nan,nan,nan,nan,nan,nan,nan,nan,nan,nan,nan,nan,nan,nan,nan,nan,nan,nan,nan,nan,nan,nan,nan,nan,nan,nan,nan,nan,11.20571032678174,14.76216199372444,-0.00921267655650232,0.07008339727621488,0.07008339727621488,0.07008339727621488,11.42296557465637,14.804527214231792,0.042455291479060325,-0.2172552478746308,-0.04236522050735125,-0.051667968035562645,0.22134736193978857,0.22729767609596824,0.026716232299804688,False,DISABLED,none,MODEL_ORIGIN_FRAME_NOT_ESTABLISHED,nan,nan,nan,nan,nan,nan,nan,nan,nan,nan,nan,nan,nan,NOT_EVALUATED,nan,nan,nan,nan,DISABLED,nan,nan,nan,nan,nan,nan
1791471012.1259105,1791471012.1508632,1791471012.155709,1791471012.155734,front_rgbd_red_sphere,True,True,True,,20.952,20.952,1791471012.1508632,1791471012.1465223,1791471012.1259105,1791471012.1259105,1791471012.1259105,0.0,1791471011.1419404,1791471012.1379693,1791471012.138432,1791471012.1379693,1791471012.142432,1791471012.141964,1791471011.1379247,1791471012.1379693,1791471011.1419404,1791471012.141964,1791470991.1739106,GAZEBO_CLOCK_SYSTEM_INTERPOLATION,MAPPED_EXACT,0,20.952,1791471012.1259105,0.0017235279083251953,0.0,RGB,0.0,0,1,0,UNCALIBRATED,PREPARATION,FAR,TURNING,1.0,151,1.0,18.674713134765625,0.8614858388900757,nan,nan,False,0.0,0.0,0.0,0.0,0,0,0,0,0,0.0,0.0,0.0,0.0,0.0,0.0,0.0,0.0,0.0,0.0,0.0,0.0,0.0,0.0,12.163041326999975,-13.569098274255168,4.084720313408793,0.0,0.0,0.0,0.0,0.0,0.0,0.0,0.0,0.0,0.0,0.0,False,DISABLED,0,nan,nan,nan,nan,nan,nan,nan,nan,nan,nan,nan,nan,nan,nan,nan,nan,nan,nan,nan,nan,nan,nan,nan,nan,nan,nan,nan,nan,nan,nan,nan,nan,nan,nan,11.30410669064187,14.935430322400306,-0.021045394935105655,0.07115403660614614,0.07115403660614614,0.07115403660614614,11.531184748518122,14.981727542989926,0.030602490980492905,-0.2270780578762519,-0.04629722058962038,-0.05164788591559856,0.23174959979075344,0.23743500399630435,0.02495265007019043,False,DISABLED,none,MODEL_ORIGIN_FRAME_NOT_ESTABLISHED,nan,nan,nan,nan,nan,nan,nan,nan,nan,nan,nan,nan,nan,NOT_EVALUATED,nan,nan,nan,nan,DISABLED,nan,nan,nan,nan,nan,nan
1791471012.1739097,1791471012.2044606,1791471012.2098277,1791471012.2098517,front_rgbd_red_sphere,True,True,True,,21.0,21.0,1791471012.2044606,1791471012.2038562,1791471012.1739097,1791471012.1739097,1791471012.1739097,0.0,1791471011.1619327,1791471012.1779413,1791471012.178417,1791471012.1779413,1791471012.182417,1791471012.1819458,1791471011.1619327,1791471012.1779413,1791471011.1619327,1791471012.1819458,1791470991.1739097,GAZEBO_CLOCK_SYSTEM_INTERPOLATION,MAPPED_EXACT,0,21.0,1791471012.1739097,0.002836465835571289,0.0,RGB,0.0,0,1,0,UNCALIBRATED,PREPARATION,FAR,TURNING,1.0,136,1.0,18.87654685974121,0.8452191352844238,nan,nan,False,0.0,0.0,0.0,0.0,0,0,0,0,0,0.0,0.0,0.0,0.0,0.0,0.0,0.0,0.0,0.0,0.0,0.0,0.0,0.0,0.0,12.525860732712594,-13.47842586336236,4.21412771531668,0.0,0.0,0.0,0.0,0.0,0.0,0.0,0.0,0.0,0.0,0.0,False,DISABLED,0,nan,nan,nan,nan,nan,nan,nan,nan,nan,nan,nan,nan,nan,nan,nan,nan,nan,nan,nan,nan,nan,nan,nan,nan,nan,nan,nan,nan,nan,nan,nan,nan,nan,nan,11.407075056249665,15.106473810513128,-0.03332612419746045,0.07223487738126014,0.07223487738126014,0.07223487738126014,11.633586144863612,15.144500275801834,0.019435080453362206,-0.22651108861394675,-0.03802646528870568,-0.05276120465082265,0.22968083360922473,0.23566295857354072,0.03055095672607422,False,DISABLED,none,MODEL_ORIGIN_FRAME_NOT_ESTABLISHED,nan,nan,nan,nan,nan,nan,nan,nan,nan,nan,nan,nan,nan,NOT_EVALUATED,nan,nan,nan,nan,DISABLED,nan,nan,nan,nan,nan,nan
1791471012.225918,1791471012.243839,1791471012.2531047,1791471012.2531512,front_rgbd_red_sphere,True,True,True,,21.052,21.052,1791471012.243839,1791471012.242837,1791471012.225918,1791471012.225918,1791471012.225918,0.0,1791471011.2219152,1791471012.2418919,1791471012.242372,1791471012.2418919,1791471012.242372,1791471012.2418919,1791471011.2179172,1791471012.2418919,1791471011.2219152,1791471012.2418919,1791470991.173918,GAZEBO_CLOCK_SYSTEM_INTERPOLATION,MAPPED_EXACT,0,21.052,1791471012.225918,0.0020186901092529297,0.0,RGB,0.0,0,1,0,UNCALIBRATED,PREPARATION,FAR,TURNING,1.0,124,1.0,19.077816009521484,0.8260966539382935,nan,nan,False,0.0,0.0,0.0,0.0,0,0,0,0,0,0.0,0.0,0.0,0.0,0.0,0.0,0.0,0.0,0.0,0.0,0.0,0.0,0.0,0.0,12.930009303469236,-13.331624164235889,4.364141212983525,0.0,0.0,0.0,0.0,0.0,0.0,0.0,0.0,0.0,0.0,0.0,False,DISABLED,0,nan,nan,nan,nan,nan,nan,nan,nan,nan,nan,nan,nan,nan,nan,nan,nan,nan,nan,nan,nan,nan,nan,nan,nan,nan,nan,nan,nan,nan,nan,nan,nan,nan,nan,11.510776235734616,15.275780054563755,-0.046075247081571236,0.07332081315946785,0.07332081315946785,0.07332081315946785,11.74664862663117,15.319241804254712,0.0072307317168475715,-0.23587239089655476,-0.04346174969095706,-0.05330597879841881,0.23984309136069884,0.24569541275553763,0.017920970916748047,False,DISABLED,none,MODEL_ORIGIN_FRAME_NOT_ESTABLISHED,nan,nan,nan,nan,nan,nan,nan,nan,nan,nan,nan,nan,nan,NOT_EVALUATED,nan,nan,nan,nan,DISABLED,nan,nan,nan,nan,nan,nan
1791471012.2739165,1791471012.2950554,1791471012.2988698,1791471012.2989259,front_rgbd_red_sphere,True,True,True,,21.1,21.1,1791471012.2950554,1791471012.293023,1791471012.2739165,1791471012.2739165,1791471012.2739165,0.0,1791471011.2619154,1791471012.2818766,1791471012.282348,1791471012.2818766,1791471012.282348,1791471012.2818766,1791471011.257919,1791471012.2818766,1791471011.2619154,1791471012.2818766,1791470991.1739166,GAZEBO_CLOCK_SYSTEM_INTERPOLATION,MAPPED_EXACT,0,21.1,1791471012.2739165,0.001383066177368164,0.0,RGB,0.0,0,1,0,UNCALIBRATED,PREPARATION,FAR,TURNING,1.0,115,1.0,19.27935218811035,0.8071854114532471,nan,nan,False,0.0,0.0,0.0,0.0,0,0,0,0,0,0.0,0.0,0.0,0.0,0.0,0.0,0.0,0.0,0.0,0.0,0.0,0.0,0.0,0.0,13.33233305634413,-13.17101324017001,4.52402006633133,0.0,0.0,0.0,0.0,0.0,0.0,0.0,0.0,0.0,0.0,0.0,False,DISABLED,0,nan,nan,nan,nan,nan,nan,nan,nan,nan,nan,nan,nan,nan,nan,nan,nan,nan,nan,nan,nan,nan,nan,nan,nan,nan,nan,nan,nan,nan,nan,nan,nan,nan,nan,11.616574174033397,15.444594382927512,-0.05953042065338637,0.07441631000419821,0.07441631000419821,0.07441631000419821,11.853056594333827,15.478754481536878,-0.004059883305059697,-0.23648242030042965,-0.034160098609365974,-0.05547053734832667,0.23893691102077694,0.24529131244677782,0.021138906478881836,False,DISABLED,none,MODEL_ORIGIN_FRAME_NOT_ESTABLISHED,nan,nan,nan,nan,nan,nan,nan,nan,nan,nan,nan,nan,nan,NOT_EVALUATED,nan,nan,nan,nan,DISABLED,nan,nan,nan,nan,nan,nan
1791471012.325913,1791471012.3494523,1791471012.354789,1791471012.3548083,front_rgbd_red_sphere,True,True,True,,21.152,21.152,1791471012.3494523,1791471012.3465426,1791471012.325913,1791471012.325913,1791471012.325913,0.0,1791471011.321921,1791471012.3379185,1791471012.3383548,1791471012.3379185,1791471012.342355,1791471012.3419163,1791471011.321921,1791471012.3379185,1791471011.321921,1791471012.3419163,1791470991.173913,GAZEBO_CLOCK_SYSTEM_INTERPOLATION,MAPPED_EXACT,0,21.152,1791471012.325913,0.003791332244873047,0.0,RGB,0.0,0,1,0,UNCALIBRATED,PREPARATION,FAR,TURNING,1.0,107,1.0,19.48179054260254,0.7849660515785217,nan,nan,False,0.0,0.0,0.0,0.0,0,0,0,0,0,0.0,0.0,0.0,0.0,0.0,0.0,0.0,0.0,0.0,0.0,0.0,0.0,0.0,0.0,13.781658062072141,-12.94073754083373,4.705676909979976,0.0,0.0,0.0,0.0,0.0,0.0,0.0,0.0,0.0,0.0,0.0,False,DISABLED,0,nan,nan,nan,nan,nan,nan,nan,nan,nan,nan,nan,nan,nan,nan,nan,nan,nan,nan,nan,nan,nan,nan,nan,nan,nan,nan,nan,nan,nan,nan,nan,nan,nan,nan,11.725656327124607,15.611534374256246,-0.07280180991186497,0.07552488389009628,0.07552488389009628,0.07552488389009628,11.970702900509266,15.650127811795297,-0.016271894519904222,-0.24504657338465918,-0.03859343753905087,-0.05652991539196074,0.2480670807435839,0.25442662573493763,0.023539304733276367,False,DISABLED,none,MODEL_ORIGIN_FRAME_NOT_ESTABLISHED,nan,nan,nan,nan,nan,nan,nan,nan,nan,nan,nan,nan,nan,NOT_EVALUATED,nan,nan,nan,nan,DISABLED,nan,nan,nan,nan,nan,nan
1791471012.3739102,1791471012.392964,1791471012.3966982,1791471012.3967197,front_rgbd_red_sphere,True,True,True,,21.2,21.2,1791471012.392964,1791471012.3913176,1791471012.3739102,1791471012.3739102,1791471012.3739102,0.0,1791471011.3619144,1791471012.3778985,1791471012.378332,1791471012.3778985,1791471012.3823318,1791471012.3819022,1791471011.3619144,1791471012.3778985,1791471011.3619144,1791471012.3819022,1791470991.1739101,GAZEBO_CLOCK_SYSTEM_INTERPOLATION,MAPPED_EXACT,0,21.2,1791471012.3739102,0.003248453140258789,0.0,RGB,0.0,0,1,0,UNCALIBRATED,PREPARATION,FAR,TURNING,1.0,96,1.0,19.683727264404297,0.7632107734680176,nan,nan,False,0.0,0.0,0.0,0.0,0,0,0,0,0,0.0,0.0,0.0,0.0,0.0,0.0,0.0,0.0,0.0,0.0,0.0,0.0,0.0,0.0,14.223860905394298,-12.69713589665346,4.890157256393428,0.0,0.0,0.0,0.0,0.0,0.0,0.0,0.0,0.0,0.0,0.0,False,DISABLED,0,nan,nan,nan,nan,nan,nan,nan,nan,nan,nan,nan,nan,nan,nan,nan,nan,nan,nan,nan,nan,nan,nan,nan,nan,nan,nan,nan,nan,nan,nan,nan,nan,nan,nan,11.835728969377817,15.777718106099128,-0.0859267541161099,0.0766388752446764,0.0766388752446764,0.0766388752446764,12.081756333113521,15.806919887594468,-0.027462353604898376,-0.24602736373570444,-0.02920178149534003,-0.05846440051121152,0.247754329425829,0.2545590184542232,0.01905369758605957,False,DISABLED,none,MODEL_ORIGIN_FRAME_NOT_ESTABLISHED,nan,nan,nan,nan,nan,nan,nan,nan,nan,nan,nan,nan,nan,NOT_EVALUATED,nan,nan,nan,nan,DISABLED,nan,nan,nan,nan,nan,nan
1791471012.425921,1791471012.4574935,1791471012.4643745,1791471012.4643953,front_rgbd_red_sphere,True,True,True,,21.252,21.252,1791471012.4574935,1791471012.4550214,1791471012.425921,1791471012.425921,1791471012.425921,0.0,1791471011.4419298,1791471012.4419453,1791471012.44234,1791471012.4419453,1791471012.44234,1791471012.4419453,1791471011.4419298,1791471012.4419453,1791471011.4419298,1791471012.4419453,1791470991.1739209,GAZEBO_CLOCK_SYSTEM_INTERPOLATION,MAPPED_EXACT,0,21.252,1791471012.425921,0.004065275192260742,0.0,RGB,0.0,0,1,0,UNCALIBRATED,PREPARATION,FAR,TURNING,1.0,90,1.0,19.88595962524414,0.7381709814071655,nan,nan,False,0.0,0.0,0.0,0.0,0,0,0,0,0,0.0,0.0,0.0,0.0,0.0,0.0,0.0,0.0,0.0,0.0,0.0,0.0,0.0,0.0,14.70965732309845,-12.375861798992535,5.090722102084801,0.0,0.0,0.0,0.0,0.0,0.0,0.0,0.0,0.0,0.0,0.0,False,DISABLED,0,nan,nan,nan,nan,nan,nan,nan,nan,nan,nan,nan,nan,nan,nan,nan,nan,nan,nan,nan,nan,nan,nan,nan,nan,nan,nan,nan,nan,nan,nan,nan,nan,nan,nan,11.94864845349462,15.941511128201745,-0.09879724075929847,0.07776267934897266,0.07776267934897266,0.07776267934897266,12.20334550721336,15.973563923853392,-0.03930489733650969,-0.25469705371873985,-0.03205279565164787,-0.05949234342278878,0.25670600086887907,0.26350960097884096,0.031572580337524414,False,DISABLED,none,MODEL_ORIGIN_FRAME_NOT_ESTABLISHED,nan,nan,nan,nan,nan,nan,nan,nan,nan,nan,nan,nan,nan,NOT_EVALUATED,nan,nan,nan,nan,DISABLED,nan,nan,nan,nan,nan,nan
1791471012.473917,1791471012.4917977,1791471012.496556,1791471012.4965775,front_rgbd_red_sphere,True,True,True,,21.3,21.3,1791471012.4917977,1791471012.490171,1791471012.473917,1791471012.473917,1791471012.473917,0.0,1791471011.481923,1791471012.4819448,1791471012.482347,1791471012.4819448,1791471012.482347,1791471012.4819448,1791471011.481923,1791471012.4819448,1791471011.481923,1791471012.4819448,1791470991.173917,GAZEBO_CLOCK_SYSTEM_INTERPOLATION,MAPPED_EXACT,0,21.3,1791471012.473917,0.0021605491638183594,0.0,RGB,0.0,0,1,0,UNCALIBRATED,PREPARATION,FAR,TURNING,1.0,82,1.0,20.090259552001953,0.7141672372817993,nan,nan,False,0.0,0.0,0.0,0.0,0,0,0,0,0,0.0,0.0,0.0,0.0,0.0,0.0,0.0,0.0,0.0,0.0,0.0,0.0,0.0,0.0,15.180983339365634,-12.049938548959439,5.2872745038702735,0.0,0.0,0.0,0.0,0.0,0.0,0.0,0.0,0.0,0.0,0.0,False,DISABLED,0,nan,nan,nan,nan,nan,nan,nan,nan,nan,nan,nan,nan,nan,nan,nan,nan,nan,nan,nan,nan,nan,nan,nan,nan,nan,nan,nan,nan,nan,nan,nan,nan,nan,nan,12.065580995761282,16.10553264141396,-0.11134727115888493,0.07890627054630667,0.07890627054630667,0.07890627054630667,12.319853888623337,16.128267933533124,-0.05018580324576748,-0.2542728928620548,-0.02273529211916525,-0.061161467913117454,0.2552872843527107,0.26251156681081517,0.017880678176879883,False,DISABLED,none,MODEL_ORIGIN_FRAME_NOT_ESTABLISHED,nan,nan,nan,nan,nan,nan,nan,nan,nan,nan,nan,nan,nan,NOT_EVALUATED,nan,nan,nan,nan,DISABLED,nan,nan,nan,nan,nan,nan
1791471012.525913,1791471012.5518465,1791471012.555862,1791471012.5558808,front_rgbd_red_sphere,True,True,True,,21.352,21.352,1791471012.5518465,1791471012.5494628,1791471012.525913,1791471012.525913,1791471012.525913,0.0,1791471011.5419333,1791471012.5379338,1791471012.538348,1791471012.5379338,1791471012.542348,1791471012.5419364,1791471011.5379279,1791471012.5379338,1791471011.5419333,1791471012.5419364,1791470991.173913,GAZEBO_CLOCK_SYSTEM_INTERPOLATION,MAPPED_EXACT,0,21.352,1791471012.525913,0.002337932586669922,0.0,RGB,0.0,0,1,0,UNCALIBRATED,PREPARATION,FAR,TURNING,1.0,73,1.0,20.291269302368164,0.687263011932373,nan,nan,False,0.0,0.0,0.0,0.0,0,0,0,0,0,0.0,0.0,0.0,0.0,0.0,0.0,0.0,0.0,0.0,0.0,0.0,0.0,0.0,0.0,15.684852707362953,-11.642811810983773,5.492349519639011,0.0,0.0,0.0,0.0,0.0,0.0,0.0,0.0,0.0,0.0,0.0,False,DISABLED,0,nan,nan,nan,nan,nan,nan,nan,nan,nan,nan,nan,nan,nan,nan,nan,nan,nan,nan,nan,nan,nan,nan,nan,nan,nan,nan,nan,nan,nan,nan,nan,nan,nan,nan,12.181842324418692,16.265185387759153,-0.1239403571987911,0.08003958694692458,0.08003958694692458,0.08003958694692458,12.446602695523833,16.29143222094361,-0.06147843768024288,-0.2647603711051403,-0.0262468331844552,-0.062461919518548216,0.2660581710076656,0.2732918618434984,0.025933504104614258,False,DISABLED,none,MODEL_ORIGIN_FRAME_NOT_ESTABLISHED,nan,nan,nan,nan,nan,nan,nan,nan,nan,nan,nan,nan,nan,NOT_EVALUATED,nan,nan,nan,nan,DISABLED,nan,nan,nan,nan,nan,nan
1791471012.5739093,1791471012.591262,1791471012.594462,1791471012.5944855,front_rgbd_red_sphere,True,True,True,,21.4,21.4,1791471012.591262,1791471012.590364,1791471012.5739093,1791471012.5739093,1791471012.5739093,0.0,1791471011.5779247,1791471012.5779254,1791471012.578348,1791471012.5779254,1791471012.5823479,1791471012.581932,1791471011.5779247,1791471012.5779254,1791471011.561916,1791471012.581932,1791470991.1739092,GAZEBO_CLOCK_SYSTEM_INTERPOLATION,MAPPED_EXACT,0,21.4,1791471012.5739093,0.001575469970703125,0.0,RGB,0.0,0,1,0,UNCALIBRATED,PREPARATION,FAR,TURNING,1.0,70,1.0,20.495824813842773,0.6620556712150574,nan,nan,False,0.0,0.0,0.0,0.0,0,0,0,0,0,0.0,0.0,0.0,0.0,0.0,0.0,0.0,0.0,0.0,0.0,0.0,0.0,0.0,0.0,16.16567657938183,-11.24214139224567,5.688939035814951,0.0,0.0,0.0,0.0,0.0,0.0,0.0,0.0,0.0,0.0,0.0,False,DISABLED,0,nan,nan,nan,nan,nan,nan,nan,nan,nan,nan,nan,nan,nan,nan,nan,nan,nan,nan,nan,nan,nan,nan,nan,nan,nan,nan,nan,nan,nan,nan,nan,nan,nan,nan,12.302997246771922,16.425982090897136,-0.13606315041519762,0.0812012080351712,0.0812012080351712,0.0812012080351712,12.567740246948796,16.44235189582796,-0.07168359508137817,-0.2647430001768747,-0.016369804930825183,-0.06437955533381945,0.2652486129202676,0.27294972760767916,0.017352819442749023,False,DISABLED,none,MODEL_ORIGIN_FRAME_NOT_ESTABLISHED,nan,nan,nan,nan,nan,nan,nan,nan,nan,nan,nan,nan,nan,NOT_EVALUATED,nan,nan,nan,nan,DISABLED,nan,nan,nan,nan,nan,nan
1791471012.6259167,1791471012.6522708,1791471012.6570377,1791471012.6570623,front_rgbd_red_sphere,True,True,True,,21.452,21.452,1791471012.6522708,1791471012.6499355,1791471012.6259167,1791471012.6259167,1791471012.6259167,0.0,1791471011.6419177,1791471012.641939,1791471012.6423478,1791471012.641939,1791471012.6423478,1791471012.641939,1791471011.6419177,1791471012.641939,1791471011.6419177,1791471012.641939,1791470991.1739168,GAZEBO_CLOCK_SYSTEM_INTERPOLATION,MAPPED_EXACT,0,21.452,1791471012.6259167,0.0026907920837402344,0.0,RGB,0.0,0,1,0,UNCALIBRATED,PREPARATION,FAR,TURNING,1.0,63,1.0,20.69707679748535,0.6344549655914307,nan,nan,False,0.0,0.0,0.0,0.0,0,0,0,0,0,0.0,0.0,0.0,0.0,0.0,0.0,0.0,0.0,0.0,0.0,0.0,0.0,0.0,0.0,16.669320368358967,-10.761970779457805,5.8892065001292675,0.0,0.0,0.0,0.0,0.0,0.0,0.0,0.0,0.0,0.0,0.0,False,DISABLED,0,nan,nan,nan,nan,nan,nan,nan,nan,nan,nan,nan,nan,nan,nan,nan,nan,nan,nan,nan,nan,nan,nan,nan,nan,nan,nan,nan,nan,nan,nan,nan,nan,nan,nan,12.42375158899333,16.581792837450482,-0.14690034176887629,0.08235222470039984,0.08235222470039984,0.08235222470039984,12.699945067160613,16.60186257983692,-0.08215784425632569,-0.2761934781672828,-0.020069742386436218,-0.0647424975125506,0.27692170724159426,0.2843892102836566,0.026354074478149414,False,DISABLED,none,MODEL_ORIGIN_FRAME_NOT_ESTABLISHED,nan,nan,nan,nan,nan,nan,nan,nan,nan,nan,nan,nan,nan,NOT_EVALUATED,nan,nan,nan,nan,DISABLED,nan,nan,nan,nan,nan,nan
1791471012.6739137,1791471012.6934497,1791471012.6974914,1791471012.6975138,front_rgbd_red_sphere,True,True,True,,21.5,21.5,1791471012.6934497,1791471012.6926289,1791471012.6739137,1791471012.6739137,1791471012.6739137,0.0,1791471011.681928,1791471012.6819334,1791471012.682348,1791471012.6819334,1791471012.682348,1791471012.6819334,1791471011.681928,1791471012.6819334,1791471011.681928,1791471012.6819334,1791470991.1739137,GAZEBO_CLOCK_SYSTEM_INTERPOLATION,MAPPED_EXACT,0,21.5,1791471012.6739137,0.0038039684295654297,0.0,RGB,0.0,0,1,0,UNCALIBRATED,PREPARATION,FAR,TURNING,1.0,59,1.0,20.9017391204834,0.609112024307251,nan,nan,False,0.0,0.0,0.0,0.0,0,0,0,0,0,0.0,0.0,0.0,0.0,0.0,0.0,0.0,0.0,0.0,0.0,0.0,0.0,0.0,0.0,17.142694765508477,-10.298490215656553,6.078799866343591,0.0,0.0,0.0,0.0,0.0,0.0,0.0,0.0,0.0,0.0,0.0,False,DISABLED,0,nan,nan,nan,nan,nan,nan,nan,nan,nan,nan,nan,nan,nan,nan,nan,nan,nan,nan,nan,nan,nan,nan,nan,nan,nan,nan,nan,nan,nan,nan,nan,nan,nan,nan,12.550219765066533,16.738285255746895,-0.1577979461484626,0.08353105160298503,0.08353105160298503,0.08353105160298503,12.825462436819837,16.748235259988963,-0.0914079984079796,-0.2752426717533041,-0.009950004242067934,-0.066389947740483,0.27542245903033086,0.28331105890751657,0.01953601837158203,False,DISABLED,none,MODEL_ORIGIN_FRAME_NOT_ESTABLISHED,nan,nan,nan,nan,nan,nan,nan,nan,nan,nan,nan,nan,nan,NOT_EVALUATED,nan,nan,nan,nan,DISABLED,nan,nan,nan,nan,nan,nan
1791471012.7259111,1791471012.762883,1791471012.7678342,1791471012.7678535,front_rgbd_red_sphere,True,True,True,,21.552,21.552,1791471012.762883,1791471012.749971,1791471012.7259111,1791471012.7259111,1791471012.7259111,0.0,1791471011.7219205,1791471012.7379234,1791471012.738348,1791471012.7379234,1791471012.742348,1791471012.741925,1791471011.7219205,1791471012.7379234,1791471011.7219205,1791471012.741925,1791470991.173911,GAZEBO_CLOCK_SYSTEM_INTERPOLATION,MAPPED_EXACT,0,21.552,1791471012.7259111,0.0019872188568115234,0.0,RGB,0.0,0,1,0,UNCALIBRATED,PREPARATION,FAR,TURNING,1.0,51,1.0,21.10384750366211,0.5819143056869507,nan,nan,False,0.0,0.0,0.0,0.0,0,0,0,0,0,0.0,0.0,0.0,0.0,0.0,0.0,0.0,0.0,0.0,0.0,0.0,0.0,0.0,0.0,17.630408929320648,-9.75890822657568,6.269354160684207,0.0,0.0,0.0,0.0,0.0,0.0,0.0,0.0,0.0,0.0,0.0,False,DISABLED,0,nan,nan,nan,nan,nan,nan,nan,nan,nan,nan,nan,nan,nan,nan,nan,nan,nan,nan,nan,nan,nan,nan,nan,nan,nan,nan,nan,nan,nan,nan,nan,nan,nan,nan,12.677740664171955,16.89006531936621,-0.1678595936077491,0.08470339821631016,0.08470339821631016,0.08470339821631016,12.96330272858427,16.90376503194827,-0.10080653908174832,-0.285562064412316,-0.01369971258205993,-0.06705305452600079,0.28589049434399666,0.29364857717605514,0.0369718074798584,False,DISABLED,none,MODEL_ORIGIN_FRAME_NOT_ESTABLISHED,nan,nan,nan,nan,nan,nan,nan,nan,nan,nan,nan,nan,nan,NOT_EVALUATED,nan,nan,nan,nan,DISABLED,nan,nan,nan,nan,nan,nan
1791471012.773911,1791471012.8029928,1791471012.806036,1791471012.8060572,front_rgbd_red_sphere,True,True,True,,21.6,21.6,1791471012.8029928,1791471012.80199,1791471012.773911,1791471012.773911,1791471012.773911,0.0,1791471011.762078,1791471012.777931,1791471012.778348,1791471012.777931,1791471012.782348,1791471012.7819304,1791471011.762078,1791471012.777931,1791471011.762078,1791471012.7819304,1791470991.173911,GAZEBO_CLOCK_SYSTEM_INTERPOLATION,MAPPED_EXACT,0,21.6,1791471012.773911,0.0013048648834228516,0.0,RGB,0.0,0,1,0,UNCALIBRATED,PREPARATION,FAR,TURNING,1.0,53,1.0,21.3077335357666,0.5573475956916809,nan,nan,False,0.0,0.0,0.0,0.0,0,0,0,0,0,0.0,0.0,0.0,0.0,0.0,0.0,0.0,0.0,0.0,0.0,0.0,0.0,0.0,0.0,18.08304398215023,-9.244373753807947,6.447061902225548,0.0,0.0,0.0,0.0,0.0,0.0,0.0,0.0,0.0,0.0,0.0,False,DISABLED,0,nan,nan,nan,nan,nan,nan,nan,nan,nan,nan,nan,nan,nan,nan,nan,nan,nan,nan,nan,nan,nan,nan,nan,nan,nan,nan,nan,nan,nan,nan,nan,nan,nan,nan,12.81043662275707,17.040891978741808,-0.1769727708734194,0.08589432787025428,0.08589432787025428,0.08589432787025428,13.0929252954913,17.044880900332384,-0.10885708203539406,-0.28248867273422995,-0.003988921590575956,-0.06811568883802534,0.2825168343985941,0.290612299781825,0.02908182144165039,False,DISABLED,none,MODEL_ORIGIN_FRAME_NOT_ESTABLISHED,nan,nan,nan,nan,nan,nan,nan,nan,nan,nan,nan,nan,nan,NOT_EVALUATED,nan,nan,nan,nan,DISABLED,nan,nan,nan,nan,nan,nan
1791471012.8259113,1791471012.8568764,1791471012.861387,1791471012.861409,front_rgbd_red_sphere,True,True,True,,21.652,21.652,1791471012.8516414,1791471012.8568764,1791471012.8259113,1791471012.8259113,1791471012.8259113,0.0,1791471011.8219278,1791471012.8419318,1791471012.8423479,1791471012.8419318,1791471012.8423479,1791471012.8419318,1791471011.8179226,1791471012.8419318,1791471011.8219278,1791471012.8419318,1791470991.1739113,GAZEBO_CLOCK_SYSTEM_INTERPOLATION,MAPPED_EXACT,0,21.652,1791471012.8259113,0.003202199935913086,0.0,RGB,0.0,0,1,0,UNCALIBRATED,PREPARATION,FAR,TURNING,1.0,48,1.0,21.511980056762695,0.5314634442329407,nan,nan,False,0.0,0.0,0.0,0.0,0,0,0,0,0,0.0,0.0,0.0,0.0,0.0,0.0,0.0,0.0,0.0,0.0,0.0,0.0,0.0,0.0,18.544753905211273,-8.660377249179612,6.622330352451538,0.0,0.0,0.0,0.0,0.0,0.0,0.0,0.0,0.0,0.0,0.0,False,DISABLED,0,nan,nan,nan,nan,nan,nan,nan,nan,nan,nan,nan,nan,nan,nan,nan,nan,nan,nan,nan,nan,nan,nan,nan,nan,nan,nan,nan,nan,nan,nan,nan,nan,nan,nan,12.945267375781341,17.189744242920856,-0.18507467663535987,0.08709569735071215,0.08709569735071215,0.08709569735071215,13.235953444945848,17.19539323659235,-0.116908142804751,-0.2906860691645061,-0.005648993671492519,-0.06816653383060887,0.29074095331723154,0.29862514674804624,0.030965089797973633,False,DISABLED,none,MODEL_ORIGIN_FRAME_NOT_ESTABLISHED,nan,nan,nan,nan,nan,nan,nan,nan,nan,nan,nan,nan,nan,NOT_EVALUATED,nan,nan,nan,nan,DISABLED,nan,nan,nan,nan,nan,nan
1791471012.873914,1791471012.892272,1791471012.8955188,1791471012.8955379,front_rgbd_red_sphere,True,True,True,,21.7,21.7,1791471012.892272,1791471012.8907597,1791471012.873914,1791471012.873914,1791471012.873914,0.0,1791471011.8619366,1791471012.8819242,1791471012.8823478,1791471012.8819242,1791471012.8823478,1791471012.8819242,1791471011.8579395,1791471012.8819242,1791471011.8619366,1791471012.8819242,1791470991.173914,GAZEBO_CLOCK_SYSTEM_INTERPOLATION,MAPPED_EXACT,0,21.7,1791471012.873914,0.002543210983276367,0.0,RGB,0.0,0,1,0,UNCALIBRATED,PREPARATION,FAR,TURNING,1.0,47,1.0,21.7163143157959,0.5085357427597046,nan,nan,False,0.0,0.0,0.0,0.0,0,0,0,0,0,0.0,0.0,0.0,0.0,0.0,0.0,0.0,0.0,0.0,0.0,0.0,0.0,0.0,0.0,18.968296083042354,-8.112682991217167,6.7813266353765504,0.0,0.0,0.0,0.0,0.0,0.0,0.0,0.0,0.0,0.0,0.0,False,DISABLED,0,nan,nan,nan,nan,nan,nan,nan,nan,nan,nan,nan,nan,nan,nan,nan,nan,nan,nan,nan,nan,nan,nan,nan,nan,nan,nan,nan,nan,nan,nan,nan,nan,nan,nan,13.082542433872279,17.337305036794575,-0.19241987308641256,0.08830592887354524,0.08830592887354524,0.08830592887354524,13.371423321894929,17.332762945175684,-0.12367488663539475,-0.2888808880226499,0.004542091618890964,-0.06874498645101781,0.28891659360623295,0.29698261097778067,0.01835799217224121,False,DISABLED,none,MODEL_ORIGIN_FRAME_NOT_ESTABLISHED,nan,nan,nan,nan,nan,nan,nan,nan,nan,nan,nan,nan,nan,NOT_EVALUATED,nan,nan,nan,nan,DISABLED,nan,nan,nan,nan,nan,nan
1791471012.9259098,1791471012.942717,1791471012.9502497,1791471012.9502704,front_rgbd_red_sphere,True,True,True,,21.752,21.752,1791471012.942717,1791471012.9410508,1791471012.9259098,1791471012.9259098,1791471012.9259098,0.0,1791471011.9418223,1791471012.9379175,1791471012.9383478,1791471012.9379175,1791471012.942348,1791471012.941917,1791471011.937828,1791471012.9379175,1791471011.9418223,1791471012.941917,1791470991.1739097,GAZEBO_CLOCK_SYSTEM_INTERPOLATION,MAPPED_EXACT,0,21.752,1791471012.9259098,0.0014698505401611328,0.0,RGB,0.0,0,1,0,UNCALIBRATED,PREPARATION,FAR,TURNING,1.0,45,1.0,21.91944122314453,0.4849327504634857,nan,nan,False,0.0,0.0,0.0,0.0,0,0,0,0,0,0.0,0.0,0.0,0.0,0.0,0.0,0.0,0.0,0.0,0.0,0.0,0.0,0.0,0.0,19.392267276389358,-7.506779500639353,6.9318192392654865,0.0,0.0,0.0,0.0,0.0,0.0,0.0,0.0,0.0,0.0,0.0,False,DISABLED,0,nan,nan,nan,nan,nan,nan,nan,nan,nan,nan,nan,nan,nan,nan,nan,nan,nan,nan,nan,nan,nan,nan,nan,nan,nan,nan,nan,nan,nan,nan,nan,nan,nan,nan,13.220210189007457,17.48178197044184,-0.1984114238476748,0.0895172939929469,0.0895172939929469,0.0895172939929469,13.520089143479375,17.478207614249108,-0.13019699273488197,-0.29987895447191804,0.0035743561927326084,-0.06821443111279282,0.2999002556807233,0.30756035500272977,0.01680731773376465,False,DISABLED,none,MODEL_ORIGIN_FRAME_NOT_ESTABLISHED,nan,nan,nan,nan,nan,nan,nan,nan,nan,nan,nan,nan,nan,NOT_EVALUATED,nan,nan,nan,nan,DISABLED,nan,nan,nan,nan,nan,nan
1791471012.9739182,1791471012.993586,1791471012.9969697,1791471012.9969893,front_rgbd_red_sphere,True,True,True,,21.8,21.8,1791471012.993586,1791471012.992497,1791471012.9739182,1791471012.9739182,1791471012.9739182,0.0,1791471011.9817867,1791471012.9779289,1791471012.978348,1791471012.9779289,1791471012.982348,1791471012.98193,1791471011.9777896,1791471012.9779289,1791471011.9817867,1791471012.98193,1791470991.1739182,GAZEBO_CLOCK_SYSTEM_INTERPOLATION,MAPPED_EXACT,0,21.8,1791471012.9739182,0.003891468048095703,0.0,RGB,0.0,0,1,0,UNCALIBRATED,PREPARATION,FAR,TURNING,1.0,43,1.0,22.12318229675293,0.46458524465560913,nan,nan,False,0.0,0.0,0.0,0.0,0,0,0,0,0,0.0,0.0,0.0,0.0,0.0,0.0,0.0,0.0,0.0,0.0,0.0,0.0,0.0,0.0,19.77828947452438,-6.951155222883484,7.0665312608354665,0.0,0.0,0.0,0.0,0.0,0.0,0.0,0.0,0.0,0.0,0.0,False,DISABLED,0,nan,nan,nan,nan,nan,nan,nan,nan,nan,nan,nan,nan,nan,nan,nan,nan,nan,nan,nan,nan,nan,nan,nan,nan,nan,nan,nan,nan,nan,nan,nan,nan,nan,nan,13.360069141404887,17.625600214623503,-0.20394850785960944,0.09074060607532858,0.09074060607532858,0.09074060607532858,13.659977909763507,17.609831073071316,-0.13542377995665186,-0.2999087683586197,0.01576914155218745,-0.06852472790295758,0.3003230513358525,0.3080415126210289,0.019667863845825195,False,DISABLED,none,MODEL_ORIGIN_FRAME_NOT_ESTABLISHED,nan,nan,nan,nan,nan,nan,nan,nan,nan,nan,nan,nan,nan,NOT_EVALUATED,nan,nan,nan,nan,DISABLED,nan,nan,nan,nan,nan,nan
1791471013.0259163,1791471013.0502052,1791471013.0565245,1791471013.0565524,front_rgbd_red_sphere,True,True,True,,21.852,21.852,1791471013.0502052,1791471013.0460072,1791471013.0259163,1791471013.0259163,1791471013.0259163,0.0,1791471012.0219688,1791471013.041936,1791471013.042348,1791471013.041936,1791471013.042348,1791471013.041936,1791471012.017948,1791471013.041936,1791471012.0219688,1791471013.041936,1791470991.1739163,GAZEBO_CLOCK_SYSTEM_INTERPOLATION,MAPPED_EXACT,0,21.852,1791471013.0259163,0.0009341239929199219,0.0,RGB,0.0,0,1,0,UNCALIBRATED,PREPARATION,FAR,TURNING,1.0,38,1.0,22.327558517456055,0.44425293803215027,nan,nan,False,0.0,0.0,0.0,0.0,0,0,0,0,0,0.0,0.0,0.0,0.0,0.0,0.0,0.0,0.0,0.0,0.0,0.0,0.0,0.0,0.0,20.160267424216975,-6.352977778784803,7.19188372139104,0.0,0.0,0.0,0.0,0.0,0.0,0.0,0.0,0.0,0.0,0.0,False,DISABLED,0,nan,nan,nan,nan,nan,nan,nan,nan,nan,nan,nan,nan,nan,nan,nan,nan,nan,nan,nan,nan,nan,nan,nan,nan,nan,nan,nan,nan,nan,nan,nan,nan,nan,nan,13.501256059729132,17.767842382302092,-0.20876227625066596,0.09197608482603735,0.09197608482603735,0.09197608482603735,13.813664559064598,17.749141471975136,-0.14023050636792556,-0.31240849933546677,0.018700910326955977,-0.0685317698827404,0.3129677211855804,0.3203832049083661,0.02428889274597168,False,DISABLED,none,MODEL_ORIGIN_FRAME_NOT_ESTABLISHED,nan,nan,nan,nan,nan,nan,nan,nan,nan,nan,nan,nan,nan,NOT_EVALUATED,nan,nan,nan,nan,DISABLED,nan,nan,nan,nan,nan,nan
1791471013.073924,1791471013.0939243,1791471013.099583,1791471013.0996048,front_rgbd_red_sphere,True,True,True,,21.9,21.9,1791471013.0939243,1791471013.0916302,1791471013.073924,1791471013.073924,1791471013.073924,0.0,1791471012.0621576,1791471013.0819323,1791471013.0823479,1791471013.0819323,1791471013.0823479,1791471013.0819323,1791471012.0581772,1791471013.0819323,1791471012.0621576,1791471013.0819323,1791470991.173924,GAZEBO_CLOCK_SYSTEM_INTERPOLATION,MAPPED_EXACT,0,21.9,1791471013.073924,0.00043320655822753906,0.0,RGB,0.0,0,1,0,UNCALIBRATED,PREPARATION,FAR,TURNING,1.0,37,1.0,22.530654907226562,0.4272013008594513,nan,nan,False,0.0,0.0,0.0,0.0,0,0,0,0,0,0.0,0.0,0.0,0.0,0.0,0.0,0.0,0.0,0.0,0.0,0.0,0.0,0.0,0.0,20.505800496259265,-5.8146291803932275,7.302922837800034,0.0,0.0,0.0,0.0,0.0,0.0,0.0,0.0,0.0,0.0,0.0,False,DISABLED,0,nan,nan,nan,nan,nan,nan,nan,nan,nan,nan,nan,nan,nan,nan,nan,nan,nan,nan,nan,nan,nan,nan,nan,nan,nan,nan,nan,nan,nan,nan,nan,nan,nan,nan,13.645090818586969,17.90673998369627,-0.21327710218914792,0.09321209404541655,0.09321209404541655,0.09321209404541655,13.95878531923489,17.875430659300147,-0.14383210305433047,-0.31369450064792126,0.03130932439612266,-0.06944499913481744,0.3152530944033545,0.3228112783589277,0.020000219345092773,False,DISABLED,none,MODEL_ORIGIN_FRAME_NOT_ESTABLISHED,nan,nan,nan,nan,nan,nan,nan,nan,nan,nan,nan,nan,nan,NOT_EVALUATED,nan,nan,nan,nan,DISABLED,nan,nan,nan,nan,nan,nan
1791471013.1259153,1791471013.1558552,1791471013.1620543,1791471013.162077,front_rgbd_red_sphere,True,True,True,,21.952,21.952,1791471013.1558552,1791471013.1539414,1791471013.1259153,1791471013.1259153,1791471013.1259153,0.0,1791471012.1258585,1791471013.1379302,1791471013.1383479,1791471013.1379302,1791471013.1423478,1791471013.141936,1791471012.1218588,1791471013.1379302,1791471012.1258585,1791471013.141936,1791470991.1739154,GAZEBO_CLOCK_SYSTEM_INTERPOLATION,MAPPED_EXACT,0,21.952,1791471013.1259153,0.0024433135986328125,0.0,RGB,0.0,0,1,0,UNCALIBRATED,PREPARATION,FAR,TURNING,1.0,37,1.0,22.73478889465332,0.41065648198127747,nan,nan,False,0.0,0.0,0.0,0.0,0,0,0,0,0,0.0,0.0,0.0,0.0,0.0,0.0,0.0,0.0,0.0,0.0,0.0,0.0,0.0,0.0,20.844594241830052,-5.249136580932113,7.404057226022316,0.0,0.0,0.0,0.0,0.0,0.0,0.0,0.0,0.0,0.0,0.0,False,DISABLED,0,nan,nan,nan,nan,nan,nan,nan,nan,nan,nan,nan,nan,nan,nan,nan,nan,nan,nan,nan,nan,nan,nan,nan,nan,nan,nan,nan,nan,nan,nan,nan,nan,nan,nan,13.790598155873736,18.044153890962527,-0.21671351939877764,0.09446272230829586,0.09446272230829586,0.09446272230829586,14.118284801163623,18.008865353148273,-0.14682947635994015,-0.3276866452898872,0.03528853781425312,-0.0698840430388375,0.3295812773845146,0.3369088866056555,0.029939889907836914,False,DISABLED,none,MODEL_ORIGIN_FRAME_NOT_ESTABLISHED,nan,nan,nan,nan,nan,nan,nan,nan,nan,nan,nan,nan,nan,NOT_EVALUATED,nan,nan,nan,nan,DISABLED,nan,nan,nan,nan,nan,nan
1791471013.1739109,1791471013.2037268,1791471013.2066898,1791471013.206709,front_rgbd_red_sphere,True,True,True,,22.0,22.0,1791471013.2037268,1791471013.2030516,1791471013.1739109,1791471013.1739109,1791471013.1739109,0.0,1791471012.1619706,1791471013.1779351,1791471013.1783478,1791471013.1779351,1791471013.182348,1791471013.1819239,1791471012.1619706,1791471013.1779351,1791471012.1619706,1791471013.1819239,1791470991.1739109,GAZEBO_CLOCK_SYSTEM_INTERPOLATION,MAPPED_EXACT,0,22.0,1791471013.1739109,0.0020372867584228516,0.0,RGB,0.0,0,1,0,UNCALIBRATED,PREPARATION,FAR,TURNING,1.0,34,1.0,22.93878173828125,0.39719492197036743,nan,nan,False,0.0,0.0,0.0,0.0,0,0,0,0,0,0.0,0.0,0.0,0.0,0.0,0.0,0.0,0.0,0.0,0.0,0.0,0.0,0.0,0.0,21.152991020705493,-4.749405610109953,7.495453569895412,0.0,0.0,0.0,0.0,0.0,0.0,0.0,0.0,0.0,0.0,0.0,False,DISABLED,0,nan,nan,nan,nan,nan,nan,nan,nan,nan,nan,nan,nan,nan,nan,nan,nan,nan,nan,nan,nan,nan,nan,nan,nan,nan,nan,nan,nan,nan,nan,nan,nan,nan,nan,13.940218903687752,18.178804685147014,-0.22011768391316927,0.09572082145768249,0.09572082145768249,0.09572082145768249,14.268128304638367,18.12896156547377,-0.1487045596200658,-0.32790940095061494,0.04984311967324473,-0.07141312429310348,0.3316759138233474,0.3392767986937138,0.0298159122467041,False,DISABLED,none,MODEL_ORIGIN_FRAME_NOT_ESTABLISHED,nan,nan,nan,nan,nan,nan,nan,nan,nan,nan,nan,nan,nan,NOT_EVALUATED,nan,nan,nan,nan,DISABLED,nan,nan,nan,nan,nan,nan
1791471013.2259102,1791471013.2555213,1791471013.2620606,1791471013.2620993,front_rgbd_red_sphere,True,True,True,,22.052,22.052,1791471013.2473698,1791471013.2555213,1791471013.2259102,1791471013.2259102,1791471013.2259102,0.0,1791471012.2418919,1791471013.241928,1791471013.242348,1791471013.241928,1791471013.246348,1791471013.2459242,1791471012.2418919,1791471013.241928,1791471012.2418919,1791471013.2459242,1791470991.1739101,GAZEBO_CLOCK_SYSTEM_INTERPOLATION,MAPPED_EXACT,0,22.052,1791471013.2259102,0.001977682113647461,0.0,RGB,0.0,0,1,0,UNCALIBRATED,PREPARATION,FAR,TURNING,1.0,33,1.0,23.14004898071289,0.38444602489471436,nan,nan,False,0.0,0.0,0.0,0.0,0,0,0,0,0,0.0,0.0,0.0,0.0,0.0,0.0,0.0,0.0,0.0,0.0,0.0,0.0,0.0,0.0,21.45097252419867,-4.235458705108837,7.5748633167279,0.0,0.0,0.0,0.0,0.0,0.0,0.0,0.0,0.0,0.0,0.0,False,DISABLED,0,nan,nan,nan,nan,nan,nan,nan,nan,nan,nan,nan,nan,nan,nan,nan,nan,nan,nan,nan,nan,nan,nan,nan,nan,nan,nan,nan,nan,nan,nan,nan,nan,nan,nan,14.089041424933438,18.309251029985646,-0.22244842957948968,0.09697026775889309,0.09697026775889309,0.09697026775889309,14.433070849612392,18.255764612147058,-0.14980981220824902,-0.34402942467895414,0.053486417838588096,-0.07263861737124067,0.34816237869439054,0.355659121451625,0.02961111068725586,False,DISABLED,none,MODEL_ORIGIN_FRAME_NOT_ESTABLISHED,nan,nan,nan,nan,nan,nan,nan,nan,nan,nan,nan,nan,nan,NOT_EVALUATED,nan,nan,nan,nan,DISABLED,nan,nan,nan,nan,nan,nan
1791471013.2739108,1791471013.2902765,1791471013.2934997,1791471013.293519,front_rgbd_red_sphere,True,True,True,,22.1,22.1,1791471013.2902765,1791471013.289311,1791471013.2739108,1791471013.2739108,1791471013.2739108,0.0,1791471012.2818766,1791471013.281924,1791471013.282348,1791471013.281924,1791471013.282348,1791471013.281924,1791471012.2818766,1791471013.281924,1791471012.2818766,1791471013.281924,1791470991.1739109,GAZEBO_CLOCK_SYSTEM_INTERPOLATION,MAPPED_EXACT,0,22.1,1791471013.2739108,0.0006608963012695312,0.0,RGB,0.0,0,1,0,UNCALIBRATED,PREPARATION,FAR,TURNING,1.0,34,1.0,23.342426300048828,0.37429502606391907,nan,nan,False,0.0,0.0,0.0,0.0,0,0,0,0,0,0.0,0.0,0.0,0.0,0.0,0.0,0.0,0.0,0.0,0.0,0.0,0.0,0.0,0.0,21.7263275543435,-3.787324136960425,7.647989213258411,0.0,0.0,0.0,0.0,0.0,0.0,0.0,0.0,0.0,0.0,0.0,False,DISABLED,0,nan,nan,nan,nan,nan,nan,nan,nan,nan,nan,nan,nan,nan,nan,nan,nan,nan,nan,nan,nan,nan,nan,nan,nan,nan,nan,nan,nan,nan,nan,nan,nan,nan,nan,14.242659269247548,18.43815203082147,-0.22418121840289368,0.09823476951687439,0.09823476951687439,0.09823476951687439,14.587842638320456,18.369445576190017,-0.1499146916480402,-0.3451833690729078,0.06870645463145308,-0.07426652675485348,0.3519547345789615,0.35970495157667287,0.016365766525268555,False,DISABLED,none,MODEL_ORIGIN_FRAME_NOT_ESTABLISHED,nan,nan,nan,nan,nan,nan,nan,nan,nan,nan,nan,nan,nan,NOT_EVALUATED,nan,nan,nan,nan,DISABLED,nan,nan,nan,nan,nan,nan
1791471013.325916,1791471013.356976,1791471013.3646977,1791471013.3647175,front_rgbd_red_sphere,True,True,True,,22.152,22.152,1791471013.356976,1791471013.3550978,1791471013.325916,1791471013.325916,1791471013.325916,0.0,1791471012.3419163,1791471013.3379323,1791471013.338348,1791471013.3379323,1791471013.3423479,1791471013.3419354,1791471012.3379185,1791471013.3379323,1791471012.3419163,1791471013.3419354,1791470991.173916,GAZEBO_CLOCK_SYSTEM_INTERPOLATION,MAPPED_EXACT,0,22.152,1791471013.325916,0.003390789031982422,0.0,RGB,0.0,0,1,0,UNCALIBRATED,PREPARATION,FAR,TURNING,1.0,31,1.0,23.54413604736328,0.36480820178985596,nan,nan,False,0.0,0.0,0.0,0.0,0,0,0,0,0,0.0,0.0,0.0,0.0,0.0,0.0,0.0,0.0,0.0,0.0,0.0,0.0,0.0,0.0,21.99474752513901,-3.334409402638734,7.7096753011698524,0.0,0.0,0.0,0.0,0.0,0.0,0.0,0.0,0.0,0.0,0.0,False,DISABLED,0,nan,nan,nan,nan,nan,nan,nan,nan,nan,nan,nan,nan,nan,nan,nan,nan,nan,nan,nan,nan,nan,nan,nan,nan,nan,nan,nan,nan,nan,nan,nan,nan,nan,nan,14.397213382306793,18.564093309005788,-0.2242231084647463,0.09950324597448838,0.09950324597448838,0.09950324597448838,14.756575983087014,18.48802408196511,-0.14910281130162434,-0.3593626007802211,0.07606922704067642,-0.07512029716312196,0.3673254771208914,0.3749280800206438,0.031059980392456055,False,DISABLED,none,MODEL_ORIGIN_FRAME_NOT_ESTABLISHED,nan,nan,nan,nan,nan,nan,nan,nan,nan,nan,nan,nan,nan,NOT_EVALUATED,nan,nan,nan,nan,DISABLED,nan,nan,nan,nan,nan,nan
1791471013.3739119,1791471013.3899674,1791471013.3931494,1791471013.393171,front_rgbd_red_sphere,True,True,True,,22.2,22.2,1791471013.3899674,1791471013.389201,1791471013.3739119,1791471013.3739119,1791471013.3739119,0.0,1791471012.3819022,1791471013.3779376,1791471013.3783479,1791471013.3779376,1791471013.3823478,1791471013.3819306,1791471012.3778985,1791471013.3779376,1791471012.3819022,1791471013.3819306,1791470991.1739118,GAZEBO_CLOCK_SYSTEM_INTERPOLATION,MAPPED_EXACT,0,22.2,1791471013.3739119,0.004227876663208008,0.0,RGB,0.0,0,1,0,UNCALIBRATED,PREPARATION,FAR,TURNING,1.0,30,1.0,23.74547576904297,0.35733234882354736,nan,nan,False,0.0,0.0,0.0,0.0,0,0,0,0,0,0.0,0.0,0.0,0.0,0.0,0.0,0.0,0.0,0.0,0.0,0.0,0.0,0.0,0.0,22.245550504196846,-2.9426655081536097,7.7668398883435845,0.0,0.0,0.0,0.0,0.0,0.0,0.0,0.0,0.0,0.0,0.0,False,DISABLED,0,nan,nan,nan,nan,nan,nan,nan,nan,nan,nan,nan,nan,nan,nan,nan,nan,nan,nan,nan,nan,nan,nan,nan,nan,nan,nan,nan,nan,nan,nan,nan,nan,nan,nan,14.555567100915884,18.687235653841146,-0.22323164402489176,0.10077752049051521,0.10077752049051521,0.10077752049051521,14.917444467326458,18.5957938911113,-0.1474342143164818,-0.36187736641057455,0.09144176272984694,-0.07579742970840997,0.3732516902726562,0.38087015456950185,0.016055583953857422,False,DISABLED,none,MODEL_ORIGIN_FRAME_NOT_ESTABLISHED,nan,nan,nan,nan,nan,nan,nan,nan,nan,nan,nan,nan,nan,NOT_EVALUATED,nan,nan,nan,nan,DISABLED,nan,nan,nan,nan,nan,nan
1791471013.4259171,1791471013.468044,1791471013.4748201,1791471013.4748516,front_rgbd_red_sphere,True,True,True,,22.252,22.252,1791471013.468044,1791471013.4562476,1791471013.4259171,1791471013.4259171,1791471013.4259171,0.0,1791471012.4419453,1791471013.4579234,1791471013.458348,1791471013.4579234,1791471013.462348,1791471013.4619143,1791471012.4419453,1791471013.4579234,1791471012.4419453,1791471013.4619143,1791470991.173917,GAZEBO_CLOCK_SYSTEM_INTERPOLATION,MAPPED_EXACT,0,22.252,1791471013.4259171,0.0024993419647216797,0.0,RGB,0.0,0,1,0,UNCALIBRATED,PREPARATION,FAR,TURNING,1.0,29,1.0,23.94356346130371,0.35042816400527954,nan,nan,False,0.0,0.0,0.0,0.0,0,0,0,0,0,0.0,0.0,0.0,0.0,0.0,0.0,0.0,0.0,0.0,0.0,0.0,0.0,0.0,0.0,22.488413648372514,-2.55192300346301,7.813655672458744,0.0,0.0,0.0,0.0,0.0,0.0,0.0,0.0,0.0,0.0,0.0,False,DISABLED,0,nan,nan,nan,nan,nan,nan,nan,nan,nan,nan,nan,nan,nan,nan,nan,nan,nan,nan,nan,nan,nan,nan,nan,nan,nan,nan,nan,nan,nan,nan,nan,nan,nan,nan,14.71268006552968,18.805756522579497,-0.2207239540182772,0.10203913042111677,0.10203913042111677,0.10203913042111677,15.091638976560077,18.707061327967757,-0.14473192155182152,-0.3789589110303968,0.09869519461173937,-0.0759920324664557,0.3916000481215411,0.39890523522157006,0.04212689399719238,False,DISABLED,none,MODEL_ORIGIN_FRAME_NOT_ESTABLISHED,nan,nan,nan,nan,nan,nan,nan,nan,nan,nan,nan,nan,nan,NOT_EVALUATED,nan,nan,nan,nan,DISABLED,nan,nan,nan,nan,nan,nan
1791471013.4739127,1791471013.5038254,1791471013.5069654,1791471013.5069847,front_rgbd_red_sphere,True,True,True,,22.3,22.3,1791471013.5038254,1791471013.4931188,1791471013.4739127,1791471013.4739127,1791471013.4739127,0.0,1791471012.4619455,1791471013.4819262,1791471013.482348,1791471013.4819262,1791471013.482348,1791471013.4819262,1791471012.4579623,1791471013.4819262,1791471012.4619455,1791471013.4819262,1791470991.1739128,GAZEBO_CLOCK_SYSTEM_INTERPOLATION,MAPPED_EXACT,0,22.3,1791471013.4739127,0.0021314620971679688,0.0,RGB,0.0,0,1,0,UNCALIBRATED,PREPARATION,FAR,TURNING,1.0,30,1.0,24.142114639282227,0.3450520932674408,nan,nan,False,0.0,0.0,0.0,0.0,0,0,0,0,0,0.0,0.0,0.0,0.0,0.0,0.0,0.0,0.0,0.0,0.0,0.0,0.0,0.0,0.0,22.71912571736478,-2.2146967001402693,7.859906197568012,0.0,0.0,0.0,0.0,0.0,0.0,0.0,0.0,0.0,0.0,0.0,False,DISABLED,0,nan,nan,nan,nan,nan,nan,nan,nan,nan,nan,nan,nan,nan,nan,nan,nan,nan,nan,nan,nan,nan,nan,nan,nan,nan,nan,nan,nan,nan,nan,nan,nan,nan,nan,14.875796815363307,18.920823967228447,-0.21756008943871347,0.10331155082064973,0.10331155082064973,0.10331155082064973,15.256451312482193,18.807057238745667,-0.14133114525356202,-0.3806544971188863,0.11376672848277991,-0.07622894418515144,0.39729172491571835,0.40453870842984824,0.029912710189819336,False,DISABLED,none,MODEL_ORIGIN_FRAME_NOT_ESTABLISHED,nan,nan,nan,nan,nan,nan,nan,nan,nan,nan,nan,nan,nan,NOT_EVALUATED,nan,nan,nan,nan,DISABLED,nan,nan,nan,nan,nan,nan
1791471013.5259128,1791471013.548194,1791471013.5542655,1791471013.5542903,front_rgbd_red_sphere,True,True,True,,22.352,22.352,1791471013.548194,1791471013.545711,1791471013.5259128,1791471013.5259128,1791471013.5259128,0.0,1791471012.5219193,1791471013.537929,1791471013.538347,1791471013.537929,1791471013.542347,1791471013.5419168,1791471012.5219193,1791471013.537929,1791471012.5219193,1791471013.5419168,1791470991.1739128,GAZEBO_CLOCK_SYSTEM_INTERPOLATION,MAPPED_EXACT,0,22.352,1791471013.5259128,0.0036215782165527344,0.0,RGB,0.0,0,1,0,UNCALIBRATED,PREPARATION,FAR,TURNING,1.0,28,1.0,24.338844299316406,0.340135782957077,nan,nan,False,0.0,0.0,0.0,0.0,0,0,0,0,0,0.0,0.0,0.0,0.0,0.0,0.0,0.0,0.0,0.0,0.0,0.0,0.0,0.0,0.0,22.944457058556598,-1.8821759641689013,7.89864982195764,0.0,0.0,0.0,0.0,0.0,0.0,0.0,0.0,0.0,0.0,0.0,False,DISABLED,0,nan,nan,nan,nan,nan,nan,nan,nan,nan,nan,nan,nan,nan,nan,nan,nan,nan,nan,nan,nan,nan,nan,nan,nan,nan,nan,nan,nan,nan,nan,nan,nan,nan,nan,15.040181390067039,19.031199910535488,-0.21346683924878457,0.10458008815149582,0.10458008815149582,0.10458008815149582,15.43803380441844,18.909042868284264,-0.13634291346611213,-0.3978524143514015,0.12215704225122437,-0.07712392578267244,0.4161837173374358,0.4232694018056796,0.022281169891357422,False,DISABLED,none,MODEL_ORIGIN_FRAME_NOT_ESTABLISHED,nan,nan,nan,nan,nan,nan,nan,nan,nan,nan,nan,nan,nan,NOT_EVALUATED,nan,nan,nan,nan,DISABLED,nan,nan,nan,nan,nan,nan
1791471013.5739152,1791471013.5915823,1791471013.6018,1791471013.6018221,front_rgbd_red_sphere,True,True,True,,22.4,22.4,1791471013.5915823,1791471013.5904882,1791471013.5739152,1791471013.5739152,1791471013.5739152,0.0,1791471012.581932,1791471013.5779302,1791471013.578347,1791471013.5779302,1791471013.582347,1791471013.581949,1791471012.5779254,1791471013.5779302,1791471012.581932,1791471013.581949,1791470991.1739151,GAZEBO_CLOCK_SYSTEM_INTERPOLATION,MAPPED_EXACT,0,22.4,1791471013.5739152,0.001871347427368164,0.0,RGB,0.0,0,1,0,UNCALIBRATED,PREPARATION,FAR,TURNING,1.0,28,1.0,24.348222732543945,0.3359469175338745,nan,nan,False,0.0,0.0,0.0,0.0,0,0,0,0,0,0.0,0.0,0.0,0.0,0.0,0.0,0.0,0.0,0.0,0.0,0.0,0.0,0.0,0.0,22.98712222520478,-1.6549564925003466,7.854252387212995,0.0,0.0,0.0,0.0,0.0,0.0,0.0,0.0,0.0,0.0,0.0,False,DISABLED,0,nan,nan,nan,nan,nan,nan,nan,nan,nan,nan,nan,nan,nan,nan,nan,nan,nan,nan,nan,nan,nan,nan,nan,nan,nan,nan,nan,nan,nan,nan,nan,nan,nan,nan,15.036407056951068,19.034242132264303,-0.21287024753644473,0.10464075133126337,0.10464075133126337,0.10464075133126337,15.605861058740244,19.002734134792775,-0.13164643901626674,-0.5694540017891754,0.03150799747152888,-0.08122380852017799,0.5703250073934791,0.5760797871205815,0.017667055130004883,False,DISABLED,none,MODEL_ORIGIN_FRAME_NOT_ESTABLISHED,nan,nan,nan,nan,nan,nan,nan,nan,nan,nan,nan,nan,nan,NOT_EVALUATED,nan,nan,nan,nan,DISABLED,nan,nan,nan,nan,nan,nan
1791471013.6361613,1791471013.6565034,1791471013.664445,1791471013.664469,front_rgbd_red_sphere,True,True,True,,22.452,22.452,1791471013.6565034,1791471013.6556041,1791471013.6361613,1791471013.6361613,1791471013.6361613,0.0,1791471012.641939,1791471013.6521623,1791471013.6423469,1791471013.6521623,1791471013.6423469,1791471013.6521623,1791471012.641939,1791471013.6521623,1791471012.641939,1791471013.6521623,1791470991.1841614,GAZEBO_CLOCK_SYSTEM_INTERPOLATION,MAPPED_EXACT,0,22.452,1791471013.6361613,0.002128124237060547,0.0,RGB,0.0,0,1,0,UNCALIBRATED,PREPARATION,FAR,TURNING,1.0,28,1.0,24.90931510925293,0.33354413509368896,nan,nan,False,0.0,0.0,0.0,0.0,0,0,0,0,0,0.0,0.0,0.0,0.0,0.0,0.0,0.0,0.0,0.0,0.0,0.0,0.0,0.0,0.0,23.536510993584887,-1.2458219084942073,8.059436876548101,0.0,0.0,0.0,0.0,0.0,0.0,0.0,0.0,0.0,0.0,0.0,False,DISABLED,0,nan,nan,nan,nan,nan,nan,nan,nan,nan,nan,nan,nan,nan,nan,nan,nan,nan,nan,nan,nan,nan,nan,nan,nan,nan,nan,nan,nan,nan,nan,nan,nan,nan,nan,15.556985116097907,19.33049546171227,-0.1977852432916833,0.10830229754246104,0.10830229754246104,0.10830229754246104,15.827433463389612,19.11669981990523,-0.12407017860556893,-0.27044834729170475,0.21379564180704236,-0.07371506468611436,0.3447475670813352,0.3525404881289208,0.020342111587524414,False,DISABLED,none,MODEL_ORIGIN_FRAME_NOT_ESTABLISHED,nan,nan,nan,nan,nan,nan,nan,nan,nan,nan,nan,nan,nan,NOT_EVALUATED,nan,nan,nan,nan,DISABLED,nan,nan,nan,nan,nan,nan
1791471013.684167,1791471013.7052443,1791471013.710354,1791471013.7103984,front_rgbd_red_sphere,True,True,True,,22.5,22.5,1791471013.7052443,1791471013.7036319,1791471013.684167,1791471013.684167,1791471013.684167,0.0,1791471012.6819334,1791471013.6921654,1791471013.6823468,1791471013.6921654,1791471013.6823468,1791471013.6921654,1791471012.6819334,1791471013.6921654,1791471012.6819334,1791471013.6921654,1791470991.184167,GAZEBO_CLOCK_SYSTEM_INTERPOLATION,MAPPED_EXACT,0,22.5,1791471013.684167,0.005469799041748047,0.0,RGB,0.0,0,1,0,UNCALIBRATED,PREPARATION,FAR,TURNING,1.0,27,1.0,25.09926986694336,0.33113810420036316,nan,nan,False,0.0,0.0,0.0,0.0,0,0,0,0,0,0.0,0.0,0.0,0.0,0.0,0.0,0.0,0.0,0.0,0.0,0.0,0.0,0.0,0.0,23.735699658067276,-0.9977150249950384,8.099039931831307,0.0,0.0,0.0,0.0,0.0,0.0,0.0,0.0,0.0,0.0,0.0,False,DISABLED,0,nan,nan,nan,nan,nan,nan,nan,nan,nan,nan,nan,nan,nan,nan,nan,nan,nan,nan,nan,nan,nan,nan,nan,nan,nan,nan,nan,nan,nan,nan,nan,nan,nan,nan,15.734848539617529,19.42129106275688,-0.1915357250979381,0.10955616307688193,0.10955616307688193,0.10955616307688193,16.000538658347168,19.199939186843228,-0.11738183940476248,-0.26569011872963877,0.22135187591365124,-0.07415388569317562,0.3458148235126164,0.3536759688252208,0.021077394485473633,False,DISABLED,none,MODEL_ORIGIN_FRAME_NOT_ESTABLISHED,nan,nan,nan,nan,nan,nan,nan,nan,nan,nan,nan,nan,nan,NOT_EVALUATED,nan,nan,nan,nan,DISABLED,nan,nan,nan,nan,nan,nan
1791471013.736157,1791471013.7605233,1791471013.7647161,1791471013.764735,front_rgbd_red_sphere,True,True,True,,22.552,22.552,1791471013.7605233,1791471013.7578552,1791471013.736157,1791471013.736157,1791471013.736157,0.0,1791471012.741925,1791471013.748176,1791471013.7383468,1791471013.748176,1791471013.742347,1791471013.752171,1791471012.7379234,1791471013.748176,1791471012.741925,1791471013.752171,1791470991.184157,GAZEBO_CLOCK_SYSTEM_INTERPOLATION,MAPPED_EXACT,0,22.552,1791471013.736157,0.0007238388061523438,0.0,RGB,0.0,0,1,0,UNCALIBRATED,PREPARATION,FAR,TURNING,1.0,28,1.0,25.28839874267578,0.32907870411872864,nan,nan,False,0.0,0.0,0.0,0.0,0,0,0,0,0,0.0,0.0,0.0,0.0,0.0,0.0,0.0,0.0,0.0,0.0,0.0,0.0,0.0,0.0,23.931434857430084,-0.7561916012866874,8.137424574000146,0.0,0.0,0.0,0.0,0.0,0.0,0.0,0.0,0.0,0.0,0.0,False,DISABLED,0,nan,nan,nan,nan,nan,nan,nan,nan,nan,nan,nan,nan,nan,nan,nan,nan,nan,nan,nan,nan,nan,nan,nan,nan,nan,nan,nan,nan,nan,nan,nan,nan,nan,nan,15.915753233384796,19.50745360368925,-0.18486489372269993,0.11081174484678533,0.11081174484678533,0.11081174484678533,16.190013378658872,19.285452148887142,-0.10937434483863684,-0.2742601452740754,0.22200145480210765,-0.07549054888406309,0.352850213575122,0.3608352757018447,0.024366378784179688,False,DISABLED,none,MODEL_ORIGIN_FRAME_NOT_ESTABLISHED,nan,nan,nan,nan,nan,nan,nan,nan,nan,nan,nan,nan,nan,NOT_EVALUATED,nan,nan,nan,nan,DISABLED,nan,nan,nan,nan,nan,nan
1791471013.784159,1791471013.8140318,1791471013.8186054,1791471013.8186293,front_rgbd_red_sphere,True,True,True,,22.6,22.6,1791471013.8140318,1791471013.8126795,1791471013.784159,1791471013.784159,1791471013.784159,0.0,1791471012.7819304,1791471013.7881858,1791471013.778347,1791471013.7881858,1791471013.782347,1791471013.7921638,1791471012.777931,1791471013.7881858,1791471012.7819304,1791471013.7921638,1791470991.184159,GAZEBO_CLOCK_SYSTEM_INTERPOLATION,MAPPED_EXACT,0,22.6,1791471013.784159,0.0021877288818359375,0.0,RGB,0.0,0,1,0,UNCALIBRATED,PREPARATION,FAR,TURNING,1.0,26,1.0,25.47385025024414,0.3276122212409973,nan,nan,False,0.0,0.0,0.0,0.0,0,0,0,0,0,0.0,0.0,0.0,0.0,0.0,0.0,0.0,0.0,0.0,0.0,0.0,0.0,0.0,0.0,24.11898314455288,-0.545925371878095,8.178856954778531,0.0,0.0,0.0,0.0,0.0,0.0,0.0,0.0,0.0,0.0,0.0,False,DISABLED,0,nan,nan,nan,nan,nan,nan,nan,nan,nan,nan,nan,nan,nan,nan,nan,nan,nan,nan,nan,nan,nan,nan,nan,nan,nan,nan,nan,nan,nan,nan,nan,nan,nan,nan,16.098431333739565,19.587764768548016,-0.1764905441185966,0.11204986991347565,0.11204986991347565,0.11204986991347565,16.366888712543414,19.360382255218312,-0.10134160653088599,-0.26845737880384846,0.2273825133297045,-0.07514893758771062,0.35181269391874737,0.3597492660491858,0.029872894287109375,False,DISABLED,none,MODEL_ORIGIN_FRAME_NOT_ESTABLISHED,nan,nan,nan,nan,nan,nan,nan,nan,nan,nan,nan,nan,nan,NOT_EVALUATED,nan,nan,nan,nan,DISABLED,nan,nan,nan,nan,nan,nan
1791471013.8361573,1791471013.8646574,1791471013.8684356,1791471013.8684585,front_rgbd_red_sphere,True,True,True,,22.652,22.652,1791471013.8646574,1791471013.853007,1791471013.8361573,1791471013.8361573,1791471013.8361573,0.0,1791471012.8419318,1791471013.852168,1791471013.842347,1791471013.852168,1791471013.842347,1791471013.852168,1791471012.8419318,1791471013.852168,1791471012.8419318,1791471013.852168,1791470991.1841574,GAZEBO_CLOCK_SYSTEM_INTERPOLATION,MAPPED_EXACT,0,22.652,1791471013.8361573,0.0009396076202392578,0.0,RGB,0.0,0,1,0,UNCALIBRATED,PREPARATION,FAR,TURNING,1.0,25,1.0,25.65863609313965,0.32637301087379456,nan,nan,False,0.0,0.0,0.0,0.0,0,0,0,0,0,0.0,0.0,0.0,0.0,0.0,0.0,0.0,0.0,0.0,0.0,0.0,0.0,0.0,0.0,24.304152836111058,-0.3427424242247419,8.219262566240221,0.0,0.0,0.0,0.0,0.0,0.0,0.0,0.0,0.0,0.0,0.0,False,DISABLED,0,nan,nan,nan,nan,nan,nan,nan,nan,nan,nan,nan,nan,nan,nan,nan,nan,nan,nan,nan,nan,nan,nan,nan,nan,nan,nan,nan,nan,nan,nan,nan,nan,nan,nan,16.283480532738817,19.663989924294533,-0.16736028049259172,0.11329037684639076,0.11329037684639076,0.11329037684639076,16.56018537794663,19.436736940673025,-0.09198638793804183,-0.2767048452078136,0.2272529836215078,-0.07537389255454989,0.3580635277801376,0.36591080006633064,0.028500080108642578,False,DISABLED,none,MODEL_ORIGIN_FRAME_NOT_ESTABLISHED,nan,nan,nan,nan,nan,nan,nan,nan,nan,nan,nan,nan,nan,NOT_EVALUATED,nan,nan,nan,nan,DISABLED,nan,nan,nan,nan,nan,nan
1791471013.8841577,1791471013.9031498,1791471013.9080172,1791471013.908054,front_rgbd_red_sphere,True,True,True,,22.7,22.7,1791471013.9031498,1791471013.9018297,1791471013.8841577,1791471013.8841577,1791471013.8841577,0.0,1791471012.8819242,1791471013.8921723,1791471013.8823469,1791471013.8921723,1791471013.8823469,1791471013.8921723,1791471012.8819242,1791471013.8921723,1791471012.8819242,1791471013.8921723,1791470991.1841576,GAZEBO_CLOCK_SYSTEM_INTERPOLATION,MAPPED_EXACT,0,22.7,1791471013.8841577,0.0032913684844970703,0.0,RGB,0.0,0,1,0,UNCALIBRATED,PREPARATION,FAR,TURNING,1.0,24,1.0,25.841630935668945,0.32557323575019836,nan,nan,False,0.0,0.0,0.0,0.0,0,0,0,0,0,0.0,0.0,0.0,0.0,0.0,0.0,0.0,0.0,0.0,0.0,0.0,0.0,0.0,0.0,24.484107016064204,-0.16289561032707667,8.263890938089641,0.0,0.0,0.0,0.0,0.0,0.0,0.0,0.0,0.0,0.0,0.0,False,DISABLED,0,nan,nan,nan,nan,nan,nan,nan,nan,nan,nan,nan,nan,nan,nan,nan,nan,nan,nan,nan,nan,nan,nan,nan,nan,nan,nan,nan,nan,nan,nan,nan,nan,nan,nan,16.471724462149883,19.735864148430526,-0.15770777371630146,0.11452560307126948,0.11452560307126948,0.11452560307126948,16.740180945966447,19.503054449880253,-0.08282286755408166,-0.2684564838165642,0.23280969855027323,-0.0748849061622198,0.3553438327060458,0.36314871418352396,0.018992185592651367,False,DISABLED,none,MODEL_ORIGIN_FRAME_NOT_ESTABLISHED,nan,nan,nan,nan,nan,nan,nan,nan,nan,nan,nan,nan,nan,NOT_EVALUATED,nan,nan,nan,nan,DISABLED,nan,nan,nan,nan,nan,nan
1791471013.9361596,1791471013.9623806,1791471013.9655778,1791471013.965601,front_rgbd_red_sphere,True,True,True,,22.752,22.752,1791471013.9623806,1791471013.9513607,1791471013.9361596,1791471013.9361596,1791471013.9361596,0.0,1791471012.941917,1791471013.9481738,1791471013.9383469,1791471013.9481738,1791471013.9423468,1791471013.9521701,1791471012.9379175,1791471013.9481738,1791471012.941917,1791471013.9521701,1791470991.1841595,GAZEBO_CLOCK_SYSTEM_INTERPOLATION,MAPPED_EXACT,0,22.752,1791471013.9361596,0.0024042129516601562,0.0,RGB,0.0,0,1,0,UNCALIBRATED,PREPARATION,FAR,TURNING,1.0,23,1.0,26.021034240722656,0.32492077350616455,nan,nan,False,0.0,0.0,0.0,0.0,0,0,0,0,0,0.0,0.0,0.0,0.0,0.0,0.0,0.0,0.0,0.0,0.0,0.0,0.0,0.0,0.0,24.659509912042772,0.007087435139098375,8.306788094690589,0.0,0.0,0.0,0.0,0.0,0.0,0.0,0.0,0.0,0.0,0.0,False,DISABLED,0,nan,nan,nan,nan,nan,nan,nan,nan,nan,nan,nan,nan,nan,nan,nan,nan,nan,nan,nan,nan,nan,nan,nan,nan,nan,nan,nan,nan,nan,nan,nan,nan,nan,nan,16.658849151278343,19.802576240513904,-0.14644903884521548,0.11574307509707192,0.11574307509707192,0.11574307509707192,16.937336108751108,19.57020453737907,-0.07232591316039781,-0.2784869574727651,0.23237170313483446,-0.07412312568481767,0.3627004189413369,0.37019701735901195,0.026221036911010742,False,DISABLED,none,MODEL_ORIGIN_FRAME_NOT_ESTABLISHED,nan,nan,nan,nan,nan,nan,nan,nan,nan,nan,nan,nan,nan,NOT_EVALUATED,nan,nan,nan,nan,DISABLED,nan,nan,nan,nan,nan,nan
1791471013.9841602,1791471014.0141585,1791471014.019234,1791471014.0192647,front_rgbd_red_sphere,True,True,True,,22.8,22.8,1791471014.005306,1791471014.0141585,1791471013.9841602,1791471013.9841602,1791471013.9841602,0.0,1791471012.98193,1791471013.98822,1791471013.9783468,1791471013.98822,1791471013.982347,1791471013.9921684,1791471012.9779289,1791471013.98822,1791471012.98193,1791471013.9921684,1791470991.1841602,GAZEBO_CLOCK_SYSTEM_INTERPOLATION,MAPPED_EXACT,0,22.8,1791471013.9841602,0.0022406578063964844,0.0,RGB,0.0,0,1,0,UNCALIBRATED,PREPARATION,FAR,TURNING,1.0,24,1.0,26.198116302490234,0.32456567883491516,nan,nan,False,0.0,0.0,0.0,0.0,0,0,0,0,0,0.0,0.0,0.0,0.0,0.0,0.0,0.0,0.0,0.0,0.0,0.0,0.0,0.0,0.0,24.830295681795114,0.15918876017460803,8.352988735217885,0.0,0.0,0.0,0.0,0.0,0.0,0.0,0.0,0.0,0.0,0.0,False,DISABLED,0,nan,nan,nan,nan,nan,nan,nan,nan,nan,nan,nan,nan,nan,nan,nan,nan,nan,nan,nan,nan,nan,nan,nan,nan,nan,nan,nan,nan,nan,nan,nan,nan,nan,nan,16.848112848108862,19.864998823850353,-0.13434222104315413,0.11695112209288756,0.11695112209288756,0.11695112209288756,17.120383144504657,19.62784585632233,-0.062236961117140145,-0.2722702963957957,0.23715296752802217,-0.07210525992601399,0.36107152242568447,0.36820077785876504,0.029998302459716797,False,DISABLED,none,MODEL_ORIGIN_FRAME_NOT_ESTABLISHED,nan,nan,nan,nan,nan,nan,nan,nan,nan,nan,nan,nan,nan,NOT_EVALUATED,nan,nan,nan,nan,DISABLED,nan,nan,nan,nan,nan,nan
1791471014.0361567,1791471014.0561767,1791471014.062941,1791471014.062963,front_rgbd_red_sphere,True,True,True,,22.852,22.852,1791471014.0561767,1791471014.0552995,1791471014.0361567,1791471014.0361567,1791471014.0361567,0.0,1791471013.041936,1791471014.0521638,1791471014.042347,1791471014.0521638,1791471014.042347,1791471014.0521638,1791471013.041936,1791471014.0521638,1791471013.041936,1791471014.0521638,1791470991.1841567,GAZEBO_CLOCK_SYSTEM_INTERPOLATION,MAPPED_EXACT,0,22.852,1791471014.0361567,0.002344846725463867,0.0,RGB,0.0,0,1,0,UNCALIBRATED,PREPARATION,FAR,TURNING,1.0,24,0.9166666865348816,26.373733520507812,0.32426053285598755,nan,nan,False,0.0,0.0,0.0,0.0,0,0,0,0,0,0.0,0.0,0.0,0.0,0.0,0.0,0.0,0.0,0.0,0.0,0.0,0.0,0.0,0.0,24.999307606816966,0.30210061007381483,8.397448174565067,0.0,0.0,0.0,0.0,0.0,0.0,0.0,0.0,0.0,0.0,0.0,False,DISABLED,0,nan,nan,nan,nan,nan,nan,nan,nan,nan,nan,nan,nan,nan,nan,nan,nan,nan,nan,nan,nan,nan,nan,nan,nan,nan,nan,nan,nan,nan,nan,nan,nan,nan,nan,17.037841010498617,19.924031904608697,-0.12111252181285787,0.11815535061334345,0.11815535061334345,0.11815535061334345,17.320194270920727,19.685429770298914,-0.05089718094100155,-0.2823532604221093,0.23860213430978305,-0.07021534087185632,0.3696678808987592,0.37627720667339154,0.020020008087158203,False,DISABLED,none,MODEL_ORIGIN_FRAME_NOT_ESTABLISHED,nan,nan,nan,nan,nan,nan,nan,nan,nan,nan,nan,nan,nan,NOT_EVALUATED,nan,nan,nan,nan,DISABLED,nan,nan,nan,nan,nan,nan
1791471014.0841591,1791471014.102025,1791471014.105568,1791471014.1055882,front_rgbd_red_sphere,True,True,True,,22.9,22.9,1791471014.102025,1791471014.100652,1791471014.0841591,1791471014.0841591,1791471014.0841591,0.0,1791471013.0819323,1791471014.0922046,1791471014.082347,1791471014.0922046,1791471014.082347,1791471014.0922046,1791471013.0819323,1791471014.0922046,1791471013.0819323,1791471014.0922046,1791470991.184159,GAZEBO_CLOCK_SYSTEM_INTERPOLATION,MAPPED_EXACT,0,22.9,1791471014.0841591,0.0022132396697998047,0.0,RGB,0.0,0,1,0,UNCALIBRATED,PREPARATION,FAR,TURNING,0.6499999761581421,24,0.5416666865348816,26.545557022094727,0.32415926456451416,nan,nan,False,0.0,0.0,0.0,0.0,0,0,0,0,0,0.0,0.0,0.0,0.0,0.0,0.0,0.0,0.0,0.0,0.0,0.0,0.0,0.0,0.0,25.163034093163265,0.43364203153726066,8.44394956163189,0.0,0.0,0.0,0.0,0.0,0.0,0.0,0.0,0.0,0.0,0.0,False,DISABLED,0,nan,nan,nan,nan,nan,nan,nan,nan,nan,nan,nan,nan,nan,nan,nan,nan,nan,nan,nan,nan,nan,nan,nan,nan,nan,nan,nan,nan,nan,nan,nan,nan,nan,nan,17.229019879191128,19.977583892484176,-0.1078474060281644,0.11933955317924604,0.11933955317924604,0.11933955317924604,17.50585031916679,19.73432565482398,-0.040132726359138705,-0.2768304399756616,0.24325823766019639,-0.0677146796690257,0.36852362568316155,0.37469312847894837,0.017865896224975586,False,DISABLED,none,MODEL_ORIGIN_FRAME_NOT_ESTABLISHED,nan,nan,nan,nan,nan,nan,nan,nan,nan,nan,nan,nan,nan,NOT_EVALUATED,nan,nan,nan,nan,DISABLED,nan,nan,nan,nan,nan,nan
1791471014.1361573,1791471014.1658156,1791471014.1672764,1791471014.1672764,front_rgbd_red_sphere,False,False,False,DEPTH_RATIO_LOW,22.952,22.952,1791471014.1658156,1791471014.154467,1791471014.1361573,1791471014.1361573,1791471014.1361573,0.0,1791471013.141936,1791471014.148174,1791471014.138347,1791471014.148174,1791471014.1423469,1791471014.1521626,1791471013.1379302,1791471014.148174,1791471013.141936,1791471014.1521626,1791470991.1841574,GAZEBO_CLOCK_SYSTEM_INTERPOLATION,MAPPED_EXACT,0,22.952,1791471014.1361573,0.0018649101257324219,0.0,RGB,0.0,0,1,0,UNCALIBRATED,PREPARATION,UNKNOWN,TURNING,0.0,0,0.0,nan,nan,nan,nan,False,0.0,0.0,0.0,0.0,0,0,0,0,0,0.0,0.0,0.0,0.0,0.0,0.0,0.0,0.0,0.0,0.0,0.0,0.0,0.0,0.0,0.0,0.0,0.0,0.0,0.0,0.0,0.0,0.0,0.0,0.0,0.0,0.0,0.0,0.0,False,DISABLED,0,nan,nan,nan,nan,nan,nan,nan,nan,nan,nan,nan,nan,nan,nan,nan,nan,nan,nan,nan,nan,nan,nan,nan,nan,nan,nan,nan,nan,nan,nan,nan,nan,nan,nan,nan,nan,nan,nan,nan,nan,nan,nan,nan,nan,nan,nan,nan,nan,0.02965831756591797,False,DISABLED,none,MODEL_ORIGIN_FRAME_NOT_ESTABLISHED,nan,nan,nan,nan,nan,nan,nan,nan,nan,nan,nan,nan,nan,NOT_EVALUATED,nan,nan,nan,nan,DISABLED,nan,nan,nan,nan,nan,nan
1791471014.1841772,1791471014.2181635,1791471014.2200265,1791471014.2200265,front_rgbd_red_sphere,False,False,False,DEPTH_RATIO_LOW,23.0,23.0,1791471014.2079875,1791471014.2181635,1791471014.1841772,1791471014.1841772,1791471014.1841772,0.0,1791471013.2019117,1791471014.2121584,1791471014.2023468,1791471014.2121584,1791471014.2023468,1791471014.2121584,1791471013.2019117,1791471014.2121584,1791471013.2019117,1791471014.2121584,1791470991.1841772,GAZEBO_CLOCK_SYSTEM_INTERPOLATION,MAPPED_EXACT,0,23.0,1791471014.1841772,0.002307891845703125,0.0,RGB,0.0,0,1,0,UNCALIBRATED,PREPARATION,UNKNOWN,TURNING,0.0,0,0.0,nan,nan,nan,nan,False,0.0,0.0,0.0,0.0,0,0,0,0,0,0.0,0.0,0.0,0.0,0.0,0.0,0.0,0.0,0.0,0.0,0.0,0.0,0.0,0.0,0.0,0.0,0.0,0.0,0.0,0.0,0.0,0.0,0.0,0.0,0.0,0.0,0.0,0.0,False,DISABLED,0,nan,nan,nan,nan,nan,nan,nan,nan,nan,nan,nan,nan,nan,nan,nan,nan,nan,nan,nan,nan,nan,nan,nan,nan,nan,nan,nan,nan,nan,nan,nan,nan,nan,nan,nan,nan,nan,nan,nan,nan,nan,nan,nan,nan,nan,nan,nan,nan,0.03398633003234863,False,DISABLED,none,MODEL_ORIGIN_FRAME_NOT_ESTABLISHED,nan,nan,nan,nan,nan,nan,nan,nan,nan,nan,nan,nan,nan,NOT_EVALUATED,nan,nan,nan,nan,DISABLED,nan,nan,nan,nan,nan,nan
1791471014.2361813,1791471014.2666876,1791471014.2689884,1791471014.2689884,front_rgbd_red_sphere,False,False,False,DEPTH_RATIO_LOW,23.052,23.052,1791471014.2666876,1791471014.2551994,1791471014.2361813,1791471014.2361813,1791471014.2361813,0.0,1791471013.2459242,1791471014.2521944,1791471014.242347,1791471014.2521944,1791471014.242347,1791471014.2521944,1791471013.241928,1791471014.2521944,1791471013.2459242,1791471014.2521944,1791470991.1841812,GAZEBO_CLOCK_SYSTEM_INTERPOLATION,MAPPED_EXACT,0,23.052,1791471014.2361813,0.002961874008178711,0.0,RGB,0.0,0,1,0,UNCALIBRATED,PREPARATION,UNKNOWN,TURNING,0.0,0,0.0,nan,nan,nan,nan,False,0.0,0.0,0.0,0.0,0,0,0,0,0,0.0,0.0,0.0,0.0,0.0,0.0,0.0,0.0,0.0,0.0,0.0,0.0,0.0,0.0,0.0,0.0,0.0,0.0,0.0,0.0,0.0,0.0,0.0,0.0,0.0,0.0,0.0,0.0,False,DISABLED,0,nan,nan,nan,nan,nan,nan,nan,nan,nan,nan,nan,nan,nan,nan,nan,nan,nan,nan,nan,nan,nan,nan,nan,nan,nan,nan,nan,nan,nan,nan,nan,nan,nan,nan,nan,nan,nan,nan,nan,nan,nan,nan,nan,nan,nan,nan,nan,nan,0.030506372451782227,False,DISABLED,none,MODEL_ORIGIN_FRAME_NOT_ESTABLISHED,nan,nan,nan,nan,nan,nan,nan,nan,nan,nan,nan,nan,nan,NOT_EVALUATED,nan,nan,nan,nan,DISABLED,nan,nan,nan,nan,nan,nan
1791471014.2841625,1791471014.320097,1791471014.3225658,1791471014.3225658,front_rgbd_red_sphere,False,False,False,DEPTH_RATIO_LOW,23.1,23.1,1791471014.320097,1791471014.3189538,1791471014.2841625,1791471014.2841625,1791471014.2841625,0.0,1791471013.3019176,1791471014.3081698,1791471014.298347,1791471014.3081698,1791471014.302347,1791471014.3121629,1791471013.2979193,1791471014.3081698,1791471013.3019176,1791471014.3121629,1791470991.1841626,GAZEBO_CLOCK_SYSTEM_INTERPOLATION,MAPPED_EXACT,0,23.1,1791471014.2841625,0.0042760372161865234,0.0,RGB,0.0,0,1,0,UNCALIBRATED,PREPARATION,UNKNOWN,TURNING,0.0,0,0.0,nan,nan,nan,nan,False,0.0,0.0,0.0,0.0,0,0,0,0,0,0.0,0.0,0.0,0.0,0.0,0.0,0.0,0.0,0.0,0.0,0.0,0.0,0.0,0.0,0.0,0.0,0.0,0.0,0.0,0.0,0.0,0.0,0.0,0.0,0.0,0.0,0.0,0.0,False,DISABLED,0,nan,nan,nan,nan,nan,nan,nan,nan,nan,nan,nan,nan,nan,nan,nan,nan,nan,nan,nan,nan,nan,nan,nan,nan,nan,nan,nan,nan,nan,nan,nan,nan,nan,nan,nan,nan,nan,nan,nan,nan,nan,nan,nan,nan,nan,nan,nan,nan,0.0359344482421875,False,DISABLED,none,MODEL_ORIGIN_FRAME_NOT_ESTABLISHED,nan,nan,nan,nan,nan,nan,nan,nan,nan,nan,nan,nan,nan,NOT_EVALUATED,nan,nan,nan,nan,DISABLED,nan,nan,nan,nan,nan,nan
1791471014.336157,1791471014.3668125,1791471014.368648,1791471014.368648,front_rgbd_red_sphere,False,False,False,DEPTH_RATIO_LOW,23.152,23.152,1791471014.3668125,1791471014.3556492,1791471014.336157,1791471014.336157,1791471014.336157,0.0,1791471013.3419354,1791471014.3481824,1791471014.338347,1791471014.3481824,1791471014.342347,1791471014.3521748,1791471013.3379323,1791471014.3481824,1791471013.3419354,1791471014.3521748,1791470991.1841571,GAZEBO_CLOCK_SYSTEM_INTERPOLATION,MAPPED_EXACT,0,23.152,1791471014.336157,0.002887248992919922,0.0,RGB,0.0,0,1,0,UNCALIBRATED,PREPARATION,UNKNOWN,TURNING,0.0,0,0.0,nan,nan,nan,nan,False,0.0,0.0,0.0,0.0,0,0,0,0,0,0.0,0.0,0.0,0.0,0.0,0.0,0.0,0.0,0.0,0.0,0.0,0.0,0.0,0.0,0.0,0.0,0.0,0.0,0.0,0.0,0.0,0.0,0.0,0.0,0.0,0.0,0.0,0.0,False,DISABLED,0,nan,nan,nan,nan,nan,nan,nan,nan,nan,nan,nan,nan,nan,nan,nan,nan,nan,nan,nan,nan,nan,nan,nan,nan,nan,nan,nan,nan,nan,nan,nan,nan,nan,nan,nan,nan,nan,nan,nan,nan,nan,nan,nan,nan,nan,nan,nan,nan,0.030655384063720703,False,DISABLED,none,MODEL_ORIGIN_FRAME_NOT_ESTABLISHED,nan,nan,nan,nan,nan,nan,nan,nan,nan,nan,nan,nan,nan,NOT_EVALUATED,nan,nan,nan,nan,DISABLED,nan,nan,nan,nan,nan,nan
1791471014.384168,1791471014.4070585,1791471014.4091208,1791471014.4091208,front_rgbd_red_sphere,False,False,False,DEPTH_RATIO_LOW,23.2,23.2,1791471014.4070585,1791471014.4054227,1791471014.384168,1791471014.384168,1791471014.384168,0.0,1791471013.3819306,1791471014.3882024,1791471014.378347,1791471014.3882024,1791471014.3823469,1791471014.392191,1791471013.3779376,1791471014.3882024,1791471013.3819306,1791471014.392191,1791470991.1841679,GAZEBO_CLOCK_SYSTEM_INTERPOLATION,MAPPED_EXACT,0,23.2,1791471014.384168,0.0032210350036621094,0.0,RGB,0.0,0,1,0,UNCALIBRATED,PREPARATION,UNKNOWN,TURNING,0.0,0,0.0,nan,nan,nan,nan,False,0.0,0.0,0.0,0.0,0,0,0,0,0,0.0,0.0,0.0,0.0,0.0,0.0,0.0,0.0,0.0,0.0,0.0,0.0,0.0,0.0,0.0,0.0,0.0,0.0,0.0,0.0,0.0,0.0,0.0,0.0,0.0,0.0,0.0,0.0,False,DISABLED,0,nan,nan,nan,nan,nan,nan,nan,nan,nan,nan,nan,nan,nan,nan,nan,nan,nan,nan,nan,nan,nan,nan,nan,nan,nan,nan,nan,nan,nan,nan,nan,nan,nan,nan,nan,nan,nan,nan,nan,nan,nan,nan,nan,nan,nan,nan,nan,nan,0.022890567779541016,False,DISABLED,none,MODEL_ORIGIN_FRAME_NOT_ESTABLISHED,nan,nan,nan,nan,nan,nan,nan,nan,nan,nan,nan,nan,nan,NOT_EVALUATED,nan,nan,nan,nan,DISABLED,nan,nan,nan,nan,nan,nan
1791471014.4362447,1791471014.4614851,1791471014.4632382,1791471014.4632382,front_rgbd_red_sphere,False,False,False,DEPTH_RATIO_LOW,23.252,23.252,1791471014.4614851,1791471014.459636,1791471014.4362447,1791471014.4362447,1791471014.4362447,0.0,1791471013.441925,1791471014.452199,1791471014.4423468,1791471014.452199,1791471014.4423468,1791471014.452199,1791471013.441925,1791471014.452199,1791471013.441925,1791471014.452199,1791470991.1842446,GAZEBO_CLOCK_SYSTEM_INTERPOLATION,MAPPED_EXACT,0,23.252,1791471014.4362447,0.00153350830078125,0.0,RGB,0.0,0,1,0,UNCALIBRATED,PREPARATION,UNKNOWN,TURNING,0.0,0,0.0,nan,nan,nan,nan,False,0.0,0.0,0.0,0.0,0,0,0,0,0,0.0,0.0,0.0,0.0,0.0,0.0,0.0,0.0,0.0,0.0,0.0,0.0,0.0,0.0,0.0,0.0,0.0,0.0,0.0,0.0,0.0,0.0,0.0,0.0,0.0,0.0,0.0,0.0,False,DISABLED,0,nan,nan,nan,nan,nan,nan,nan,nan,nan,nan,nan,nan,nan,nan,nan,nan,nan,nan,nan,nan,nan,nan,nan,nan,nan,nan,nan,nan,nan,nan,nan,nan,nan,nan,nan,nan,nan,nan,nan,nan,nan,nan,nan,nan,nan,nan,nan,nan,0.025240421295166016,False,DISABLED,none,MODEL_ORIGIN_FRAME_NOT_ESTABLISHED,nan,nan,nan,nan,nan,nan,nan,nan,nan,nan,nan,nan,nan,NOT_EVALUATED,nan,nan,nan,nan,DISABLED,nan,nan,nan,nan,nan,nan
1791471014.4841623,1791471014.5074227,1791471014.5109525,1791471014.5109525,front_rgbd_red_sphere,False,False,False,DEPTH_RATIO_LOW,23.3,23.3,1791471014.5074227,1791471014.5042017,1791471014.4841623,1791471014.4841623,1791471014.4841623,0.0,1791471013.4819262,1791471014.4921675,1791471014.482347,1791471014.4921675,1791471014.482347,1791471014.4921675,1791471013.4819262,1791471014.4921675,1791471013.4819262,1791471014.4921675,1791470991.1841624,GAZEBO_CLOCK_SYSTEM_INTERPOLATION,MAPPED_EXACT,0,23.3,1791471014.4841623,0.003838777542114258,0.0,RGB,0.0,0,1,0,UNCALIBRATED,PREPARATION,UNKNOWN,TURNING,0.0,0,0.0,nan,nan,nan,nan,False,0.0,0.0,0.0,0.0,0,0,0,0,0,0.0,0.0,0.0,0.0,0.0,0.0,0.0,0.0,0.0,0.0,0.0,0.0,0.0,0.0,0.0,0.0,0.0,0.0,0.0,0.0,0.0,0.0,0.0,0.0,0.0,0.0,0.0,0.0,False,DISABLED,0,nan,nan,nan,nan,nan,nan,nan,nan,nan,nan,nan,nan,nan,nan,nan,nan,nan,nan,nan,nan,nan,nan,nan,nan,nan,nan,nan,nan,nan,nan,nan,nan,nan,nan,nan,nan,nan,nan,nan,nan,nan,nan,nan,nan,nan,nan,nan,nan,0.02326035499572754,False,DISABLED,none,MODEL_ORIGIN_FRAME_NOT_ESTABLISHED,nan,nan,nan,nan,nan,nan,nan,nan,nan,nan,nan,nan,nan,NOT_EVALUATED,nan,nan,nan,nan,DISABLED,nan,nan,nan,nan,nan,nan
1791471014.536168,1791471014.5671625,1791471014.5699792,1791471014.5699792,front_rgbd_red_sphere,False,False,False,DEPTH_RATIO_LOW,23.352,23.352,1791471014.559955,1791471014.5671625,1791471014.536168,1791471014.536168,1791471014.536168,0.0,1791471013.5419168,1791471014.5481873,1791471014.5383759,1791471014.5481873,1791471014.5423758,1791471014.5521777,1791471013.537929,1791471014.5481873,1791471013.5419168,1791471014.5521777,1791470991.184168,GAZEBO_CLOCK_SYSTEM_INTERPOLATION,MAPPED_EXACT,0,23.352,1791471014.536168,0.003353595733642578,0.0,RGB,0.0,0,1,0,UNCALIBRATED,PREPARATION,UNKNOWN,TURNING,0.0,0,0.0,nan,nan,nan,nan,False,0.0,0.0,0.0,0.0,0,0,0,0,0,0.0,0.0,0.0,0.0,0.0,0.0,0.0,0.0,0.0,0.0,0.0,0.0,0.0,0.0,0.0,0.0,0.0,0.0,0.0,0.0,0.0,0.0,0.0,0.0,0.0,0.0,0.0,0.0,False,DISABLED,0,nan,nan,nan,nan,nan,nan,nan,nan,nan,nan,nan,nan,nan,nan,nan,nan,nan,nan,nan,nan,nan,nan,nan,nan,nan,nan,nan,nan,nan,nan,nan,nan,nan,nan,nan,nan,nan,nan,nan,nan,nan,nan,nan,nan,nan,nan,nan,nan,0.030994415283203125,False,DISABLED,none,MODEL_ORIGIN_FRAME_NOT_ESTABLISHED,nan,nan,nan,nan,nan,nan,nan,nan,nan,nan,nan,nan,nan,NOT_EVALUATED,nan,nan,nan,nan,DISABLED,nan,nan,nan,nan,nan,nan
1791471014.5841694,1791471014.6108978,1791471014.6135077,1791471014.6135077,front_rgbd_red_sphere,False,False,False,DEPTH_RATIO_LOW,23.4,23.4,1791471014.6016212,1791471014.6108978,1791471014.5841694,1791471014.5841694,1791471014.5841694,0.0,1791471013.581949,1791471014.5881722,1791471014.5783758,1791471014.5881722,1791471014.582376,1791471014.59217,1791471013.5779302,1791471014.5881722,1791471013.581949,1791471014.59217,1791470991.1841693,GAZEBO_CLOCK_SYSTEM_INTERPOLATION,MAPPED_EXACT,0,23.4,1791471014.5841694,0.003044605255126953,0.0,RGB,0.0,0,1,0,UNCALIBRATED,PREPARATION,UNKNOWN,TURNING,0.0,0,0.0,nan,nan,nan,nan,False,0.0,0.0,0.0,0.0,0,0,0,0,0,0.0,0.0,0.0,0.0,0.0,0.0,0.0,0.0,0.0,0.0,0.0,0.0,0.0,0.0,0.0,0.0,0.0,0.0,0.0,0.0,0.0,0.0,0.0,0.0,0.0,0.0,0.0,0.0,False,DISABLED,0,nan,nan,nan,nan,nan,nan,nan,nan,nan,nan,nan,nan,nan,nan,nan,nan,nan,nan,nan,nan,nan,nan,nan,nan,nan,nan,nan,nan,nan,nan,nan,nan,nan,nan,nan,nan,nan,nan,nan,nan,nan,nan,nan,nan,nan,nan,nan,nan,0.026728391647338867,False,DISABLED,none,MODEL_ORIGIN_FRAME_NOT_ESTABLISHED,nan,nan,nan,nan,nan,nan,nan,nan,nan,nan,nan,nan,nan,NOT_EVALUATED,nan,nan,nan,nan,DISABLED,nan,nan,nan,nan,nan,nan
1791471014.6361606,1791471014.6571019,1791471014.6612065,1791471014.6612065,front_rgbd_red_sphere,False,False,False,DEPTH_RATIO_LOW,23.452,23.452,1791471014.6571019,1791471014.655821,1791471014.6361606,1791471014.6361606,1791471014.6361606,0.0,1791471013.6521623,1791471014.6521738,1791471014.642376,1791471014.6521738,1791471014.642376,1791471014.6521738,1791471013.6521623,1791471014.6521738,1791471013.6521623,1791471014.6521738,1791470991.1841607,GAZEBO_CLOCK_SYSTEM_INTERPOLATION,MAPPED_EXACT,0,23.452,1791471014.6361606,0.0032339096069335938,0.0,RGB,0.0,0,1,0,UNCALIBRATED,PREPARATION,UNKNOWN,TURNING,0.0,0,0.0,nan,nan,nan,nan,False,0.0,0.0,0.0,0.0,0,0,0,0,0,0.0,0.0,0.0,0.0,0.0,0.0,0.0,0.0,0.0,0.0,0.0,0.0,0.0,0.0,0.0,0.0,0.0,0.0,0.0,0.0,0.0,0.0,0.0,0.0,0.0,0.0,0.0,0.0,False,DISABLED,0,nan,nan,nan,nan,nan,nan,nan,nan,nan,nan,nan,nan,nan,nan,nan,nan,nan,nan,nan,nan,nan,nan,nan,nan,nan,nan,nan,nan,nan,nan,nan,nan,nan,nan,nan,nan,nan,nan,nan,nan,nan,nan,nan,nan,nan,nan,nan,nan,0.02094125747680664,False,DISABLED,none,MODEL_ORIGIN_FRAME_NOT_ESTABLISHED,nan,nan,nan,nan,nan,nan,nan,nan,nan,nan,nan,nan,nan,NOT_EVALUATED,nan,nan,nan,nan,DISABLED,nan,nan,nan,nan,nan,nan
1791471014.6841633,1791471014.7067938,1791471014.7099454,1791471014.7099454,front_rgbd_red_sphere,False,False,False,DEPTH_RATIO_LOW,23.5,23.5,1791471014.7067938,1791471014.70458,1791471014.6841633,1791471014.6841633,1791471014.6841633,0.0,1791471013.6921654,1791471014.692199,1791471014.682376,1791471014.692199,1791471014.682376,1791471014.692199,1791471013.6921654,1791471014.692199,1791471013.6921654,1791471014.692199,1791470991.1841633,GAZEBO_CLOCK_SYSTEM_INTERPOLATION,MAPPED_EXACT,0,23.5,1791471014.6841633,0.003094196319580078,0.0,RGB,0.0,0,1,0,UNCALIBRATED,PREPARATION,UNKNOWN,TURNING,0.0,0,0.0,nan,nan,nan,nan,False,0.0,0.0,0.0,0.0,0,0,0,0,0,0.0,0.0,0.0,0.0,0.0,0.0,0.0,0.0,0.0,0.0,0.0,0.0,0.0,0.0,0.0,0.0,0.0,0.0,0.0,0.0,0.0,0.0,0.0,0.0,0.0,0.0,0.0,0.0,False,DISABLED,0,nan,nan,nan,nan,nan,nan,nan,nan,nan,nan,nan,nan,nan,nan,nan,nan,nan,nan,nan,nan,nan,nan,nan,nan,nan,nan,nan,nan,nan,nan,nan,nan,nan,nan,nan,nan,nan,nan,nan,nan,nan,nan,nan,nan,nan,nan,nan,nan,0.02263045310974121,False,DISABLED,none,MODEL_ORIGIN_FRAME_NOT_ESTABLISHED,nan,nan,nan,nan,nan,nan,nan,nan,nan,nan,nan,nan,nan,NOT_EVALUATED,nan,nan,nan,nan,DISABLED,nan,nan,nan,nan,nan,nan
1791471014.7361584,1791471014.7577755,1791471014.7616372,1791471014.7616372,front_rgbd_red_sphere,False,False,False,DEPTH_RATIO_LOW,23.552,23.552,1791471014.7577755,1791471014.7565143,1791471014.7361584,1791471014.7361584,1791471014.7361584,0.0,1791471013.7321565,1791471014.748172,1791471014.738376,1791471014.748172,1791471014.7423759,1791471014.7521677,1791471013.7321565,1791471014.748172,1791471013.7321565,1791471014.7521677,1791470991.1841583,GAZEBO_CLOCK_SYSTEM_INTERPOLATION,MAPPED_EXACT,0,23.552,1791471014.7361584,0.0034377574920654297,0.0,RGB,0.0,0,1,0,UNCALIBRATED,PREPARATION,UNKNOWN,TURNING,0.0,0,0.0,nan,nan,nan,nan,False,0.0,0.0,0.0,0.0,0,0,0,0,0,0.0,0.0,0.0,0.0,0.0,0.0,0.0,0.0,0.0,0.0,0.0,0.0,0.0,0.0,0.0,0.0,0.0,0.0,0.0,0.0,0.0,0.0,0.0,0.0,0.0,0.0,0.0,0.0,False,DISABLED,0,nan,nan,nan,nan,nan,nan,nan,nan,nan,nan,nan,nan,nan,nan,nan,nan,nan,nan,nan,nan,nan,nan,nan,nan,nan,nan,nan,nan,nan,nan,nan,nan,nan,nan,nan,nan,nan,nan,nan,nan,nan,nan,nan,nan,nan,nan,nan,nan,0.02161717414855957,False,DISABLED,none,MODEL_ORIGIN_FRAME_NOT_ESTABLISHED,nan,nan,nan,nan,nan,nan,nan,nan,nan,nan,nan,nan,nan,NOT_EVALUATED,nan,nan,nan,nan,DISABLED,nan,nan,nan,nan,nan,nan
1791471014.7841606,1791471014.8074272,1791471014.8105092,1791471014.8105092,front_rgbd_red_sphere,False,False,False,DEPTH_RATIO_LOW,23.6,23.6,1791471014.8074272,1791471014.8046207,1791471014.7841606,1791471014.7841606,1791471014.7841606,0.0,1791471013.7921638,1791471014.7881699,1791471014.7783759,1791471014.7881699,1791471014.7823758,1791471014.7921677,1791471013.7721589,1791471014.7881699,1791471013.7921638,1791471014.7921677,1791470991.1841607,GAZEBO_CLOCK_SYSTEM_INTERPOLATION,MAPPED_EXACT,0,23.6,1791471014.7841606,0.0037162303924560547,0.0,RGB,0.0,0,1,0,UNCALIBRATED,PREPARATION,UNKNOWN,TURNING,0.0,0,0.0,nan,nan,nan,nan,False,0.0,0.0,0.0,0.0,0,0,0,0,0,0.0,0.0,0.0,0.0,0.0,0.0,0.0,0.0,0.0,0.0,0.0,0.0,0.0,0.0,0.0,0.0,0.0,0.0,0.0,0.0,0.0,0.0,0.0,0.0,0.0,0.0,0.0,0.0,False,DISABLED,0,nan,nan,nan,nan,nan,nan,nan,nan,nan,nan,nan,nan,nan,nan,nan,nan,nan,nan,nan,nan,nan,nan,nan,nan,nan,nan,nan,nan,nan,nan,nan,nan,nan,nan,nan,nan,nan,nan,nan,nan,nan,nan,nan,nan,nan,nan,nan,nan,0.02326655387878418,False,DISABLED,none,MODEL_ORIGIN_FRAME_NOT_ESTABLISHED,nan,nan,nan,nan,nan,nan,nan,nan,nan,nan,nan,nan,nan,NOT_EVALUATED,nan,nan,nan,nan,DISABLED,nan,nan,nan,nan,nan,nan
1791471014.8361578,1791471014.8670409,1791471014.8696456,1791471014.8696456,front_rgbd_red_sphere,False,False,False,DEPTH_RATIO_LOW,23.652,23.652,1791471014.8670409,1791471014.8661804,1791471014.8361578,1791471014.8361578,1791471014.8361578,0.0,1791471013.852168,1791471014.8521726,1791471014.842376,1791471014.8521726,1791471014.842376,1791471014.8521726,1791471013.852168,1791471014.8521726,1791471013.852168,1791471014.8521726,1791470991.1841578,GAZEBO_CLOCK_SYSTEM_INTERPOLATION,MAPPED_EXACT,0,23.652,1791471014.8361578,0.0031404495239257812,0.0,RGB,0.0,0,1,0,UNCALIBRATED,PREPARATION,UNKNOWN,TURNING,0.0,0,0.0,nan,nan,nan,nan,False,0.0,0.0,0.0,0.0,0,0,0,0,0,0.0,0.0,0.0,0.0,0.0,0.0,0.0,0.0,0.0,0.0,0.0,0.0,0.0,0.0,0.0,0.0,0.0,0.0,0.0,0.0,0.0,0.0,0.0,0.0,0.0,0.0,0.0,0.0,False,DISABLED,0,nan,nan,nan,nan,nan,nan,nan,nan,nan,nan,nan,nan,nan,nan,nan,nan,nan,nan,nan,nan,nan,nan,nan,nan,nan,nan,nan,nan,nan,nan,nan,nan,nan,nan,nan,nan,nan,nan,nan,nan,nan,nan,nan,nan,nan,nan,nan,nan,0.030883073806762695,False,DISABLED,none,MODEL_ORIGIN_FRAME_NOT_ESTABLISHED,nan,nan,nan,nan,nan,nan,nan,nan,nan,nan,nan,nan,nan,NOT_EVALUATED,nan,nan,nan,nan,DISABLED,nan,nan,nan,nan,nan,nan
1791471014.884158,1791471014.9047034,1791471014.9066525,1791471014.9066525,front_rgbd_red_sphere,False,False,False,DEPTH_RATIO_LOW,23.7,23.7,1791471014.9047034,1791471014.9024882,1791471014.884158,1791471014.884158,1791471014.884158,0.0,1791471013.8921723,1791471014.8921735,1791471014.882376,1791471014.8921735,1791471014.882376,1791471014.8921735,1791471013.8921723,1791471014.8921735,1791471013.8921723,1791471014.8921735,1791470991.1841578,GAZEBO_CLOCK_SYSTEM_INTERPOLATION,MAPPED_EXACT,0,23.7,1791471014.884158,0.004775285720825195,0.0,RGB,0.0,0,1,0,UNCALIBRATED,PREPARATION,UNKNOWN,TURNING,0.0,0,0.0,nan,nan,nan,nan,False,0.0,0.0,0.0,0.0,0,0,0,0,0,0.0,0.0,0.0,0.0,0.0,0.0,0.0,0.0,0.0,0.0,0.0,0.0,0.0,0.0,0.0,0.0,0.0,0.0,0.0,0.0,0.0,0.0,0.0,0.0,0.0,0.0,0.0,0.0,False,DISABLED,0,nan,nan,nan,nan,nan,nan,nan,nan,nan,nan,nan,nan,nan,nan,nan,nan,nan,nan,nan,nan,nan,nan,nan,nan,nan,nan,nan,nan,nan,nan,nan,nan,nan,nan,nan,nan,nan,nan,nan,nan,nan,nan,nan,nan,nan,nan,nan,nan,0.020545482635498047,False,DISABLED,none,MODEL_ORIGIN_FRAME_NOT_ESTABLISHED,nan,nan,nan,nan,nan,nan,nan,nan,nan,nan,nan,nan,nan,NOT_EVALUATED,nan,nan,nan,nan,DISABLED,nan,nan,nan,nan,nan,nan
1791471014.9361556,1791471014.9529054,1791471014.9603064,1791471014.9603064,front_rgbd_red_sphere,False,False,False,DEPTH_RATIO_LOW,23.752,23.752,1791471014.9529054,1791471014.9513524,1791471014.9361556,1791471014.9361556,1791471014.9361556,0.0,1791471013.9521701,1791471014.9481606,1791471014.938376,1791471014.9481606,1791471014.942376,1791471014.952171,1791471013.932157,1791471014.9481606,1791471013.9521701,1791471014.952171,1791470991.1841555,GAZEBO_CLOCK_SYSTEM_INTERPOLATION,MAPPED_EXACT,0,23.752,1791471014.9361556,0.001794576644897461,0.0,RGB,0.0,0,1,0,UNCALIBRATED,PREPARATION,UNKNOWN,TURNING,0.0,0,0.0,nan,nan,nan,nan,False,0.0,0.0,0.0,0.0,0,0,0,0,0,0.0,0.0,0.0,0.0,0.0,0.0,0.0,0.0,0.0,0.0,0.0,0.0,0.0,0.0,0.0,0.0,0.0,0.0,0.0,0.0,0.0,0.0,0.0,0.0,0.0,0.0,0.0,0.0,False,DISABLED,0,nan,nan,nan,nan,nan,nan,nan,nan,nan,nan,nan,nan,nan,nan,nan,nan,nan,nan,nan,nan,nan,nan,nan,nan,nan,nan,nan,nan,nan,nan,nan,nan,nan,nan,nan,nan,nan,nan,nan,nan,nan,nan,nan,nan,nan,nan,nan,nan,0.016749858856201172,False,DISABLED,none,MODEL_ORIGIN_FRAME_NOT_ESTABLISHED,nan,nan,nan,nan,nan,nan,nan,nan,nan,nan,nan,nan,nan,NOT_EVALUATED,nan,nan,nan,nan,DISABLED,nan,nan,nan,nan,nan,nan
1791471014.9841583,1791471015.0068789,1791471015.008696,1791471015.008696,front_rgbd_red_sphere,False,False,False,DEPTH_RATIO_LOW,23.8,23.8,1791471015.0068789,1791471015.0046666,1791471014.9841583,1791471014.9841583,1791471014.9841583,0.0,1791471013.972159,1791471014.988169,1791471014.978376,1791471014.988169,1791471014.9823759,1791471014.9921658,1791471013.972159,1791471014.988169,1791471013.972159,1791471014.9921658,1791470991.1841583,GAZEBO_CLOCK_SYSTEM_INTERPOLATION,MAPPED_EXACT,0,23.8,1791471014.9841583,0.003029346466064453,0.0,RGB,0.0,0,1,0,UNCALIBRATED,PREPARATION,UNKNOWN,TURNING,0.0,0,0.0,nan,nan,nan,nan,False,0.0,0.0,0.0,0.0,0,0,0,0,0,0.0,0.0,0.0,0.0,0.0,0.0,0.0,0.0,0.0,0.0,0.0,0.0,0.0,0.0,0.0,0.0,0.0,0.0,0.0,0.0,0.0,0.0,0.0,0.0,0.0,0.0,0.0,0.0,False,DISABLED,0,nan,nan,nan,nan,nan,nan,nan,nan,nan,nan,nan,nan,nan,nan,nan,nan,nan,nan,nan,nan,nan,nan,nan,nan,nan,nan,nan,nan,nan,nan,nan,nan,nan,nan,nan,nan,nan,nan,nan,nan,nan,nan,nan,nan,nan,nan,nan,nan,0.0227205753326416,False,DISABLED,none,MODEL_ORIGIN_FRAME_NOT_ESTABLISHED,nan,nan,nan,nan,nan,nan,nan,nan,nan,nan,nan,nan,nan,NOT_EVALUATED,nan,nan,nan,nan,DISABLED,nan,nan,nan,nan,nan,nan
1791471015.0361755,1791471015.0640345,1791471015.0655923,1791471015.0655923,front_rgbd_red_sphere,False,False,False,DEPTH_RATIO_LOW,23.852,23.852,1791471015.0640345,1791471015.0620272,1791471015.0361755,1791471015.0361755,1791471015.0361755,0.0,1791471014.0521638,1791471015.0521889,1791471015.0423758,1791471015.0521889,1791471015.0423758,1791471015.0521889,1791471014.0521638,1791471015.0521889,1791471014.0521638,1791471015.0521889,1791470991.1841755,GAZEBO_CLOCK_SYSTEM_INTERPOLATION,MAPPED_EXACT,0,23.852,1791471015.0361755,0.004049777984619141,0.0,RGB,0.0,0,1,0,UNCALIBRATED,PREPARATION,UNKNOWN,TURNING,0.0,0,0.0,nan,nan,nan,nan,False,0.0,0.0,0.0,0.0,0,0,0,0,0,0.0,0.0,0.0,0.0,0.0,0.0,0.0,0.0,0.0,0.0,0.0,0.0,0.0,0.0,0.0,0.0,0.0,0.0,0.0,0.0,0.0,0.0,0.0,0.0,0.0,0.0,0.0,0.0,False,DISABLED,0,nan,nan,nan,nan,nan,nan,nan,nan,nan,nan,nan,nan,nan,nan,nan,nan,nan,nan,nan,nan,nan,nan,nan,nan,nan,nan,nan,nan,nan,nan,nan,nan,nan,nan,nan,nan,nan,nan,nan,nan,nan,nan,nan,nan,nan,nan,nan,nan,0.027858972549438477,False,DISABLED,none,MODEL_ORIGIN_FRAME_NOT_ESTABLISHED,nan,nan,nan,nan,nan,nan,nan,nan,nan,nan,nan,nan,nan,NOT_EVALUATED,nan,nan,nan,nan,DISABLED,nan,nan,nan,nan,nan,nan
1791471015.0841613,1791471015.1058075,1791471015.109812,1791471015.109812,front_rgbd_red_sphere,False,False,False,DEPTH_RATIO_LOW,23.9,23.9,1791471015.1058075,1791471015.1029506,1791471015.0841613,1791471015.0841613,1791471015.0841613,0.0,1791471014.0721602,1791471015.0921776,1791471015.082376,1791471015.0921776,1791471015.082376,1791471015.0921776,1791471014.0681624,1791471015.0921776,1791471014.0721602,1791471015.0921776,1791470991.1841612,GAZEBO_CLOCK_SYSTEM_INTERPOLATION,MAPPED_EXACT,0,23.9,1791471015.0841613,0.0021724700927734375,0.0,RGB,0.0,0,1,0,UNCALIBRATED,PREPARATION,UNKNOWN,TURNING,0.0,0,0.0,nan,nan,nan,nan,False,0.0,0.0,0.0,0.0,0,0,0,0,0,0.0,0.0,0.0,0.0,0.0,0.0,0.0,0.0,0.0,0.0,0.0,0.0,0.0,0.0,0.0,0.0,0.0,0.0,0.0,0.0,0.0,0.0,0.0,0.0,0.0,0.0,0.0,0.0,False,DISABLED,0,nan,nan,nan,nan,nan,nan,nan,nan,nan,nan,nan,nan,nan,nan,nan,nan,nan,nan,nan,nan,nan,nan,nan,nan,nan,nan,nan,nan,nan,nan,nan,nan,nan,nan,nan,nan,nan,nan,nan,nan,nan,nan,nan,nan,nan,nan,nan,nan,0.02164626121520996,False,DISABLED,none,MODEL_ORIGIN_FRAME_NOT_ESTABLISHED,nan,nan,nan,nan,nan,nan,nan,nan,nan,nan,nan,nan,nan,NOT_EVALUATED,nan,nan,nan,nan,DISABLED,nan,nan,nan,nan,nan,nan
1791471015.1361587,1791471015.160059,1791471015.1632333,1791471015.1632333,front_rgbd_red_sphere,False,False,False,DEPTH_RATIO_LOW,23.952,23.952,1791471015.160059,1791471015.1585073,1791471015.1361587,1791471015.1361587,1791471015.1361587,0.0,1791471014.1521626,1791471015.1481876,1791471015.138376,1791471015.1481876,1791471015.142376,1791471015.1521833,1791471014.148174,1791471015.1481876,1791471014.1521626,1791471015.1521833,1791470991.1841588,GAZEBO_CLOCK_SYSTEM_INTERPOLATION,MAPPED_EXACT,0,23.952,1791471015.1361587,0.005064487457275391,0.0,RGB,0.0,0,1,0,UNCALIBRATED,PREPARATION,UNKNOWN,TURNING,0.0,0,0.0,nan,nan,nan,nan,False,0.0,0.0,0.0,0.0,0,0,0,0,0,0.0,0.0,0.0,0.0,0.0,0.0,0.0,0.0,0.0,0.0,0.0,0.0,0.0,0.0,0.0,0.0,0.0,0.0,0.0,0.0,0.0,0.0,0.0,0.0,0.0,0.0,0.0,0.0,False,DISABLED,0,nan,nan,nan,nan,nan,nan,nan,nan,nan,nan,nan,nan,nan,nan,nan,nan,nan,nan,nan,nan,nan,nan,nan,nan,nan,nan,nan,nan,nan,nan,nan,nan,nan,nan,nan,nan,nan,nan,nan,nan,nan,nan,nan,nan,nan,nan,nan,nan,0.023900270462036133,False,DISABLED,none,MODEL_ORIGIN_FRAME_NOT_ESTABLISHED,nan,nan,nan,nan,nan,nan,nan,nan,nan,nan,nan,nan,nan,NOT_EVALUATED,nan,nan,nan,nan,DISABLED,nan,nan,nan,nan,nan,nan
1791471015.1841822,1791471015.2215416,1791471015.2246068,1791471015.2246068,front_rgbd_red_sphere,False,False,False,DEPTH_RATIO_LOW,24.0,24.0,1791471015.2215416,1791471015.2206807,1791471015.1841822,1791471015.1841822,1791471015.1841822,0.0,1791471014.2121584,1791471015.2121677,1791471015.202376,1791471015.2121677,1791471015.202376,1791471015.2121677,1791471014.2121584,1791471015.2121677,1791471014.2121584,1791471015.2121677,1791470991.1841822,GAZEBO_CLOCK_SYSTEM_INTERPOLATION,MAPPED_EXACT,0,24.0,1791471015.1841822,0.0017561912536621094,0.0,RGB,0.0,0,1,0,UNCALIBRATED,PREPARATION,UNKNOWN,TURNING,0.0,0,0.0,nan,nan,nan,nan,False,0.0,0.0,0.0,0.0,0,0,0,0,0,0.0,0.0,0.0,0.0,0.0,0.0,0.0,0.0,0.0,0.0,0.0,0.0,0.0,0.0,0.0,0.0,0.0,0.0,0.0,0.0,0.0,0.0,0.0,0.0,0.0,0.0,0.0,0.0,False,DISABLED,0,nan,nan,nan,nan,nan,nan,nan,nan,nan,nan,nan,nan,nan,nan,nan,nan,nan,nan,nan,nan,nan,nan,nan,nan,nan,nan,nan,nan,nan,nan,nan,nan,nan,nan,nan,nan,nan,nan,nan,nan,nan,nan,nan,nan,nan,nan,nan,nan,0.03735947608947754,False,DISABLED,none,MODEL_ORIGIN_FRAME_NOT_ESTABLISHED,nan,nan,nan,nan,nan,nan,nan,nan,nan,nan,nan,nan,nan,NOT_EVALUATED,nan,nan,nan,nan,DISABLED,nan,nan,nan,nan,nan,nan
1791471015.2361648,1791471015.2686167,1791471015.2713785,1791471015.2713785,front_rgbd_red_sphere,False,False,False,DEPTH_RATIO_LOW,24.052,24.052,1791471015.2686167,1791471015.2675471,1791471015.2361648,1791471015.2361648,1791471015.2361648,0.0,1791471014.2321641,1791471015.2521718,1791471015.2423759,1791471015.2521718,1791471015.2423759,1791471015.2521718,1791471014.2281594,1791471015.2521718,1791471014.2321641,1791471015.2521718,1791470991.1841648,GAZEBO_CLOCK_SYSTEM_INTERPOLATION,MAPPED_EXACT,0,24.052,1791471015.2361648,0.0007803440093994141,0.0,RGB,0.0,0,1,0,UNCALIBRATED,PREPARATION,UNKNOWN,TURNING,0.0,0,0.0,nan,nan,nan,nan,False,0.0,0.0,0.0,0.0,0,0,0,0,0,0.0,0.0,0.0,0.0,0.0,0.0,0.0,0.0,0.0,0.0,0.0,0.0,0.0,0.0,0.0,0.0,0.0,0.0,0.0,0.0,0.0,0.0,0.0,0.0,0.0,0.0,0.0,0.0,False,DISABLED,0,nan,nan,nan,nan,nan,nan,nan,nan,nan,nan,nan,nan,nan,nan,nan,nan,nan,nan,nan,nan,nan,nan,nan,nan,nan,nan,nan,nan,nan,nan,nan,nan,nan,nan,nan,nan,nan,nan,nan,nan,nan,nan,nan,nan,nan,nan,nan,nan,0.03245186805725098,False,DISABLED,none,MODEL_ORIGIN_FRAME_NOT_ESTABLISHED,nan,nan,nan,nan,nan,nan,nan,nan,nan,nan,nan,nan,nan,NOT_EVALUATED,nan,nan,nan,nan,DISABLED,nan,nan,nan,nan,nan,nan
1791471015.2841592,1791471015.301491,1791471015.3046892,1791471015.3046892,front_rgbd_red_sphere,False,False,False,DEPTH_RATIO_LOW,24.1,24.1,1791471015.301491,1791471015.2996323,1791471015.2841592,1791471015.2841592,1791471015.2841592,0.0,1791471014.2721672,1791471015.2921655,1791471015.2823758,1791471015.2921655,1791471015.2823758,1791471015.2921655,1791471014.2681568,1791471015.2921655,1791471014.2721672,1791471015.2921655,1791470991.1841593,GAZEBO_CLOCK_SYSTEM_INTERPOLATION,MAPPED_EXACT,0,24.1,1791471015.2841592,0.001638650894165039,0.0,RGB,0.0,0,1,0,UNCALIBRATED,PREPARATION,UNKNOWN,TURNING,0.0,0,0.0,nan,nan,nan,nan,False,0.0,0.0,0.0,0.0,0,0,0,0,0,0.0,0.0,0.0,0.0,0.0,0.0,0.0,0.0,0.0,0.0,0.0,0.0,0.0,0.0,0.0,0.0,0.0,0.0,0.0,0.0,0.0,0.0,0.0,0.0,0.0,0.0,0.0,0.0,False,DISABLED,0,nan,nan,nan,nan,nan,nan,nan,nan,nan,nan,nan,nan,nan,nan,nan,nan,nan,nan,nan,nan,nan,nan,nan,nan,nan,nan,nan,nan,nan,nan,nan,nan,nan,nan,nan,nan,nan,nan,nan,nan,nan,nan,nan,nan,nan,nan,nan,nan,0.017331838607788086,False,DISABLED,none,MODEL_ORIGIN_FRAME_NOT_ESTABLISHED,nan,nan,nan,nan,nan,nan,nan,nan,nan,nan,nan,nan,nan,NOT_EVALUATED,nan,nan,nan,nan,DISABLED,nan,nan,nan,nan,nan,nan
1791471015.336167,1791471015.3582652,1791471015.3602276,1791471015.3602276,front_rgbd_red_sphere,False,False,False,DEPTH_RATIO_LOW,24.152,24.152,1791471015.3582652,1791471015.3567061,1791471015.336167,1791471015.336167,1791471015.336167,0.0,1791471014.3481824,1791471015.3481894,1791471015.3383758,1791471015.3481894,1791471015.342376,1791471015.3521717,1791471014.3481824,1791471015.3481894,1791471014.332157,1791471015.3521717,1791470991.1841671,GAZEBO_CLOCK_SYSTEM_INTERPOLATION,MAPPED_EXACT,0,24.152,1791471015.336167,0.0028297901153564453,0.0,RGB,0.0,0,1,0,UNCALIBRATED,PREPARATION,UNKNOWN,TURNING,0.0,0,0.0,nan,nan,nan,nan,False,0.0,0.0,0.0,0.0,0,0,0,0,0,0.0,0.0,0.0,0.0,0.0,0.0,0.0,0.0,0.0,0.0,0.0,0.0,0.0,0.0,0.0,0.0,0.0,0.0,0.0,0.0,0.0,0.0,0.0,0.0,0.0,0.0,0.0,0.0,False,DISABLED,0,nan,nan,nan,nan,nan,nan,nan,nan,nan,nan,nan,nan,nan,nan,nan,nan,nan,nan,nan,nan,nan,nan,nan,nan,nan,nan,nan,nan,nan,nan,nan,nan,nan,nan,nan,nan,nan,nan,nan,nan,nan,nan,nan,nan,nan,nan,nan,nan,0.022098064422607422,False,DISABLED,none,MODEL_ORIGIN_FRAME_NOT_ESTABLISHED,nan,nan,nan,nan,nan,nan,nan,nan,nan,nan,nan,nan,nan,NOT_EVALUATED,nan,nan,nan,nan,DISABLED,nan,nan,nan,nan,nan,nan
1791471015.3841631,1791471015.4073608,1791471015.4115524,1791471015.4115524,front_rgbd_red_sphere,False,False,False,DEPTH_RATIO_LOW,24.2,24.2,1791471015.4073608,1791471015.4049735,1791471015.3841631,1791471015.3841631,1791471015.3841631,0.0,1791471014.3721633,1791471015.3881629,1791471015.378376,1791471015.3881629,1791471015.382376,1791471015.3921704,1791471014.3721633,1791471015.3881629,1791471014.3721633,1791471015.3921704,1791470991.184163,GAZEBO_CLOCK_SYSTEM_INTERPOLATION,MAPPED_EXACT,0,24.2,1791471015.3841631,0.003631591796875,0.0,RGB,0.0,0,1,0,UNCALIBRATED,PREPARATION,UNKNOWN,TURNING,0.0,0,0.0,nan,nan,nan,nan,False,0.0,0.0,0.0,0.0,0,0,0,0,0,0.0,0.0,0.0,0.0,0.0,0.0,0.0,0.0,0.0,0.0,0.0,0.0,0.0,0.0,0.0,0.0,0.0,0.0,0.0,0.0,0.0,0.0,0.0,0.0,0.0,0.0,0.0,0.0,False,DISABLED,0,nan,nan,nan,nan,nan,nan,nan,nan,nan,nan,nan,nan,nan,nan,nan,nan,nan,nan,nan,nan,nan,nan,nan,nan,nan,nan,nan,nan,nan,nan,nan,nan,nan,nan,nan,nan,nan,nan,nan,nan,nan,nan,nan,nan,nan,nan,nan,nan,0.023197650909423828,False,DISABLED,none,MODEL_ORIGIN_FRAME_NOT_ESTABLISHED,nan,nan,nan,nan,nan,nan,nan,nan,nan,nan,nan,nan,nan,NOT_EVALUATED,nan,nan,nan,nan,DISABLED,nan,nan,nan,nan,nan,nan
1791471015.4361596,1791471015.462616,1791471015.4654686,1791471015.4654686,front_rgbd_red_sphere,False,False,False,DEPTH_RATIO_LOW,24.252,24.252,1791471015.462616,1791471015.4610264,1791471015.4361596,1791471015.4361596,1791471015.4361596,0.0,1791471014.4321604,1791471015.4521775,1791471015.442376,1791471015.4521775,1791471015.442376,1791471015.4521775,1791471014.428161,1791471015.4521775,1791471014.4321604,1791471015.4521775,1791470991.1841595,GAZEBO_CLOCK_SYSTEM_INTERPOLATION,MAPPED_EXACT,0,24.252,1791471015.4361596,0.002821683883666992,0.0,RGB,0.0,0,1,0,UNCALIBRATED,PREPARATION,UNKNOWN,TURNING,0.0,0,0.0,nan,nan,nan,nan,False,0.0,0.0,0.0,0.0,0,0,0,0,0,0.0,0.0,0.0,0.0,0.0,0.0,0.0,0.0,0.0,0.0,0.0,0.0,0.0,0.0,0.0,0.0,0.0,0.0,0.0,0.0,0.0,0.0,0.0,0.0,0.0,0.0,0.0,0.0,False,DISABLED,0,nan,nan,nan,nan,nan,nan,nan,nan,nan,nan,nan,nan,nan,nan,nan,nan,nan,nan,nan,nan,nan,nan,nan,nan,nan,nan,nan,nan,nan,nan,nan,nan,nan,nan,nan,nan,nan,nan,nan,nan,nan,nan,nan,nan,nan,nan,nan,nan,0.026456356048583984,False,DISABLED,none,MODEL_ORIGIN_FRAME_NOT_ESTABLISHED,nan,nan,nan,nan,nan,nan,nan,nan,nan,nan,nan,nan,nan,NOT_EVALUATED,nan,nan,nan,nan,DISABLED,nan,nan,nan,nan,nan,nan
1791471015.4841664,1791471015.5072486,1791471015.5091727,1791471015.5091727,front_rgbd_red_sphere,False,False,False,DEPTH_RATIO_LOW,24.3,24.3,1791471015.5072486,1791471015.5056586,1791471015.4841664,1791471015.4841664,1791471015.4841664,0.0,1791471014.4921675,1791471015.4921756,1791471015.4823759,1791471015.4921756,1791471015.4823759,1791471015.4921756,1791471014.4921675,1791471015.4921756,1791471014.4921675,1791471015.4921756,1791470991.1841664,GAZEBO_CLOCK_SYSTEM_INTERPOLATION,MAPPED_EXACT,0,24.3,1791471015.4841664,0.0032842159271240234,0.0,RGB,0.0,0,1,0,UNCALIBRATED,PREPARATION,UNKNOWN,TURNING,0.0,0,0.0,nan,nan,nan,nan,False,0.0,0.0,0.0,0.0,0,0,0,0,0,0.0,0.0,0.0,0.0,0.0,0.0,0.0,0.0,0.0,0.0,0.0,0.0,0.0,0.0,0.0,0.0,0.0,0.0,0.0,0.0,0.0,0.0,0.0,0.0,0.0,0.0,0.0,0.0,False,DISABLED,0,nan,nan,nan,nan,nan,nan,nan,nan,nan,nan,nan,nan,nan,nan,nan,nan,nan,nan,nan,nan,nan,nan,nan,nan,nan,nan,nan,nan,nan,nan,nan,nan,nan,nan,nan,nan,nan,nan,nan,nan,nan,nan,nan,nan,nan,nan,nan,nan,0.023082256317138672,False,DISABLED,none,MODEL_ORIGIN_FRAME_NOT_ESTABLISHED,nan,nan,nan,nan,nan,nan,nan,nan,nan,nan,nan,nan,nan,NOT_EVALUATED,nan,nan,nan,nan,DISABLED,nan,nan,nan,nan,nan,nan
1791471015.5361593,1791471015.5664783,1791471015.5681028,1791471015.5681028,front_rgbd_red_sphere,False,False,False,DEPTH_RATIO_LOW,24.352,24.352,1791471015.5664783,1791471015.5555754,1791471015.5361593,1791471015.5361593,1791471015.5361593,0.0,1791471014.5481873,1791471015.5482097,1791471015.538406,1791471015.5482097,1791471015.5424058,1791471015.5521762,1791471014.5481873,1791471015.5482097,1791471014.5321689,1791471015.5521762,1791470991.1841593,GAZEBO_CLOCK_SYSTEM_INTERPOLATION,MAPPED_EXACT,0,24.352,1791471015.5361593,0.0025501251220703125,0.0,RGB,0.0,0,1,0,UNCALIBRATED,PREPARATION,UNKNOWN,TURNING,0.0,0,0.0,nan,nan,nan,nan,False,0.0,0.0,0.0,0.0,0,0,0,0,0,0.0,0.0,0.0,0.0,0.0,0.0,0.0,0.0,0.0,0.0,0.0,0.0,0.0,0.0,0.0,0.0,0.0,0.0,0.0,0.0,0.0,0.0,0.0,0.0,0.0,0.0,0.0,0.0,False,DISABLED,0,nan,nan,nan,nan,nan,nan,nan,nan,nan,nan,nan,nan,nan,nan,nan,nan,nan,nan,nan,nan,nan,nan,nan,nan,nan,nan,nan,nan,nan,nan,nan,nan,nan,nan,nan,nan,nan,nan,nan,nan,nan,nan,nan,nan,nan,nan,nan,nan,0.0303189754486084,False,DISABLED,none,MODEL_ORIGIN_FRAME_NOT_ESTABLISHED,nan,nan,nan,nan,nan,nan,nan,nan,nan,nan,nan,nan,nan,NOT_EVALUATED,nan,nan,nan,nan,DISABLED,nan,nan,nan,nan,nan,nan
1791471015.5841672,1791471015.6029303,1791471015.6049864,1791471015.6049864,front_rgbd_red_sphere,False,False,False,DEPTH_RATIO_LOW,24.4,24.4,1791471015.6029303,1791471015.601167,1791471015.5841672,1791471015.5841672,1791471015.5841672,0.0,1791471014.59217,1791471015.5881648,1791471015.5784059,1791471015.5881648,1791471015.5824058,1791471015.592178,1791471014.572171,1791471015.5881648,1791471014.59217,1791471015.592178,1791470991.1841671,GAZEBO_CLOCK_SYSTEM_INTERPOLATION,MAPPED_EXACT,0,24.4,1791471015.5841672,0.002976655960083008,0.0,RGB,0.0,0,1,0,UNCALIBRATED,PREPARATION,UNKNOWN,TURNING,0.0,0,0.0,nan,nan,nan,nan,False,0.0,0.0,0.0,0.0,0,0,0,0,0,0.0,0.0,0.0,0.0,0.0,0.0,0.0,0.0,0.0,0.0,0.0,0.0,0.0,0.0,0.0,0.0,0.0,0.0,0.0,0.0,0.0,0.0,0.0,0.0,0.0,0.0,0.0,0.0,False,DISABLED,0,nan,nan,nan,nan,nan,nan,nan,nan,nan,nan,nan,nan,nan,nan,nan,nan,nan,nan,nan,nan,nan,nan,nan,nan,nan,nan,nan,nan,nan,nan,nan,nan,nan,nan,nan,nan,nan,nan,nan,nan,nan,nan,nan,nan,nan,nan,nan,nan,0.018763065338134766,False,DISABLED,none,MODEL_ORIGIN_FRAME_NOT_ESTABLISHED,nan,nan,nan,nan,nan,nan,nan,nan,nan,nan,nan,nan,nan,NOT_EVALUATED,nan,nan,nan,nan,DISABLED,nan,nan,nan,nan,nan,nan
1791471015.6361623,1791471015.6662452,1791471015.6679146,1791471015.6679146,front_rgbd_red_sphere,False,False,False,DEPTH_RATIO_LOW,24.452,24.452,1791471015.6662452,1791471015.665226,1791471015.6361623,1791471015.6361623,1791471015.6361623,0.0,1791471014.6321616,1791471015.6521676,1791471015.642406,1791471015.6521676,1791471015.642406,1791471015.6521676,1791471014.6281586,1791471015.6521676,1791471014.6321616,1791471015.6521676,1791470991.1841624,GAZEBO_CLOCK_SYSTEM_INTERPOLATION,MAPPED_EXACT,0,24.452,1791471015.6361623,0.002307891845703125,0.0,RGB,0.0,0,1,0,UNCALIBRATED,PREPARATION,UNKNOWN,TURNING,0.0,0,0.0,nan,nan,nan,nan,False,0.0,0.0,0.0,0.0,0,0,0,0,0,0.0,0.0,0.0,0.0,0.0,0.0,0.0,0.0,0.0,0.0,0.0,0.0,0.0,0.0,0.0,0.0,0.0,0.0,0.0,0.0,0.0,0.0,0.0,0.0,0.0,0.0,0.0,0.0,False,DISABLED,0,nan,nan,nan,nan,nan,nan,nan,nan,nan,nan,nan,nan,nan,nan,nan,nan,nan,nan,nan,nan,nan,nan,nan,nan,nan,nan,nan,nan,nan,nan,nan,nan,nan,nan,nan,nan,nan,nan,nan,nan,nan,nan,nan,nan,nan,nan,nan,nan,0.03008294105529785,False,DISABLED,none,MODEL_ORIGIN_FRAME_NOT_ESTABLISHED,nan,nan,nan,nan,nan,nan,nan,nan,nan,nan,nan,nan,nan,NOT_EVALUATED,nan,nan,nan,nan,DISABLED,nan,nan,nan,nan,nan,nan
1791471015.6841586,1791471015.7158675,1791471015.7191868,1791471015.7191868,front_rgbd_red_sphere,False,False,False,DEPTH_RATIO_LOW,24.5,24.5,1791471015.7158675,1791471015.7148006,1791471015.6841586,1791471015.6841586,1791471015.6841586,0.0,1791471014.692199,1791471015.6922638,1791471015.682406,1791471015.6922638,1791471015.682406,1791471015.6922638,1791471014.692199,1791471015.6922638,1791471014.692199,1791471015.6922638,1791470991.1841586,GAZEBO_CLOCK_SYSTEM_INTERPOLATION,MAPPED_EXACT,0,24.5,1791471015.6841586,0.003996372222900391,0.0,RGB,0.0,0,1,0,UNCALIBRATED,PREPARATION,UNKNOWN,TURNING,0.0,0,0.0,nan,nan,nan,nan,False,0.0,0.0,0.0,0.0,0,0,0,0,0,0.0,0.0,0.0,0.0,0.0,0.0,0.0,0.0,0.0,0.0,0.0,0.0,0.0,0.0,0.0,0.0,0.0,0.0,0.0,0.0,0.0,0.0,0.0,0.0,0.0,0.0,0.0,0.0,False,DISABLED,0,nan,nan,nan,nan,nan,nan,nan,nan,nan,nan,nan,nan,nan,nan,nan,nan,nan,nan,nan,nan,nan,nan,nan,nan,nan,nan,nan,nan,nan,nan,nan,nan,nan,nan,nan,nan,nan,nan,nan,nan,nan,nan,nan,nan,nan,nan,nan,nan,0.03170895576477051,False,DISABLED,none,MODEL_ORIGIN_FRAME_NOT_ESTABLISHED,nan,nan,nan,nan,nan,nan,nan,nan,nan,nan,nan,nan,nan,NOT_EVALUATED,nan,nan,nan,nan,DISABLED,nan,nan,nan,nan,nan,nan
1791471015.7361586,1791471015.7612886,1791471015.7644768,1791471015.7644768,front_rgbd_red_sphere,False,False,False,DEPTH_RATIO_LOW,24.552,24.552,1791471015.7612886,1791471015.7596855,1791471015.7361586,1791471015.7361586,1791471015.7361586,0.0,1791471014.7521677,1791471015.7481818,1791471015.738406,1791471015.7481818,1791471015.742406,1791471015.7521765,1791471014.748172,1791471015.7481818,1791471014.7521677,1791471015.7521765,1791470991.1841586,GAZEBO_CLOCK_SYSTEM_INTERPOLATION,MAPPED_EXACT,0,24.552,1791471015.7361586,0.0021474361419677734,0.0,RGB,0.0,0,1,0,UNCALIBRATED,PREPARATION,UNKNOWN,TURNING,0.0,0,0.0,nan,nan,nan,nan,False,0.0,0.0,0.0,0.0,0,0,0,0,0,0.0,0.0,0.0,0.0,0.0,0.0,0.0,0.0,0.0,0.0,0.0,0.0,0.0,0.0,0.0,0.0,0.0,0.0,0.0,0.0,0.0,0.0,0.0,0.0,0.0,0.0,0.0,0.0,False,DISABLED,0,nan,nan,nan,nan,nan,nan,nan,nan,nan,nan,nan,nan,nan,nan,nan,nan,nan,nan,nan,nan,nan,nan,nan,nan,nan,nan,nan,nan,nan,nan,nan,nan,nan,nan,nan,nan,nan,nan,nan,nan,nan,nan,nan,nan,nan,nan,nan,nan,0.025130033493041992,False,DISABLED,none,MODEL_ORIGIN_FRAME_NOT_ESTABLISHED,nan,nan,nan,nan,nan,nan,nan,nan,nan,nan,nan,nan,nan,NOT_EVALUATED,nan,nan,nan,nan,DISABLED,nan,nan,nan,nan,nan,nan
1791471015.78417,1791471015.8148944,1791471015.8182442,1791471015.8182442,front_rgbd_red_sphere,False,False,False,DEPTH_RATIO_LOW,24.6,24.6,1791471015.8148944,1791471015.80365,1791471015.78417,1791471015.78417,1791471015.78417,0.0,1791471014.7921677,1791471015.78819,1791471015.778406,1791471015.78819,1791471015.7824059,1791471015.7921746,1791471014.7881699,1791471015.78819,1791471014.7921677,1791471015.7921746,1791470991.18417,GAZEBO_CLOCK_SYSTEM_INTERPOLATION,MAPPED_EXACT,0,24.6,1791471015.78417,0.0031986236572265625,0.0,RGB,0.0,0,1,0,UNCALIBRATED,PREPARATION,UNKNOWN,TURNING,0.0,0,0.0,nan,nan,nan,nan,False,0.0,0.0,0.0,0.0,0,0,0,0,0,0.0,0.0,0.0,0.0,0.0,0.0,0.0,0.0,0.0,0.0,0.0,0.0,0.0,0.0,0.0,0.0,0.0,0.0,0.0,0.0,0.0,0.0,0.0,0.0,0.0,0.0,0.0,0.0,False,DISABLED,0,nan,nan,nan,nan,nan,nan,nan,nan,nan,nan,nan,nan,nan,nan,nan,nan,nan,nan,nan,nan,nan,nan,nan,nan,nan,nan,nan,nan,nan,nan,nan,nan,nan,nan,nan,nan,nan,nan,nan,nan,nan,nan,nan,nan,nan,nan,nan,nan,0.030724525451660156,False,DISABLED,none,MODEL_ORIGIN_FRAME_NOT_ESTABLISHED,nan,nan,nan,nan,nan,nan,nan,nan,nan,nan,nan,nan,nan,NOT_EVALUATED,nan,nan,nan,nan,DISABLED,nan,nan,nan,nan,nan,nan
1791471015.8361573,1791471015.8667896,1791471015.8682234,1791471015.8682234,front_rgbd_red_sphere,False,False,False,DEPTH_RATIO_LOW,24.652,24.652,1791471015.8667896,1791471015.866145,1791471015.8361573,1791471015.8361573,1791471015.8361573,0.0,1791471014.8361578,1791471015.8521726,1791471015.842406,1791471015.8521726,1791471015.842406,1791471015.8521726,1791471014.8361578,1791471015.8521726,1791471014.8321626,1791471015.8521726,1791470991.1841574,GAZEBO_CLOCK_SYSTEM_INTERPOLATION,MAPPED_EXACT,0,24.652,1791471015.8361573,0.002808809280395508,0.0,RGB,0.0,0,1,0,UNCALIBRATED,PREPARATION,UNKNOWN,TURNING,0.0,0,0.0,nan,nan,nan,nan,False,0.0,0.0,0.0,0.0,0,0,0,0,0,0.0,0.0,0.0,0.0,0.0,0.0,0.0,0.0,0.0,0.0,0.0,0.0,0.0,0.0,0.0,0.0,0.0,0.0,0.0,0.0,0.0,0.0,0.0,0.0,0.0,0.0,0.0,0.0,False,DISABLED,0,nan,nan,nan,nan,nan,nan,nan,nan,nan,nan,nan,nan,nan,nan,nan,nan,nan,nan,nan,nan,nan,nan,nan,nan,nan,nan,nan,nan,nan,nan,nan,nan,nan,nan,nan,nan,nan,nan,nan,nan,nan,nan,nan,nan,nan,nan,nan,nan,0.03063225746154785,False,DISABLED,none,MODEL_ORIGIN_FRAME_NOT_ESTABLISHED,nan,nan,nan,nan,nan,nan,nan,nan,nan,nan,nan,nan,nan,NOT_EVALUATED,nan,nan,nan,nan,DISABLED,nan,nan,nan,nan,nan,nan
1791471015.8841588,1791471015.9019632,1791471015.9046202,1791471015.9046202,front_rgbd_red_sphere,False,False,False,DEPTH_RATIO_LOW,24.7,24.7,1791471015.9019632,1791471015.9002895,1791471015.8841588,1791471015.8841588,1791471015.8841588,0.0,1791471014.8921735,1791471015.8921752,1791471015.882406,1791471015.8921752,1791471015.882406,1791471015.8921752,1791471014.8921735,1791471015.8921752,1791471014.8921735,1791471015.8921752,1791470991.1841588,GAZEBO_CLOCK_SYSTEM_INTERPOLATION,MAPPED_EXACT,0,24.7,1791471015.8841588,0.0022687911987304688,0.0,RGB,0.0,0,1,0,UNCALIBRATED,PREPARATION,UNKNOWN,TURNING,0.0,0,0.0,nan,nan,nan,nan,False,0.0,0.0,0.0,0.0,0,0,0,0,0,0.0,0.0,0.0,0.0,0.0,0.0,0.0,0.0,0.0,0.0,0.0,0.0,0.0,0.0,0.0,0.0,0.0,0.0,0.0,0.0,0.0,0.0,0.0,0.0,0.0,0.0,0.0,0.0,False,DISABLED,0,nan,nan,nan,nan,nan,nan,nan,nan,nan,nan,nan,nan,nan,nan,nan,nan,nan,nan,nan,nan,nan,nan,nan,nan,nan,nan,nan,nan,nan,nan,nan,nan,nan,nan,nan,nan,nan,nan,nan,nan,nan,nan,nan,nan,nan,nan,nan,nan,0.017804384231567383,False,DISABLED,none,MODEL_ORIGIN_FRAME_NOT_ESTABLISHED,nan,nan,nan,nan,nan,nan,nan,nan,nan,nan,nan,nan,nan,NOT_EVALUATED,nan,nan,nan,nan,DISABLED,nan,nan,nan,nan,nan,nan
1791471015.9362352,1791471015.9522634,1791471015.9585562,1791471015.9585562,front_rgbd_red_sphere,False,False,False,DEPTH_RATIO_LOW,24.752,24.752,1791471015.9522634,1791471015.95132,1791471015.9362352,1791471015.9362352,1791471015.9362352,0.0,1791471014.9481606,1791471015.9481711,1791471015.938406,1791471015.9481711,1791471015.942406,1791471015.9521701,1791471014.9481606,1791471015.9481711,1791471014.9321582,1791471015.9521701,1791470991.184235,GAZEBO_CLOCK_SYSTEM_INTERPOLATION,MAPPED_EXACT,0,24.752,1791471015.9362352,0.0010857582092285156,0.0,RGB,0.0,0,1,0,UNCALIBRATED,PREPARATION,UNKNOWN,TURNING,0.0,0,0.0,nan,nan,nan,nan,False,0.0,0.0,0.0,0.0,0,0,0,0,0,0.0,0.0,0.0,0.0,0.0,0.0,0.0,0.0,0.0,0.0,0.0,0.0,0.0,0.0,0.0,0.0,0.0,0.0,0.0,0.0,0.0,0.0,0.0,0.0,0.0,0.0,0.0,0.0,False,DISABLED,0,nan,nan,nan,nan,nan,nan,nan,nan,nan,nan,nan,nan,nan,nan,nan,nan,nan,nan,nan,nan,nan,nan,nan,nan,nan,nan,nan,nan,nan,nan,nan,nan,nan,nan,nan,nan,nan,nan,nan,nan,nan,nan,nan,nan,nan,nan,nan,nan,0.016028165817260742,False,DISABLED,none,MODEL_ORIGIN_FRAME_NOT_ESTABLISHED,nan,nan,nan,nan,nan,nan,nan,nan,nan,nan,nan,nan,nan,NOT_EVALUATED,nan,nan,nan,nan,DISABLED,nan,nan,nan,nan,nan,nan
1791471015.9841673,1791471016.0057733,1791471016.0079846,1791471016.0079846,front_rgbd_red_sphere,False,False,False,DEPTH_RATIO_LOW,24.8,24.8,1791471016.0057733,1791471016.0043323,1791471015.9841673,1791471015.9841673,1791471015.9841673,0.0,1791471014.9921658,1791471015.988175,1791471015.978406,1791471015.988175,1791471015.982406,1791471015.992198,1791471014.988169,1791471015.988175,1791471014.9921658,1791471015.992198,1791470991.1841674,GAZEBO_CLOCK_SYSTEM_INTERPOLATION,MAPPED_EXACT,0,24.8,1791471015.9841673,0.0019969940185546875,0.0,RGB,0.0,0,1,0,UNCALIBRATED,PREPARATION,UNKNOWN,TURNING,0.0,0,0.0,nan,nan,nan,nan,False,0.0,0.0,0.0,0.0,0,0,0,0,0,0.0,0.0,0.0,0.0,0.0,0.0,0.0,0.0,0.0,0.0,0.0,0.0,0.0,0.0,0.0,0.0,0.0,0.0,0.0,0.0,0.0,0.0,0.0,0.0,0.0,0.0,0.0,0.0,False,DISABLED,0,nan,nan,nan,nan,nan,nan,nan,nan,nan,nan,nan,nan,nan,nan,nan,nan,nan,nan,nan,nan,nan,nan,nan,nan,nan,nan,nan,nan,nan,nan,nan,nan,nan,nan,nan,nan,nan,nan,nan,nan,nan,nan,nan,nan,nan,nan,nan,nan,0.021605968475341797,False,DISABLED,none,MODEL_ORIGIN_FRAME_NOT_ESTABLISHED,nan,nan,nan,nan,nan,nan,nan,nan,nan,nan,nan,nan,nan,NOT_EVALUATED,nan,nan,nan,nan,DISABLED,nan,nan,nan,nan,nan,nan
1791471016.036158,1791471016.0618055,1791471016.0643067,1791471016.0643067,front_rgbd_red_sphere,False,False,False,DEPTH_RATIO_LOW,24.852,24.852,1791471016.0618055,1791471016.0605936,1791471016.036158,1791471016.036158,1791471016.036158,0.0,1791471015.0321593,1791471016.0521805,1791471016.0424058,1791471016.0521805,1791471016.0424058,1791471016.0521805,1791471015.0281658,1791471016.0521805,1791471015.0321593,1791471016.0521805,1791470991.184158,GAZEBO_CLOCK_SYSTEM_INTERPOLATION,MAPPED_EXACT,0,24.852,1791471016.036158,0.0019271373748779297,0.0,RGB,0.0,0,1,0,UNCALIBRATED,PREPARATION,UNKNOWN,TURNING,0.0,0,0.0,nan,nan,nan,nan,False,0.0,0.0,0.0,0.0,0,0,0,0,0,0.0,0.0,0.0,0.0,0.0,0.0,0.0,0.0,0.0,0.0,0.0,0.0,0.0,0.0,0.0,0.0,0.0,0.0,0.0,0.0,0.0,0.0,0.0,0.0,0.0,0.0,0.0,0.0,False,DISABLED,0,nan,nan,nan,nan,nan,nan,nan,nan,nan,nan,nan,nan,nan,nan,nan,nan,nan,nan,nan,nan,nan,nan,nan,nan,nan,nan,nan,nan,nan,nan,nan,nan,nan,nan,nan,nan,nan,nan,nan,nan,nan,nan,nan,nan,nan,nan,nan,nan,0.025647401809692383,False,DISABLED,none,MODEL_ORIGIN_FRAME_NOT_ESTABLISHED,nan,nan,nan,nan,nan,nan,nan,nan,nan,nan,nan,nan,nan,NOT_EVALUATED,nan,nan,nan,nan,DISABLED,nan,nan,nan,nan,nan,nan
1791471016.08416,1791471016.1079392,1791471016.1103077,1791471016.1103077,front_rgbd_red_sphere,False,False,False,DEPTH_RATIO_LOW,24.9,24.9,1791471016.1079392,1791471016.1062527,1791471016.08416,1791471016.08416,1791471016.08416,0.0,1791471015.0721638,1791471016.0921698,1791471016.0824058,1791471016.0921698,1791471016.0824058,1791471016.0921698,1791471015.068172,1791471016.0921698,1791471015.0721638,1791471016.0921698,1791470991.18416,GAZEBO_CLOCK_SYSTEM_INTERPOLATION,MAPPED_EXACT,0,24.9,1791471016.08416,0.004101753234863281,0.0,RGB,0.0,0,1,0,UNCALIBRATED,PREPARATION,UNKNOWN,TURNING,0.0,0,0.0,nan,nan,nan,nan,False,0.0,0.0,0.0,0.0,0,0,0,0,0,0.0,0.0,0.0,0.0,0.0,0.0,0.0,0.0,0.0,0.0,0.0,0.0,0.0,0.0,0.0,0.0,0.0,0.0,0.0,0.0,0.0,0.0,0.0,0.0,0.0,0.0,0.0,0.0,False,DISABLED,0,nan,nan,nan,nan,nan,nan,nan,nan,nan,nan,nan,nan,nan,nan,nan,nan,nan,nan,nan,nan,nan,nan,nan,nan,nan,nan,nan,nan,nan,nan,nan,nan,nan,nan,nan,nan,nan,nan,nan,nan,nan,nan,nan,nan,nan,nan,nan,nan,0.02377915382385254,False,DISABLED,none,MODEL_ORIGIN_FRAME_NOT_ESTABLISHED,nan,nan,nan,nan,nan,nan,nan,nan,nan,nan,nan,nan,nan,NOT_EVALUATED,nan,nan,nan,nan,DISABLED,nan,nan,nan,nan,nan,nan
1791471016.1361642,1791471016.1617274,1791471016.1648076,1791471016.1648076,front_rgbd_red_sphere,False,False,False,DEPTH_RATIO_LOW,24.952,24.952,1791471016.1617274,1791471016.1602304,1791471016.1361642,1791471016.1361642,1791471016.1361642,0.0,1791471015.1521833,1791471016.1481874,1791471016.1384058,1791471016.1481874,1791471016.142406,1791471016.152252,1791471015.1321611,1791471016.1481874,1791471015.1521833,1791471016.152252,1791470991.1841643,GAZEBO_CLOCK_SYSTEM_INTERPOLATION,MAPPED_EXACT,0,24.952,1791471016.1361642,0.0018548965454101562,0.0,RGB,0.0,0,1,0,UNCALIBRATED,PREPARATION,UNKNOWN,TURNING,0.0,0,0.0,nan,nan,nan,nan,False,0.0,0.0,0.0,0.0,0,0,0,0,0,0.0,0.0,0.0,0.0,0.0,0.0,0.0,0.0,0.0,0.0,0.0,0.0,0.0,0.0,0.0,0.0,0.0,0.0,0.0,0.0,0.0,0.0,0.0,0.0,0.0,0.0,0.0,0.0,False,DISABLED,0,nan,nan,nan,nan,nan,nan,nan,nan,nan,nan,nan,nan,nan,nan,nan,nan,nan,nan,nan,nan,nan,nan,nan,nan,nan,nan,nan,nan,nan,nan,nan,nan,nan,nan,nan,nan,nan,nan,nan,nan,nan,nan,nan,nan,nan,nan,nan,nan,0.02556324005126953,False,DISABLED,none,MODEL_ORIGIN_FRAME_NOT_ESTABLISHED,nan,nan,nan,nan,nan,nan,nan,nan,nan,nan,nan,nan,nan,NOT_EVALUATED,nan,nan,nan,nan,DISABLED,nan,nan,nan,nan,nan,nan
1791471016.184165,1791471016.2070832,1791471016.2091644,1791471016.2091644,front_rgbd_red_sphere,False,False,False,DEPTH_RATIO_LOW,25.0,25.0,1791471016.2070832,1791471016.205808,1791471016.184165,1791471016.184165,1791471016.184165,0.0,1791471015.1721554,1791471016.1881633,1791471016.178406,1791471016.1881633,1791471016.182406,1791471016.1921647,1791471015.1721554,1791471016.1881633,1791471015.1721554,1791471016.1921647,1791470991.184165,GAZEBO_CLOCK_SYSTEM_INTERPOLATION,MAPPED_EXACT,0,25.0,1791471016.184165,0.0031731128692626953,0.0,RGB,0.0,0,1,0,UNCALIBRATED,PREPARATION,UNKNOWN,TURNING,0.0,0,0.0,nan,nan,nan,nan,False,0.0,0.0,0.0,0.0,0,0,0,0,0,0.0,0.0,0.0,0.0,0.0,0.0,0.0,0.0,0.0,0.0,0.0,0.0,0.0,0.0,0.0,0.0,0.0,0.0,0.0,0.0,0.0,0.0,0.0,0.0,0.0,0.0,0.0,0.0,False,DISABLED,0,nan,nan,nan,nan,nan,nan,nan,nan,nan,nan,nan,nan,nan,nan,nan,nan,nan,nan,nan,nan,nan,nan,nan,nan,nan,nan,nan,nan,nan,nan,nan,nan,nan,nan,nan,nan,nan,nan,nan,nan,nan,nan,nan,nan,nan,nan,nan,nan,0.022918224334716797,False,DISABLED,none,MODEL_ORIGIN_FRAME_NOT_ESTABLISHED,nan,nan,nan,nan,nan,nan,nan,nan,nan,nan,nan,nan,nan,NOT_EVALUATED,nan,nan,nan,nan,DISABLED,nan,nan,nan,nan,nan,nan
1791471016.2361572,1791471016.267636,1791471016.2706347,1791471016.2706347,front_rgbd_red_sphere,False,False,False,DEPTH_RATIO_LOW,25.052,25.052,1791471016.267636,1791471016.257763,1791471016.2361572,1791471016.2361572,1791471016.2361572,0.0,1791471015.2521718,1791471016.2521744,1791471016.242406,1791471016.2521744,1791471016.242406,1791471016.2521744,1791471015.2521718,1791471016.2521744,1791471015.2521718,1791471016.2521744,1791470991.1841571,GAZEBO_CLOCK_SYSTEM_INTERPOLATION,MAPPED_EXACT,0,25.052,1791471016.2361572,0.003942251205444336,0.0,RGB,0.0,0,1,0,UNCALIBRATED,PREPARATION,UNKNOWN,TURNING,0.0,0,0.0,nan,nan,nan,nan,False,0.0,0.0,0.0,0.0,0,0,0,0,0,0.0,0.0,0.0,0.0,0.0,0.0,0.0,0.0,0.0,0.0,0.0,0.0,0.0,0.0,0.0,0.0,0.0,0.0,0.0,0.0,0.0,0.0,0.0,0.0,0.0,0.0,0.0,0.0,False,DISABLED,0,nan,nan,nan,nan,nan,nan,nan,nan,nan,nan,nan,nan,nan,nan,nan,nan,nan,nan,nan,nan,nan,nan,nan,nan,nan,nan,nan,nan,nan,nan,nan,nan,nan,nan,nan,nan,nan,nan,nan,nan,nan,nan,nan,nan,nan,nan,nan,nan,0.0314788818359375,False,DISABLED,none,MODEL_ORIGIN_FRAME_NOT_ESTABLISHED,nan,nan,nan,nan,nan,nan,nan,nan,nan,nan,nan,nan,nan,NOT_EVALUATED,nan,nan,nan,nan,DISABLED,nan,nan,nan,nan,nan,nan
1791471016.2841637,1791471016.3035316,1791471016.306813,1791471016.306813,front_rgbd_red_sphere,False,False,False,DEPTH_RATIO_LOW,25.1,25.1,1791471016.3035316,1791471016.3019426,1791471016.2841637,1791471016.2841637,1791471016.2841637,0.0,1791471015.2921655,1791471016.292184,1791471016.2824059,1791471016.292184,1791471016.2824059,1791471016.292184,1791471015.2921655,1791471016.292184,1791471015.2921655,1791471016.292184,1791470991.1841638,GAZEBO_CLOCK_SYSTEM_INTERPOLATION,MAPPED_EXACT,0,25.1,1791471016.2841637,0.0037326812744140625,0.0,RGB,0.0,0,1,0,UNCALIBRATED,PREPARATION,UNKNOWN,TURNING,0.0,0,0.0,nan,nan,nan,nan,False,0.0,0.0,0.0,0.0,0,0,0,0,0,0.0,0.0,0.0,0.0,0.0,0.0,0.0,0.0,0.0,0.0,0.0,0.0,0.0,0.0,0.0,0.0,0.0,0.0,0.0,0.0,0.0,0.0,0.0,0.0,0.0,0.0,0.0,0.0,False,DISABLED,0,nan,nan,nan,nan,nan,nan,nan,nan,nan,nan,nan,nan,nan,nan,nan,nan,nan,nan,nan,nan,nan,nan,nan,nan,nan,nan,nan,nan,nan,nan,nan,nan,nan,nan,nan,nan,nan,nan,nan,nan,nan,nan,nan,nan,nan,nan,nan,nan,0.01936793327331543,False,DISABLED,none,MODEL_ORIGIN_FRAME_NOT_ESTABLISHED,nan,nan,nan,nan,nan,nan,nan,nan,nan,nan,nan,nan,nan,NOT_EVALUATED,nan,nan,nan,nan,DISABLED,nan,nan,nan,nan,nan,nan
1791471016.3361604,1791471016.3569582,1791471016.35952,1791471016.35952,front_rgbd_red_sphere,False,False,False,DEPTH_RATIO_LOW,25.152,25.152,1791471016.3569582,1791471016.356028,1791471016.3361604,1791471016.3361604,1791471016.3361604,0.0,1791471015.3521717,1791471016.3481886,1791471016.3384058,1791471016.3481886,1791471016.342406,1791471016.3521743,1791471015.332157,1791471016.3481886,1791471015.3521717,1791471016.3521743,1791470991.1841605,GAZEBO_CLOCK_SYSTEM_INTERPOLATION,MAPPED_EXACT,0,25.152,1791471016.3361604,0.0019083023071289062,0.0,RGB,0.0,0,1,0,UNCALIBRATED,PREPARATION,UNKNOWN,TURNING,0.0,0,0.0,nan,nan,nan,nan,False,0.0,0.0,0.0,0.0,0,0,0,0,0,0.0,0.0,0.0,0.0,0.0,0.0,0.0,0.0,0.0,0.0,0.0,0.0,0.0,0.0,0.0,0.0,0.0,0.0,0.0,0.0,0.0,0.0,0.0,0.0,0.0,0.0,0.0,0.0,False,DISABLED,0,nan,nan,nan,nan,nan,nan,nan,nan,nan,nan,nan,nan,nan,nan,nan,nan,nan,nan,nan,nan,nan,nan,nan,nan,nan,nan,nan,nan,nan,nan,nan,nan,nan,nan,nan,nan,nan,nan,nan,nan,nan,nan,nan,nan,nan,nan,nan,nan,0.0207977294921875,False,DISABLED,none,MODEL_ORIGIN_FRAME_NOT_ESTABLISHED,nan,nan,nan,nan,nan,nan,nan,nan,nan,nan,nan,nan,nan,NOT_EVALUATED,nan,nan,nan,nan,DISABLED,nan,nan,nan,nan,nan,nan
1791471016.3841584,1791471016.4033053,1791471016.405427,1791471016.405427,front_rgbd_red_sphere,False,False,False,DEPTH_RATIO_LOW,25.2,25.2,1791471016.4033053,1791471016.4011657,1791471016.3841584,1791471016.3841584,1791471016.3841584,0.0,1791471015.3881629,1791471016.3881755,1791471016.3784058,1791471016.3881755,1791471016.382406,1791471016.3921704,1791471015.3881629,1791471016.3881755,1791471015.3722067,1791471016.3921704,1791470991.1841583,GAZEBO_CLOCK_SYSTEM_INTERPOLATION,MAPPED_EXACT,0,25.2,1791471016.3841584,0.003361225128173828,0.0,RGB,0.0,0,1,0,UNCALIBRATED,PREPARATION,UNKNOWN,TURNING,0.0,0,0.0,nan,nan,nan,nan,False,0.0,0.0,0.0,0.0,0,0,0,0,0,0.0,0.0,0.0,0.0,0.0,0.0,0.0,0.0,0.0,0.0,0.0,0.0,0.0,0.0,0.0,0.0,0.0,0.0,0.0,0.0,0.0,0.0,0.0,0.0,0.0,0.0,0.0,0.0,False,DISABLED,0,nan,nan,nan,nan,nan,nan,nan,nan,nan,nan,nan,nan,nan,nan,nan,nan,nan,nan,nan,nan,nan,nan,nan,nan,nan,nan,nan,nan,nan,nan,nan,nan,nan,nan,nan,nan,nan,nan,nan,nan,nan,nan,nan,nan,nan,nan,nan,nan,0.01914691925048828,False,DISABLED,none,MODEL_ORIGIN_FRAME_NOT_ESTABLISHED,nan,nan,nan,nan,nan,nan,nan,nan,nan,nan,nan,nan,nan,NOT_EVALUATED,nan,nan,nan,nan,DISABLED,nan,nan,nan,nan,nan,nan
1791471016.4361634,1791471016.4570317,1791471016.4604716,1791471016.4604716,front_rgbd_red_sphere,False,False,False,DEPTH_RATIO_LOW,25.252,25.252,1791471016.4570317,1791471016.4560623,1791471016.4361634,1791471016.4361634,1791471016.4361634,0.0,1791471015.4321585,1791471016.4521644,1791471016.442406,1791471016.4521644,1791471016.442406,1791471016.4521644,1791471015.4281614,1791471016.4521644,1791471015.4321585,1791471016.4521644,1791470991.1841633,GAZEBO_CLOCK_SYSTEM_INTERPOLATION,MAPPED_EXACT,0,25.252,1791471016.4361634,0.0027611255645751953,0.0,RGB,0.0,0,1,0,UNCALIBRATED,PREPARATION,UNKNOWN,TURNING,0.0,0,0.0,nan,nan,nan,nan,False,0.0,0.0,0.0,0.0,0,0,0,0,0,0.0,0.0,0.0,0.0,0.0,0.0,0.0,0.0,0.0,0.0,0.0,0.0,0.0,0.0,0.0,0.0,0.0,0.0,0.0,0.0,0.0,0.0,0.0,0.0,0.0,0.0,0.0,0.0,False,DISABLED,0,nan,nan,nan,nan,nan,nan,nan,nan,nan,nan,nan,nan,nan,nan,nan,nan,nan,nan,nan,nan,nan,nan,nan,nan,nan,nan,nan,nan,nan,nan,nan,nan,nan,nan,nan,nan,nan,nan,nan,nan,nan,nan,nan,nan,nan,nan,nan,nan,0.020868301391601562,False,DISABLED,none,MODEL_ORIGIN_FRAME_NOT_ESTABLISHED,nan,nan,nan,nan,nan,nan,nan,nan,nan,nan,nan,nan,nan,NOT_EVALUATED,nan,nan,nan,nan,DISABLED,nan,nan,nan,nan,nan,nan
1791471016.4841628,1791471016.5091586,1791471016.5121615,1791471016.5121615,front_rgbd_red_sphere,False,False,False,DEPTH_RATIO_LOW,25.3,25.3,1791471016.5091586,1791471016.5067465,1791471016.4841628,1791471016.4841628,1791471016.4841628,0.0,1791471015.4721608,1791471016.492165,1791471016.482406,1791471016.492165,1791471016.482406,1791471016.492165,1791471015.4681947,1791471016.492165,1791471015.4721608,1791471016.492165,1791470991.1841629,GAZEBO_CLOCK_SYSTEM_INTERPOLATION,MAPPED_EXACT,0,25.3,1791471016.4841628,0.0013515949249267578,0.0,RGB,0.0,0,1,0,UNCALIBRATED,PREPARATION,UNKNOWN,TURNING,0.0,0,0.0,nan,nan,nan,nan,False,0.0,0.0,0.0,0.0,0,0,0,0,0,0.0,0.0,0.0,0.0,0.0,0.0,0.0,0.0,0.0,0.0,0.0,0.0,0.0,0.0,0.0,0.0,0.0,0.0,0.0,0.0,0.0,0.0,0.0,0.0,0.0,0.0,0.0,0.0,False,DISABLED,0,nan,nan,nan,nan,nan,nan,nan,nan,nan,nan,nan,nan,nan,nan,nan,nan,nan,nan,nan,nan,nan,nan,nan,nan,nan,nan,nan,nan,nan,nan,nan,nan,nan,nan,nan,nan,nan,nan,nan,nan,nan,nan,nan,nan,nan,nan,nan,nan,0.024995803833007812,False,DISABLED,none,MODEL_ORIGIN_FRAME_NOT_ESTABLISHED,nan,nan,nan,nan,nan,nan,nan,nan,nan,nan,nan,nan,nan,NOT_EVALUATED,nan,nan,nan,nan,DISABLED,nan,nan,nan,nan,nan,nan
1791471016.53616,1791471016.5592017,1791471016.5626497,1791471016.5626497,front_rgbd_red_sphere,False,False,False,DEPTH_RATIO_LOW,25.352,25.352,1791471016.5592017,1791471016.5569336,1791471016.53616,1791471016.53616,1791471016.53616,0.0,1791471015.5321634,1791471016.5481799,1791471016.538435,1791471016.5481799,1791471016.542435,1791471016.5521693,1791471015.5321634,1791471016.5481799,1791471015.5321634,1791471016.5521693,1791470991.18416,GAZEBO_CLOCK_SYSTEM_INTERPOLATION,MAPPED_EXACT,0,25.352,1791471016.53616,0.0005166530609130859,0.0,RGB,0.0,0,1,0,UNCALIBRATED,PREPARATION,UNKNOWN,TURNING,0.0,0,0.0,nan,nan,nan,nan,False,0.0,0.0,0.0,0.0,0,0,0,0,0,0.0,0.0,0.0,0.0,0.0,0.0,0.0,0.0,0.0,0.0,0.0,0.0,0.0,0.0,0.0,0.0,0.0,0.0,0.0,0.0,0.0,0.0,0.0,0.0,0.0,0.0,0.0,0.0,False,DISABLED,0,nan,nan,nan,nan,nan,nan,nan,nan,nan,nan,nan,nan,nan,nan,nan,nan,nan,nan,nan,nan,nan,nan,nan,nan,nan,nan,nan,nan,nan,nan,nan,nan,nan,nan,nan,nan,nan,nan,nan,nan,nan,nan,nan,nan,nan,nan,nan,nan,0.023041725158691406,False,DISABLED,none,MODEL_ORIGIN_FRAME_NOT_ESTABLISHED,nan,nan,nan,nan,nan,nan,nan,nan,nan,nan,nan,nan,nan,NOT_EVALUATED,nan,nan,nan,nan,DISABLED,nan,nan,nan,nan,nan,nan
1791471016.5841582,1791471016.605674,1791471016.6091359,1791471016.6091602,front_rgbd_red_sphere,True,True,True,,25.4,25.4,1791471016.605674,1791471016.6044352,1791471016.5841582,1791471016.5841582,1791471016.5841582,0.0,1791471015.5881648,1791471016.5881722,1791471016.578435,1791471016.5881722,1791471016.582435,1791471016.5921729,1791471015.5881648,1791471016.5881722,1791471015.572165,1791471016.5921729,1791470991.184158,GAZEBO_CLOCK_SYSTEM_INTERPOLATION,MAPPED_EXACT,0,25.4,1791471016.5841582,0.001758575439453125,0.0,RGB,0.0,0,1,0,UNCALIBRATED,PREPARATION,FAR,TURNING,0.800000011920929,29,0.5517241358757019,31.745023727416992,0.6565581560134888,nan,nan,False,0.0,0.0,0.0,0.0,0,0,0,0,0,0.0,0.0,0.0,0.0,0.0,0.0,0.0,0.0,0.0,0.0,0.0,0.0,0.0,0.0,25.145163823501782,2.8097488674191164,19.1721819970739,0.0,0.0,0.0,0.0,0.0,0.0,0.0,0.0,0.0,0.0,0.0,False,DISABLED,0,nan,nan,nan,nan,nan,nan,nan,nan,nan,nan,nan,nan,nan,nan,nan,nan,nan,nan,nan,nan,nan,nan,nan,nan,nan,nan,nan,nan,nan,nan,nan,nan,nan,nan,26.93665823190771,18.222640232106677,-0.14729193291051418,0.15796668904139774,0.15796668904139774,0.15796668904139774,27.093680204854437,17.823432671755636,-0.073771740547713,-0.15702197294672615,0.39920756035104077,-0.07352019236280118,0.4289785265365998,0.43523303518296447,0.021515846252441406,False,DISABLED,none,MODEL_ORIGIN_FRAME_NOT_ESTABLISHED,nan,nan,nan,nan,nan,nan,nan,nan,nan,nan,nan,nan,nan,NOT_EVALUATED,nan,nan,nan,nan,DISABLED,nan,nan,nan,nan,nan,nan
1791471016.6361642,1791471016.6569295,1791471016.6618998,1791471016.6619203,front_rgbd_red_sphere,True,True,True,,25.452,25.452,1791471016.6569295,1791471016.6560872,1791471016.6361642,1791471016.6361642,1791471016.6361642,0.0,1791471015.6521676,1791471016.652172,1791471016.6424348,1791471016.652172,1791471016.6424348,1791471016.652172,1791471015.6521676,1791471016.652172,1791471015.6521676,1791471016.652172,1791470991.1841643,GAZEBO_CLOCK_SYSTEM_INTERPOLATION,MAPPED_EXACT,0,25.452,1791471016.6361642,0.002172708511352539,0.0,RGB,0.0,0,1,0,UNCALIBRATED,PREPARATION,FAR,TURNING,1.0,30,0.8333333134651184,31.730329513549805,0.6615334749221802,nan,nan,False,0.0,0.0,0.0,0.0,0,0,0,0,0,0.0,0.0,0.0,0.0,0.0,0.0,0.0,0.0,0.0,0.0,0.0,0.0,0.0,0.0,25.036852402413455,2.7920298182905947,19.29182360693454,0.0,0.0,0.0,0.0,0.0,0.0,0.0,0.0,0.0,0.0,0.0,False,DISABLED,0,nan,nan,nan,nan,nan,nan,nan,nan,nan,nan,nan,nan,nan,nan,nan,nan,nan,nan,nan,nan,nan,nan,nan,nan,nan,nan,nan,nan,nan,nan,nan,nan,nan,nan,27.118818952032445,18.126226757354292,-0.15473143841637244,0.15784991530850986,0.15784991530850986,0.15784991530850986,27.277244255580335,17.72486488731534,-0.08418629219763571,-0.1584253035478902,0.40136187003895074,-0.07054514621873673,0.43149730882753456,0.437225965812219,0.020765304565429688,False,DISABLED,none,MODEL_ORIGIN_FRAME_NOT_ESTABLISHED,nan,nan,nan,nan,nan,nan,nan,nan,nan,nan,nan,nan,nan,NOT_EVALUATED,nan,nan,nan,nan,DISABLED,nan,nan,nan,nan,nan,nan
1791471016.6841724,1791471016.7025304,1791471016.7062178,1791471016.706238,front_rgbd_red_sphere,True,True,True,,25.5,25.5,1791471016.7025304,1791471016.7013526,1791471016.6841724,1791471016.6841724,1791471016.6841724,0.0,1791471015.672162,1791471016.6921813,1791471016.682435,1791471016.6921813,1791471016.682435,1791471016.6921813,1791471015.6681721,1791471016.6921813,1791471015.672162,1791471016.6921813,1791470991.1841724,GAZEBO_CLOCK_SYSTEM_INTERPOLATION,MAPPED_EXACT,0,25.5,1791471016.6841724,0.002573728561401367,0.0,RGB,0.0,0,1,0,UNCALIBRATED,PREPARATION,FAR,TURNING,1.0,29,0.9655172228813171,31.715646743774414,0.6659436821937561,nan,nan,False,0.0,0.0,0.0,0.0,0,0,0,0,0,0.0,0.0,0.0,0.0,0.0,0.0,0.0,0.0,0.0,0.0,0.0,0.0,0.0,0.0,24.939095286153666,2.7896280792158294,19.39437372382658,0.0,0.0,0.0,0.0,0.0,0.0,0.0,0.0,0.0,0.0,0.0,False,DISABLED,0,nan,nan,nan,nan,nan,nan,nan,nan,nan,nan,nan,nan,nan,nan,nan,nan,nan,nan,nan,nan,nan,nan,nan,nan,nan,nan,nan,nan,nan,nan,nan,nan,nan,nan,27.298664828415582,18.0284507777594,-0.16268540942621085,0.15773325740812616,0.15773325740812616,0.15773325740812616,27.44579113329073,17.632890068641277,-0.09330078301883522,-0.14712630487514744,0.39556070911812213,-0.06938462640737562,0.4220360460721886,0.42770159055811047,0.01835799217224121,False,DISABLED,none,MODEL_ORIGIN_FRAME_NOT_ESTABLISHED,nan,nan,nan,nan,nan,nan,nan,nan,nan,nan,nan,nan,nan,NOT_EVALUATED,nan,nan,nan,nan,DISABLED,nan,nan,nan,nan,nan,nan
1791471016.7362478,1791471016.7572126,1791471016.7621934,1791471016.7622137,front_rgbd_red_sphere,True,True,True,,25.552,25.552,1791471016.7572126,1791471016.7561882,1791471016.7362478,1791471016.7362478,1791471016.7362478,0.0,1791471015.7321606,1791471016.7481773,1791471016.738435,1791471016.7481773,1791471016.742435,1791471016.7521658,1791471015.7321606,1791471016.7481773,1791471015.7321606,1791471016.7521658,1791470991.1842477,GAZEBO_CLOCK_SYSTEM_INTERPOLATION,MAPPED_EXACT,0,25.552,1791471016.7362478,0.0024271011352539062,0.0,RGB,0.0,0,1,0,UNCALIBRATED,PREPARATION,FAR,TURNING,1.0,29,1.0,31.68631935119629,0.6698514819145203,nan,nan,False,0.0,0.0,0.0,0.0,0,0,0,0,0,0.0,0.0,0.0,0.0,0.0,0.0,0.0,0.0,0.0,0.0,0.0,0.0,0.0,0.0,24.839346094262417,2.7717565192863383,19.47683465399794,0.0,0.0,0.0,0.0,0.0,0.0,0.0,0.0,0.0,0.0,0.0,False,DISABLED,0,nan,nan,nan,nan,nan,nan,nan,nan,nan,nan,nan,nan,nan,nan,nan,nan,nan,nan,nan,nan,nan,nan,nan,nan,nan,nan,nan,nan,nan,nan,nan,nan,nan,nan,27.481809323705026,17.926732460261334,-0.16855110016271352,0.15750039470342525,0.15750039470342525,0.15750039470342525,27.627836638115774,17.53190209615729,-0.10256628185512168,-0.14602731441074823,0.3948303641040454,-0.06598481830759184,0.42096911166087775,0.42610912829888364,0.020964860916137695,False,DISABLED,none,MODEL_ORIGIN_FRAME_NOT_ESTABLISHED,nan,nan,nan,nan,nan,nan,nan,nan,nan,nan,nan,nan,nan,NOT_EVALUATED,nan,nan,nan,nan,DISABLED,nan,nan,nan,nan,nan,nan
1791471016.7841625,1791471016.8030984,1791471016.8068511,1791471016.806873,front_rgbd_red_sphere,True,True,True,,25.6,25.6,1791471016.8030984,1791471016.8009226,1791471016.7841625,1791471016.7841625,1791471016.7841625,0.0,1791471015.7721596,1791471016.7881708,1791471016.778435,1791471016.7881708,1791471016.782435,1791471016.7921708,1791471015.7721596,1791471016.7881708,1791471015.7721596,1791471016.7921708,1791470991.1841626,GAZEBO_CLOCK_SYSTEM_INTERPOLATION,MAPPED_EXACT,0,25.6,1791471016.7841625,0.003175497055053711,0.0,RGB,0.0,0,1,0,UNCALIBRATED,PREPARATION,FAR,TURNING,1.0,31,1.0,31.65782356262207,0.673043966293335,nan,nan,False,0.0,0.0,0.0,0.0,0,0,0,0,0,0.0,0.0,0.0,0.0,0.0,0.0,0.0,0.0,0.0,0.0,0.0,0.0,0.0,0.0,24.75413269827267,2.766980069736319,19.539564589102582,0.0,0.0,0.0,0.0,0.0,0.0,0.0,0.0,0.0,0.0,0.0,False,DISABLED,0,nan,nan,nan,nan,nan,nan,nan,nan,nan,nan,nan,nan,nan,nan,nan,nan,nan,nan,nan,nan,nan,nan,nan,nan,nan,nan,nan,nan,nan,nan,nan,nan,nan,nan,27.665202139762183,17.81834255929541,-0.17452038176551715,0.1572743039824789,0.1572743039824789,0.1572743039824789,27.794967911239997,17.437779183112237,-0.1105144927538537,-0.12976577147781398,0.38056337618317215,-0.06400588901166346,0.40207914486972196,0.4071417352315287,0.0189359188079834,False,DISABLED,none,MODEL_ORIGIN_FRAME_NOT_ESTABLISHED,nan,nan,nan,nan,nan,nan,nan,nan,nan,nan,nan,nan,nan,NOT_EVALUATED,nan,nan,nan,nan,DISABLED,nan,nan,nan,nan,nan,nan
1791471016.8361633,1791471016.8625655,1791471016.8676991,1791471016.8677359,front_rgbd_red_sphere,True,True,True,,25.652,25.652,1791471016.8625655,1791471016.8604517,1791471016.8361633,1791471016.8361633,1791471016.8361633,0.0,1791471015.8321586,1791471016.852172,1791471016.842435,1791471016.852172,1791471016.842435,1791471016.852172,1791471015.8281596,1791471016.852172,1791471015.8321586,1791471016.852172,1791470991.1841633,GAZEBO_CLOCK_SYSTEM_INTERPOLATION,MAPPED_EXACT,0,25.652,1791471016.8361633,0.002676248550415039,0.0,RGB,0.0,0,1,0,UNCALIBRATED,PREPARATION,FAR,TURNING,1.0,29,1.0,31.6124210357666,0.6759979128837585,nan,nan,False,0.0,0.0,0.0,0.0,0,0,0,0,0,0.0,0.0,0.0,0.0,0.0,0.0,0.0,0.0,0.0,0.0,0.0,0.0,0.0,0.0,24.660311367046933,2.7439221011805164,19.587882073389114,0.0,0.0,0.0,0.0,0.0,0.0,0.0,0.0,0.0,0.0,0.0,False,DISABLED,0,nan,nan,nan,nan,nan,nan,nan,nan,nan,nan,nan,nan,nan,nan,nan,nan,nan,nan,nan,nan,nan,nan,nan,nan,nan,nan,nan,nan,nan,nan,nan,nan,nan,nan,27.85301151781702,17.70258380628772,-0.17990593459573562,0.15691439323876352,0.15691439323876352,0.15691439323876352,27.975488068583502,17.33454036900622,-0.11840294247763897,-0.122476550766482,0.3680434372815,-0.06150299211809665,0.38788719650645354,0.3927328548175143,0.02640223503112793,False,DISABLED,none,MODEL_ORIGIN_FRAME_NOT_ESTABLISHED,nan,nan,nan,nan,nan,nan,nan,nan,nan,nan,nan,nan,nan,NOT_EVALUATED,nan,nan,nan,nan,DISABLED,nan,nan,nan,nan,nan,nan
1791471016.8841562,1791471016.9005265,1791471016.904213,1791471016.904235,front_rgbd_red_sphere,True,True,True,,25.7,25.7,1791471016.9005265,1791471016.8994174,1791471016.8841562,1791471016.8841562,1791471016.8841562,0.0,1791471015.8921752,1791471016.8921988,1791471016.8824348,1791471016.8921988,1791471016.8824348,1791471016.8921988,1791471015.8921752,1791471016.8921988,1791471015.8921752,1791471016.8921988,1791470991.1841562,GAZEBO_CLOCK_SYSTEM_INTERPOLATION,MAPPED_EXACT,0,25.7,1791471016.8841562,0.004587888717651367,0.0,RGB,0.0,0,1,0,UNCALIBRATED,PREPARATION,FAR,TURNING,1.0,28,1.0,31.571659088134766,0.6785313487052917,nan,nan,False,0.0,0.0,0.0,0.0,0,0,0,0,0,0.0,0.0,0.0,0.0,0.0,0.0,0.0,0.0,0.0,0.0,0.0,0.0,0.0,0.0,24.57838983202467,2.7344188778354126,19.62639364542143,0.0,0.0,0.0,0.0,0.0,0.0,0.0,0.0,0.0,0.0,0.0,False,DISABLED,0,nan,nan,nan,nan,nan,nan,nan,nan,nan,nan,nan,nan,nan,nan,nan,nan,nan,nan,nan,nan,nan,nan,nan,nan,nan,nan,nan,nan,nan,nan,nan,nan,nan,nan,28.04272441659588,17.58235392832329,-0.18508075435929422,0.15659161569656088,0.15659161569656088,0.15659161569656088,28.141494640795546,17.238253332068545,-0.12500330393464287,-0.09877022419966508,0.3441005962547443,-0.060077450424651346,0.357995499317132,0.3630014842681075,0.016370296478271484,False,DISABLED,none,MODEL_ORIGIN_FRAME_NOT_ESTABLISHED,nan,nan,nan,nan,nan,nan,nan,nan,nan,nan,nan,nan,nan,NOT_EVALUATED,nan,nan,nan,nan,DISABLED,nan,nan,nan,nan,nan,nan
1791471016.9361606,1791471016.9629297,1791471016.968005,1791471016.968044,front_rgbd_red_sphere,True,True,True,,25.752,25.752,1791471016.9629297,1791471016.9525926,1791471016.9361606,1791471016.9361606,1791471016.9361606,0.0,1791471015.9521701,1791471016.9481769,1791471016.9384348,1791471016.9481769,1791471016.942435,1791471016.9521756,1791471015.9481711,1791471016.9481769,1791471015.9521701,1791471016.9521756,1791470991.1841605,GAZEBO_CLOCK_SYSTEM_INTERPOLATION,MAPPED_EXACT,0,25.752,1791471016.9361606,0.003062725067138672,0.0,RGB,0.0,0,1,0,UNCALIBRATED,PREPARATION,FAR,TURNING,1.0,28,1.0,31.510473251342773,0.6805195212364197,nan,nan,False,0.0,0.0,0.0,0.0,0,0,0,0,0,0.0,0.0,0.0,0.0,0.0,0.0,0.0,0.0,0.0,0.0,0.0,0.0,0.0,0.0,24.491387351830234,2.7074124607289565,19.640564211769075,0.0,0.0,0.0,0.0,0.0,0.0,0.0,0.0,0.0,0.0,0.0,False,DISABLED,0,nan,nan,nan,nan,nan,nan,nan,nan,nan,nan,nan,nan,nan,nan,nan,nan,nan,nan,nan,nan,nan,nan,nan,nan,nan,nan,nan,nan,nan,nan,nan,nan,nan,nan,28.234450439080184,17.45307613845206,-0.18931052714815694,0.15610774648004155,0.15610774648004155,0.15610774648004155,28.320855982983616,17.132705556008762,-0.13133496187310467,-0.08640554390343169,0.3203705824432994,-0.057975565275052265,0.33181806477692977,0.336844762882353,0.026769161224365234,False,DISABLED,none,MODEL_ORIGIN_FRAME_NOT_ESTABLISHED,nan,nan,nan,nan,nan,nan,nan,nan,nan,nan,nan,nan,nan,NOT_EVALUATED,nan,nan,nan,nan,DISABLED,nan,nan,nan,nan,nan,nan
1791471016.9841607,1791471017.0091248,1791471017.0142014,1791471017.0142221,front_rgbd_red_sphere,True,True,True,,25.8,25.8,1791471017.000525,1791471017.0091248,1791471016.9841607,1791471016.9841607,1791471016.9841607,0.0,1791471015.97216,1791471016.9881704,1791471016.9784348,1791471016.9881704,1791471016.982435,1791471016.9921732,1791471015.97216,1791471016.9881704,1791471015.97216,1791471016.9921732,1791470991.1841607,GAZEBO_CLOCK_SYSTEM_INTERPOLATION,MAPPED_EXACT,0,25.8,1791471016.9841607,0.0012936592102050781,0.0,RGB,0.0,0,1,0,UNCALIBRATED,PREPARATION,FAR,TURNING,1.0,29,1.0,31.45454978942871,0.6821344494819641,nan,nan,False,0.0,0.0,0.0,0.0,0,0,0,0,0,0.0,0.0,0.0,0.0,0.0,0.0,0.0,0.0,0.0,0.0,0.0,0.0,0.0,0.0,24.415927661172883,2.6964619728368007,19.646380628232485,0.0,0.0,0.0,0.0,0.0,0.0,0.0,0.0,0.0,0.0,0.0,False,DISABLED,0,nan,nan,nan,nan,nan,nan,nan,nan,nan,nan,nan,nan,nan,nan,nan,nan,nan,nan,nan,nan,nan,nan,nan,nan,nan,nan,nan,nan,nan,nan,nan,nan,nan,nan,28.42657675907224,17.320942559676823,-0.19282284004992428,0.1556661499162172,0.1556661499162172,0.1556661499162172,28.485663945960017,17.034428798218652,-0.13641890315833938,-0.059087186887776255,0.28651376145817053,-0.056403936891584905,0.29254304154982125,0.2979309236317881,0.024964094161987305,False,DISABLED,none,MODEL_ORIGIN_FRAME_NOT_ESTABLISHED,nan,nan,nan,nan,nan,nan,nan,nan,nan,nan,nan,nan,nan,NOT_EVALUATED,nan,nan,nan,nan,DISABLED,nan,nan,nan,nan,nan,nan
1791471017.0361567,1791471017.0612478,1791471017.0641696,1791471017.0641887,front_rgbd_red_sphere,True,True,True,,25.852,25.852,1791471017.0520504,1791471017.0612478,1791471017.0361567,1791471017.0361567,1791471017.0361567,0.0,1791471016.0321655,1791471017.0521724,1791471017.042435,1791471017.0521724,1791471017.042435,1791471017.0521724,1791471016.0281644,1791471017.0521724,1791471016.0321655,1791471017.0521724,1791470991.1841567,GAZEBO_CLOCK_SYSTEM_INTERPOLATION,MAPPED_EXACT,0,25.852,1791471017.0361567,0.001279592514038086,0.0,RGB,0.0,0,1,0,UNCALIBRATED,PREPARATION,FAR,TURNING,1.0,33,1.0,31.37902069091797,0.6835866570472717,nan,nan,False,0.0,0.0,0.0,0.0,0,0,0,0,0,0.0,0.0,0.0,0.0,0.0,0.0,0.0,0.0,0.0,0.0,0.0,0.0,0.0,0.0,24.328545256702352,2.669828775135161,19.6376377262239,0.0,0.0,0.0,0.0,0.0,0.0,0.0,0.0,0.0,0.0,0.0,False,DISABLED,0,nan,nan,nan,nan,nan,nan,nan,nan,nan,nan,nan,nan,nan,nan,nan,nan,nan,nan,nan,nan,nan,nan,nan,nan,nan,nan,nan,nan,nan,nan,nan,nan,nan,nan,28.620677722044167,17.183631470559316,-0.19580805272527518,0.15507072403833533,0.15507072403833533,0.15507072403833533,28.663614790666024,16.926864834630912,-0.14102896260683753,-0.042937068621856866,0.256766635928404,-0.05477909011843765,0.26033189813741153,0.266032791027782,0.025091171264648438,False,DISABLED,none,MODEL_ORIGIN_FRAME_NOT_ESTABLISHED,nan,nan,nan,nan,nan,nan,nan,nan,nan,nan,nan,nan,nan,NOT_EVALUATED,nan,nan,nan,nan,DISABLED,nan,nan,nan,nan,nan,nan
1791471017.08416,1791471017.1141531,1791471017.1194298,1791471017.1194572,front_rgbd_red_sphere,True,True,True,,25.9,25.9,1791471017.1141531,1791471017.1026263,1791471017.08416,1791471017.08416,1791471017.08416,0.0,1791471016.0921698,1791471017.0921817,1791471017.082435,1791471017.0921817,1791471017.082435,1791471017.0921817,1791471016.0921698,1791471017.0921817,1791471016.0921698,1791471017.0921817,1791470991.18416,GAZEBO_CLOCK_SYSTEM_INTERPOLATION,MAPPED_EXACT,0,25.9,1791471017.08416,0.0025033950805664062,0.0,RGB,0.0,0,1,0,UNCALIBRATED,PREPARATION,FAR,TURNING,1.0,31,1.0,31.309173583984375,0.684887707233429,nan,nan,False,0.0,0.0,0.0,0.0,0,0,0,0,0,0.0,0.0,0.0,0.0,0.0,0.0,0.0,0.0,0.0,0.0,0.0,0.0,0.0,0.0,24.248643734863016,2.660003540136511,19.62630856940969,0.0,0.0,0.0,0.0,0.0,0.0,0.0,0.0,0.0,0.0,0.0,False,DISABLED,0,nan,nan,nan,nan,nan,nan,nan,nan,nan,nan,nan,nan,nan,nan,nan,nan,nan,nan,nan,nan,nan,nan,nan,nan,nan,nan,nan,nan,nan,nan,nan,nan,nan,nan,28.811160762559826,17.0481379186042,-0.19817610427448423,0.15452111019463174,0.15452111019463174,0.15452111019463174,28.82742658582757,16.826604180404157,-0.14447539191401204,-0.016265823267744395,0.22153373820004418,-0.05370071236047219,0.22213008388658934,0.22852908059038216,0.029993057250976562,False,DISABLED,none,MODEL_ORIGIN_FRAME_NOT_ESTABLISHED,nan,nan,nan,nan,nan,nan,nan,nan,nan,nan,nan,nan,nan,NOT_EVALUATED,nan,nan,nan,nan,DISABLED,nan,nan,nan,nan,nan,nan
1791471017.136163,1791471017.1560097,1791471017.1614575,1791471017.161477,front_rgbd_red_sphere,True,True,True,,25.952,25.952,1791471017.1560097,1791471017.155164,1791471017.136163,1791471017.136163,1791471017.136163,0.0,1791471016.1481874,1791471017.1482406,1791471017.138435,1791471017.1482406,1791471017.1424348,1791471017.1521626,1791471016.1481874,1791471017.1482406,1791471016.132157,1791471017.1521626,1791470991.184163,GAZEBO_CLOCK_SYSTEM_INTERPOLATION,MAPPED_EXACT,0,25.952,1791471017.136163,0.001424551010131836,0.0,RGB,0.0,0,1,0,UNCALIBRATED,PREPARATION,FAR,TURNING,1.0,33,1.0,31.218917846679688,0.6856816411018372,nan,nan,False,0.0,0.0,0.0,0.0,0,0,0,0,0,0.0,0.0,0.0,0.0,0.0,0.0,0.0,0.0,0.0,0.0,0.0,0.0,0.0,0.0,24.163055561974435,2.636104148769616,19.59128760401527,0.0,0.0,0.0,0.0,0.0,0.0,0.0,0.0,0.0,0.0,0.0,False,DISABLED,0,nan,nan,nan,nan,nan,nan,nan,nan,nan,nan,nan,nan,nan,nan,nan,nan,nan,nan,nan,nan,nan,nan,nan,nan,nan,nan,nan,nan,nan,nan,nan,nan,nan,nan,29.00004323191673,16.913332358358463,-0.19940837276882556,0.15381235392246087,0.15381235392246087,0.15381235392246087,29.00416028310421,16.717043638587697,-0.1472553039424137,-0.004117051187478182,0.19628871977076656,-0.05215306882641185,0.1963318914993864,0.2031407251334387,0.019846677780151367,False,DISABLED,none,MODEL_ORIGIN_FRAME_NOT_ESTABLISHED,nan,nan,nan,nan,nan,nan,nan,nan,nan,nan,nan,nan,nan,NOT_EVALUATED,nan,nan,nan,nan,DISABLED,nan,nan,nan,nan,nan,nan
1791471017.1841648,1791471017.2152228,1791471017.2185028,1791471017.2185242,front_rgbd_red_sphere,True,True,True,,26.0,26.0,1791471017.2061377,1791471017.2152228,1791471017.1841648,1791471017.1841648,1791471017.1841648,0.0,1791471016.1921647,1791471017.1881692,1791471017.1784348,1791471017.1881692,1791471017.182435,1791471017.1921775,1791471016.1881633,1791471017.1881692,1791471016.1921647,1791471017.1921775,1791470991.1841648,GAZEBO_CLOCK_SYSTEM_INTERPOLATION,MAPPED_EXACT,0,26.0,1791471017.1841648,0.0032885074615478516,0.0,RGB,0.0,0,1,0,UNCALIBRATED,PREPARATION,FAR,TURNING,1.0,33,1.0,31.136123657226562,0.6862898468971252,nan,nan,False,0.0,0.0,0.0,0.0,0,0,0,0,0,0.0,0.0,0.0,0.0,0.0,0.0,0.0,0.0,0.0,0.0,0.0,0.0,0.0,0.0,24.086979398138798,2.6296951732472262,19.554037218550867,0.0,0.0,0.0,0.0,0.0,0.0,0.0,0.0,0.0,0.0,0.0,False,DISABLED,0,nan,nan,nan,nan,nan,nan,nan,nan,nan,nan,nan,nan,nan,nan,nan,nan,nan,nan,nan,nan,nan,nan,nan,nan,nan,nan,nan,nan,nan,nan,nan,nan,nan,nan,29.18451926790648,16.784274999638615,-0.20031706466419136,0.1531636235720449,0.1531636235720449,0.1531636235720449,29.16695805075617,16.6149268630256,-0.14897517965649418,0.017561217150312558,0.16934813661301362,-0.05134188500769718,0.17025624136019318,0.17782906646058724,0.031058073043823242,False,DISABLED,none,MODEL_ORIGIN_FRAME_NOT_ESTABLISHED,nan,nan,nan,nan,nan,nan,nan,nan,nan,nan,nan,nan,nan,NOT_EVALUATED,nan,nan,nan,nan,DISABLED,nan,nan,nan,nan,nan,nan
1791471017.2361553,1791471017.2629375,1791471017.2659163,1791471017.265938,front_rgbd_red_sphere,True,True,True,,26.052,26.052,1791471017.2540019,1791471017.2629375,1791471017.2361553,1791471017.2361553,1791471017.2361553,0.0,1791471016.2521744,1791471017.2521765,1791471017.242435,1791471017.2521765,1791471017.242435,1791471017.2521765,1791471016.2521744,1791471017.2521765,1791471016.2521744,1791471017.2521765,1791470991.1841552,GAZEBO_CLOCK_SYSTEM_INTERPOLATION,MAPPED_EXACT,0,26.052,1791471017.2361553,0.002973794937133789,0.0,RGB,0.0,0,1,0,UNCALIBRATED,PREPARATION,FAR,TURNING,1.0,32,1.0,31.03036117553711,0.6867295503616333,nan,nan,False,0.0,0.0,0.0,0.0,0,0,0,0,0,0.0,0.0,0.0,0.0,0.0,0.0,0.0,0.0,0.0,0.0,0.0,0.0,0.0,0.0,23.996512497903662,2.6081191745400556,19.499960374166477,0.0,0.0,0.0,0.0,0.0,0.0,0.0,0.0,0.0,0.0,0.0,False,DISABLED,0,nan,nan,nan,nan,nan,nan,nan,nan,nan,nan,nan,nan,nan,nan,nan,nan,nan,nan,nan,nan,nan,nan,nan,nan,nan,nan,nan,nan,nan,nan,nan,nan,nan,nan,29.366287122988464,16.65630790951381,-0.20116542394318143,0.15233691407871502,0.15233691407871502,0.15233691407871502,29.34255654659698,16.503444054783174,-0.14985516443377614,0.023730576391482572,0.15286385473063646,-0.05131025950940529,0.15469485556727838,0.1629823336128908,0.02678227424621582,False,DISABLED,none,MODEL_ORIGIN_FRAME_NOT_ESTABLISHED,nan,nan,nan,nan,nan,nan,nan,nan,nan,nan,nan,nan,nan,NOT_EVALUATED,nan,nan,nan,nan,DISABLED,nan,nan,nan,nan,nan,nan
1791471017.2841635,1791471017.3109617,1791471017.3152118,1791471017.3152366,front_rgbd_red_sphere,True,True,True,,26.1,26.1,1791471017.3026094,1791471017.3109617,1791471017.2841635,1791471017.2841635,1791471017.2841635,0.0,1791471016.2721715,1791471017.2921667,1791471017.282435,1791471017.2921667,1791471017.282435,1791471017.2921667,1791471016.2681599,1791471017.2921667,1791471016.2721715,1791471017.2921667,1791470991.1841636,GAZEBO_CLOCK_SYSTEM_INTERPOLATION,MAPPED_EXACT,0,26.1,1791471017.2841635,0.003110647201538086,0.0,RGB,0.0,0,1,0,UNCALIBRATED,PREPARATION,FAR,TURNING,1.0,34,1.0,30.9337158203125,0.6870985627174377,nan,nan,False,0.0,0.0,0.0,0.0,0,0,0,0,0,0.0,0.0,0.0,0.0,0.0,0.0,0.0,0.0,0.0,0.0,0.0,0.0,0.0,0.0,23.914534890545223,2.6030027082677814,19.44772948932278,0.0,0.0,0.0,0.0,0.0,0.0,0.0,0.0,0.0,0.0,0.0,False,DISABLED,0,nan,nan,nan,nan,nan,nan,nan,nan,nan,nan,nan,nan,nan,nan,nan,nan,nan,nan,nan,nan,nan,nan,nan,nan,nan,nan,nan,nan,nan,nan,nan,nan,nan,nan,29.54319393439421,16.535299750524793,-0.20090959437664319,0.1515834240123226,0.1515834240123226,0.1515834240123226,29.504130694580866,16.39971969760292,-0.14980496954281142,0.03906323981334481,0.13558005292187403,-0.05110462483383177,0.14109531337012243,0.15006521960274385,0.026798248291015625,False,DISABLED,none,MODEL_ORIGIN_FRAME_NOT_ESTABLISHED,nan,nan,nan,nan,nan,nan,nan,nan,nan,nan,nan,nan,nan,NOT_EVALUATED,nan,nan,nan,nan,DISABLED,nan,nan,nan,nan,nan,nan
1791471017.3361578,1791471017.3593962,1791471017.3628814,1791471017.3629017,front_rgbd_red_sphere,True,True,True,,26.152,26.152,1791471017.3593962,1791471017.3563685,1791471017.3361578,1791471017.3361578,1791471017.3361578,0.0,1791471016.3521743,1791471017.3481698,1791471017.338435,1791471017.3481698,1791471017.342435,1791471017.3521934,1791471016.3321712,1791471017.3481698,1791471016.3521743,1791471017.3521934,1791470991.1841578,GAZEBO_CLOCK_SYSTEM_INTERPOLATION,MAPPED_EXACT,0,26.152,1791471017.3361578,0.003433704376220703,0.0,RGB,0.0,0,1,0,UNCALIBRATED,PREPARATION,FAR,STRAIGHT,1.0,33,1.0,30.813980102539062,0.6868221759796143,nan,nan,False,0.0,0.0,0.0,0.0,0,0,0,0,0,0.0,0.0,0.0,0.0,0.0,0.0,0.0,0.0,0.0,0.0,0.0,0.0,0.0,0.0,23.827368807518205,2.582781214610384,19.367164649939095,0.0,0.0,0.0,0.0,0.0,0.0,0.0,0.0,0.0,0.0,0.0,False,DISABLED,0,nan,nan,nan,nan,nan,nan,nan,nan,nan,nan,nan,nan,nan,nan,nan,nan,nan,nan,nan,nan,nan,nan,nan,nan,nan,nan,nan,nan,nan,nan,nan,nan,nan,nan,29.71636816330922,16.418400614851954,-0.19916452006246116,0.15065250009023037,0.15065250009023037,0.15065250009023037,29.678525953500785,16.286481328396086,-0.14876447583378075,0.037842209808435,0.1319192864558687,-0.05040004422868041,0.13723968442914447,0.14620155758562936,0.023238420486450195,False,DISABLED,none,MODEL_ORIGIN_FRAME_NOT_ESTABLISHED,nan,nan,nan,nan,nan,nan,nan,nan,nan,nan,nan,nan,nan,NOT_EVALUATED,nan,nan,nan,nan,DISABLED,nan,nan,nan,nan,nan,nan
1791471017.3841605,1791471017.4035864,1791471017.407193,1791471017.4072163,front_rgbd_red_sphere,True,True,True,,26.2,26.2,1791471017.4035864,1791471017.402405,1791471017.3841605,1791471017.3841605,1791471017.3841605,0.0,1791471016.3721578,1791471017.3881643,1791471017.378435,1791471017.3881643,1791471017.3824348,1791471017.3921664,1791471016.3721578,1791471017.3881643,1791471016.3721578,1791471017.3921664,1791470991.1841605,GAZEBO_CLOCK_SYSTEM_INTERPOLATION,MAPPED_EXACT,0,26.2,1791471017.3841605,0.0036416053771972656,0.0,RGB,0.0,0,1,0,UNCALIBRATED,PREPARATION,FAR,STRAIGHT,1.0,34,1.0,30.703859329223633,0.6863843202590942,nan,nan,False,0.0,0.0,0.0,0.0,0,0,0,0,0,0.0,0.0,0.0,0.0,0.0,0.0,0.0,0.0,0.0,0.0,0.0,0.0,0.0,0.0,23.75073940103546,2.5777237693961688,19.286903697287862,0.0,0.0,0.0,0.0,0.0,0.0,0.0,0.0,0.0,0.0,0.0,False,DISABLED,0,nan,nan,nan,nan,nan,nan,nan,nan,nan,nan,nan,nan,nan,nan,nan,nan,nan,nan,nan,nan,nan,nan,nan,nan,nan,nan,nan,nan,nan,nan,nan,nan,nan,nan,29.885860201773966,16.305557351754757,-0.1975392705625198,0.14979886745964374,0.14979886745964374,0.14979886745964374,29.83902957113908,16.181163093655258,-0.1469475987258002,0.04683063063488646,0.12439425809949967,-0.05059167183671959,0.1329174157655275,0.14222009939885583,0.01942586898803711,False,DISABLED,none,MODEL_ORIGIN_FRAME_NOT_ESTABLISHED,nan,nan,nan,nan,nan,nan,nan,nan,nan,nan,nan,nan,nan,NOT_EVALUATED,nan,nan,nan,nan,DISABLED,nan,nan,nan,nan,nan,nan
1791471017.4361596,1791471017.4610655,1791471017.4642165,1791471017.4642358,front_rgbd_red_sphere,True,True,True,,26.252,26.252,1791471017.4610655,1791471017.459287,1791471017.4361596,1791471017.4361596,1791471017.4361596,0.0,1791471016.4521644,1791471017.452212,1791471017.442435,1791471017.452212,1791471017.442435,1791471017.452212,1791471016.4521644,1791471017.452212,1791471016.4521644,1791471017.452212,1791470991.1841595,GAZEBO_CLOCK_SYSTEM_INTERPOLATION,MAPPED_EXACT,0,26.252,1791471017.4361596,0.001131296157836914,0.0,RGB,0.0,0,1,0,UNCALIBRATED,PREPARATION,FAR,STRAIGHT,1.0,32,1.0,30.57015037536621,0.6854888796806335,nan,nan,False,0.0,0.0,0.0,0.0,0,0,0,0,0,0.0,0.0,0.0,0.0,0.0,0.0,0.0,0.0,0.0,0.0,0.0,0.0,0.0,0.0,23.664648904021803,2.5556123955425964,19.182995805501513,0.0,0.0,0.0,0.0,0.0,0.0,0.0,0.0,0.0,0.0,0.0,False,DISABLED,0,nan,nan,nan,nan,nan,nan,nan,nan,nan,nan,nan,nan,nan,nan,nan,nan,nan,nan,nan,nan,nan,nan,nan,nan,nan,nan,nan,nan,nan,nan,nan,nan,nan,nan,30.054363615079417,16.193893028277095,-0.19475541198688878,0.14876564956485558,0.14876564956485558,0.14876564956485558,30.0122962530515,16.066236889730824,-0.14401296295418586,0.042067362027918165,0.12765613854627134,-0.05074244903270292,0.1344089009572385,0.14366818990426938,0.024905920028686523,False,DISABLED,none,MODEL_ORIGIN_FRAME_NOT_ESTABLISHED,nan,nan,nan,nan,nan,nan,nan,nan,nan,nan,nan,nan,nan,NOT_EVALUATED,nan,nan,nan,nan,DISABLED,nan,nan,nan,nan,nan,nan
1791471017.4841626,1791471017.5037448,1791471017.5070207,1791471017.5070438,front_rgbd_red_sphere,True,True,True,,26.3,26.3,1791471017.5037448,1791471017.50289,1791471017.4841626,1791471017.4841626,1791471017.4841626,0.0,1791471016.492165,1791471017.4921732,1791471017.482435,1791471017.4921732,1791471017.482435,1791471017.4921732,1791471016.492165,1791471017.4921732,1791471016.492165,1791471017.4921732,1791470991.1841626,GAZEBO_CLOCK_SYSTEM_INTERPOLATION,MAPPED_EXACT,0,26.3,1791471017.4841626,0.0038118362426757812,0.0,RGB,0.0,0,1,0,UNCALIBRATED,PREPARATION,FAR,STRAIGHT,1.0,32,1.0,30.447025299072266,0.684306800365448,nan,nan,False,0.0,0.0,0.0,0.0,0,0,0,0,0,0.0,0.0,0.0,0.0,0.0,0.0,0.0,0.0,0.0,0.0,0.0,0.0,0.0,0.0,23.59210489657682,2.54626513778822,19.077487428862298,0.0,0.0,0.0,0.0,0.0,0.0,0.0,0.0,0.0,0.0,0.0,False,DISABLED,0,nan,nan,nan,nan,nan,nan,nan,nan,nan,nan,nan,nan,nan,nan,nan,nan,nan,nan,nan,nan,nan,nan,nan,nan,nan,nan,nan,nan,nan,nan,nan,nan,nan,nan,30.220528273881484,16.083343153690294,-0.1916638695648007,0.14781738258685476,0.14781738258685476,0.14781738258685476,30.171848423452342,15.959348527427078,-0.1404718868434403,0.048679850429142135,0.12399462626321522,-0.051191982721360385,0.1332080897691956,0.14270604148003732,0.019582271575927734,False,DISABLED,none,MODEL_ORIGIN_FRAME_NOT_ESTABLISHED,nan,nan,nan,nan,nan,nan,nan,nan,nan,nan,nan,nan,nan,NOT_EVALUATED,nan,nan,nan,nan,DISABLED,nan,nan,nan,nan,nan,nan
1791471017.5361576,1791471017.561316,1791471017.5668998,1791471017.5669382,front_rgbd_red_sphere,True,True,True,,26.352,26.352,1791471017.561316,1791471017.5602546,1791471017.5361576,1791471017.5361576,1791471017.5361576,0.0,1791471016.5521693,1791471017.548204,1791471017.538465,1791471017.548204,1791471017.542465,1791471017.5521803,1791471016.5481799,1791471017.548204,1791471016.5521693,1791471017.5521803,1791470991.1841576,GAZEBO_CLOCK_SYSTEM_INTERPOLATION,MAPPED_EXACT,0,26.352,1791471017.5361576,0.00162506103515625,0.0,RGB,0.0,0,1,0,UNCALIBRATED,PREPARATION,FAR,STRAIGHT,1.0,31,1.0,30.298961639404297,0.6811080574989319,nan,nan,False,0.0,0.0,0.0,0.0,0,0,0,0,0,0.0,0.0,0.0,0.0,0.0,0.0,0.0,0.0,0.0,0.0,0.0,0.0,0.0,0.0,23.538520836294467,2.5221649192000473,18.910414766381688,0.0,0.0,0.0,0.0,0.0,0.0,0.0,0.0,0.0,0.0,0.0,False,DISABLED,0,nan,nan,nan,nan,nan,nan,nan,nan,nan,nan,nan,nan,nan,nan,nan,nan,nan,nan,nan,nan,nan,nan,nan,nan,nan,nan,nan,nan,nan,nan,nan,nan,nan,nan,30.38488784088705,15.972467384757497,-0.18470875695834182,0.1466810449069199,0.1466810449069199,0.1466810449069199,30.344159937810517,15.842725730526464,-0.1357107411431964,0.04072790307653307,0.129741654231033,-0.04899801581514543,0.13598403925320204,0.1445422584763281,0.025158405303955078,False,DISABLED,none,MODEL_ORIGIN_FRAME_NOT_ESTABLISHED,nan,nan,nan,nan,nan,nan,nan,nan,nan,nan,nan,nan,nan,NOT_EVALUATED,nan,nan,nan,nan,DISABLED,nan,nan,nan,nan,nan,nan
1791471017.5841625,1791471017.6045406,1791471017.608112,1791471017.6081388,front_rgbd_red_sphere,True,True,True,,26.4,26.4,1791471017.6045406,1791471017.6035452,1791471017.5841625,1791471017.5841625,1791471017.5841625,0.0,1791471016.5721612,1791471017.5881686,1791471017.578465,1791471017.5881686,1791471017.582465,1791471017.5921652,1791471016.5721612,1791471017.5881686,1791471016.5721612,1791471017.5921652,1791470991.1841624,GAZEBO_CLOCK_SYSTEM_INTERPOLATION,MAPPED_EXACT,0,26.4,1791471017.5841625,0.0007796287536621094,0.0,RGB,0.0,0,1,0,UNCALIBRATED,PREPARATION,FAR,STRAIGHT,1.0,30,1.0,30.16398811340332,0.6753125786781311,nan,nan,False,0.0,0.0,0.0,0.0,0,0,0,0,0,0.0,0.0,0.0,0.0,0.0,0.0,0.0,0.0,0.0,0.0,0.0,0.0,0.0,0.0,23.54334206299716,2.519932920400936,18.68761940778251,0.0,0.0,0.0,0.0,0.0,0.0,0.0,0.0,0.0,0.0,0.0,False,DISABLED,0,nan,nan,nan,nan,nan,nan,nan,nan,nan,nan,nan,nan,nan,nan,nan,nan,nan,nan,nan,nan,nan,nan,nan,nan,nan,nan,nan,nan,nan,nan,nan,nan,nan,nan,30.547966545860277,15.8615765298777,-0.176813260675809,0.14564899351294555,0.14564899351294555,0.14564899351294555,30.5027382956973,15.734379253208038,-0.13053285258102898,0.045228250162978156,0.12719727666966207,-0.04628040809478001,0.13499904371877414,0.14271166027484536,0.02037811279296875,False,DISABLED,none,MODEL_ORIGIN_FRAME_NOT_ESTABLISHED,nan,nan,nan,nan,nan,nan,nan,nan,nan,nan,nan,nan,nan,NOT_EVALUATED,nan,nan,nan,nan,DISABLED,nan,nan,nan,nan,nan,nan
1791471017.6361609,1791471017.6550686,1791471017.6634393,1791471017.6634657,front_rgbd_red_sphere,True,True,True,,26.452,26.452,1791471017.6550686,1791471017.6540368,1791471017.6361609,1791471017.6361609,1791471017.6361609,0.0,1791471016.6321585,1791471017.6521661,1791471017.6424649,1791471017.6521661,1791471017.6424649,1791471017.6521661,1791471016.6281571,1791471017.6521661,1791471016.6321585,1791471017.6521661,1791470991.184161,GAZEBO_CLOCK_SYSTEM_INTERPOLATION,MAPPED_EXACT,0,26.452,1791471017.6361609,0.0030617713928222656,0.0,RGB,0.0,0,1,0,UNCALIBRATED,PREPARATION,FAR,STRAIGHT,1.0,33,1.0,30.004058837890625,0.6655629277229309,nan,nan,False,0.0,0.0,0.0,0.0,0,0,0,0,0,0.0,0.0,0.0,0.0,0.0,0.0,0.0,0.0,0.0,0.0,0.0,0.0,0.0,0.0,23.600270809688883,2.5136049838152927,18.356266843925262,0.0,0.0,0.0,0.0,0.0,0.0,0.0,0.0,0.0,0.0,0.0,False,DISABLED,0,nan,nan,nan,nan,nan,nan,nan,nan,nan,nan,nan,nan,nan,nan,nan,nan,nan,nan,nan,nan,nan,nan,nan,nan,nan,nan,nan,nan,nan,nan,nan,nan,nan,nan,30.709583331439593,15.750868476728844,-0.1672201218299207,0.14443084602919082,0.14443084602919082,0.14443084602919082,30.67384876606167,15.616331763209017,-0.12407146735013085,0.03573456537792197,0.134536713519827,-0.04314865447978984,0.13920160360953093,0.14573569511578577,0.018907785415649414,False,DISABLED,none,MODEL_ORIGIN_FRAME_NOT_ESTABLISHED,nan,nan,nan,nan,nan,nan,nan,nan,nan,nan,nan,nan,nan,NOT_EVALUATED,nan,nan,nan,nan,DISABLED,nan,nan,nan,nan,nan,nan
1791471017.684156,1791471017.7136765,1791471017.7184472,1791471017.718471,front_rgbd_red_sphere,True,True,True,,26.5,26.5,1791471017.7136765,1791471017.7018473,1791471017.684156,1791471017.684156,1791471017.684156,0.0,1791471016.6721604,1791471017.692167,1791471017.6824648,1791471017.692167,1791471017.6824648,1791471017.692167,1791471016.6681623,1791471017.692167,1791471016.6721604,1791471017.692167,1791470991.184156,GAZEBO_CLOCK_SYSTEM_INTERPOLATION,MAPPED_EXACT,0,26.5,1791471017.684156,0.0018758773803710938,0.0,RGB,0.0,0,1,0,UNCALIBRATED,PREPARATION,FAR,STRAIGHT,1.0,31,1.0,29.85752296447754,0.6540723443031311,nan,nan,False,0.0,0.0,0.0,0.0,0,0,0,0,0,0.0,0.0,0.0,0.0,0.0,0.0,0.0,0.0,0.0,0.0,0.0,0.0,0.0,0.0,23.695308241081253,2.531760656469101,17.988724603033955,0.0,0.0,0.0,0.0,0.0,0.0,0.0,0.0,0.0,0.0,0.0,False,DISABLED,0,nan,nan,nan,nan,nan,nan,nan,nan,nan,nan,nan,nan,nan,nan,nan,nan,nan,nan,nan,nan,nan,nan,nan,nan,nan,nan,nan,nan,nan,nan,nan,nan,nan,nan,30.869443869406727,15.639400518198057,-0.15977608744534416,0.14331920195596648,0.14331920195596648,0.14331920195596648,30.83141816722626,15.506647066505478,-0.11738825103595174,0.03802570218046597,0.13275345169257946,-0.04238783640939242,0.13809211767009558,0.1444512431171187,0.029520511627197266,False,DISABLED,none,MODEL_ORIGIN_FRAME_NOT_ESTABLISHED,nan,nan,nan,nan,nan,nan,nan,nan,nan,nan,nan,nan,nan,NOT_EVALUATED,nan,nan,nan,nan,DISABLED,nan,nan,nan,nan,nan,nan
1791471017.7361588,1791471017.7610593,1791471017.7652826,1791471017.7653008,front_rgbd_red_sphere,True,True,True,,26.552,26.552,1791471017.7610593,1791471017.7595818,1791471017.7361588,1791471017.7361588,1791471017.7361588,0.0,1791471016.7521658,1791471017.748167,1791471017.7384648,1791471017.748167,1791471017.742465,1791471017.7521765,1791471016.7321591,1791471017.748167,1791471016.7521658,1791471017.7521765,1791470991.1841588,GAZEBO_CLOCK_SYSTEM_INTERPOLATION,MAPPED_EXACT,0,26.552,1791471017.7361588,0.0011336803436279297,0.0,RGB,0.0,0,1,0,UNCALIBRATED,PREPARATION,FAR,STRAIGHT,1.0,31,1.0,29.68535614013672,0.6394424438476562,nan,nan,False,0.0,0.0,0.0,0.0,0,0,0,0,0,0.0,0.0,0.0,0.0,0.0,0.0,0.0,0.0,0.0,0.0,0.0,0.0,0.0,0.0,23.8203787692296,2.5461168398147587,17.53075135400168,0.0,0.0,0.0,0.0,0.0,0.0,0.0,0.0,0.0,0.0,0.0,False,DISABLED,0,nan,nan,nan,nan,nan,nan,nan,nan,nan,nan,nan,nan,nan,nan,nan,nan,nan,nan,nan,nan,nan,nan,nan,nan,nan,nan,nan,nan,nan,nan,nan,nan,nan,nan,31.029969517535438,15.524240637146427,-0.1516991076395015,0.14201861049105693,0.14201861049105693,0.14201861049105693,31.00165941933678,15.387043235623846,-0.10937354740992476,0.02831009819865926,0.13719740152258098,-0.042325560229576745,0.14008778906302302,0.14634220749091345,0.024900436401367188,False,DISABLED,none,MODEL_ORIGIN_FRAME_NOT_ESTABLISHED,nan,nan,nan,nan,nan,nan,nan,nan,nan,nan,nan,nan,nan,NOT_EVALUATED,nan,nan,nan,nan,DISABLED,nan,nan,nan,nan,nan,nan
1791471017.784157,1791471017.8147202,1791471017.819579,1791471017.819605,front_rgbd_red_sphere,True,True,True,,26.6,26.6,1791471017.8147202,1791471017.8026457,1791471017.784157,1791471017.784157,1791471017.784157,0.0,1791471016.7721596,1791471017.7881703,1791471017.778465,1791471017.7881703,1791471017.782465,1791471017.7921665,1791471016.7721596,1791471017.7881703,1791471016.7721596,1791471017.7921665,1791470991.1841571,GAZEBO_CLOCK_SYSTEM_INTERPOLATION,MAPPED_EXACT,0,26.6,1791471017.784157,0.0028808116912841797,0.0,RGB,0.0,0,1,0,UNCALIBRATED,PREPARATION,FAR,STRAIGHT,1.0,27,1.0,29.528993606567383,0.6247202157974243,nan,nan,False,0.0,0.0,0.0,0.0,0,0,0,0,0,0.0,0.0,0.0,0.0,0.0,0.0,0.0,0.0,0.0,0.0,0.0,0.0,0.0,0.0,23.951757833102917,2.5807068360043095,17.076729499288074,0.0,0.0,0.0,0.0,0.0,0.0,0.0,0.0,0.0,0.0,0.0,False,DISABLED,0,nan,nan,nan,nan,nan,nan,nan,nan,nan,nan,nan,nan,nan,nan,nan,nan,nan,nan,nan,nan,nan,nan,nan,nan,nan,nan,nan,nan,nan,nan,nan,nan,nan,nan,31.191795227407294,15.404476619324935,-0.14477279590270958,0.14084253332176613,0.14084253332176613,0.14084253332176613,31.158368882869507,15.276003378071096,-0.10134310259053848,0.033426344537787145,0.12847324125383963,-0.0434296933121711,0.1327504961475705,0.139674022239697,0.0305631160736084,False,DISABLED,none,MODEL_ORIGIN_FRAME_NOT_ESTABLISHED,nan,nan,nan,nan,nan,nan,nan,nan,nan,nan,nan,nan,nan,NOT_EVALUATED,nan,nan,nan,nan,DISABLED,nan,nan,nan,nan,nan,nan
1791471017.8361578,1791471017.8671947,1791471017.8712895,1791471017.8713157,front_rgbd_red_sphere,True,True,True,,26.652,26.652,1791471017.8671947,1791471017.8661108,1791471017.8361578,1791471017.8361578,1791471017.8361578,0.0,1791471016.852172,1791471017.8521786,1791471017.842465,1791471017.8521786,1791471017.842465,1791471017.8521786,1791471016.852172,1791471017.8521786,1791471016.852172,1791471017.8521786,1791470991.1841578,GAZEBO_CLOCK_SYSTEM_INTERPOLATION,MAPPED_EXACT,0,26.652,1791471017.8361578,0.003255128860473633,0.0,RGB,0.0,0,1,0,UNCALIBRATED,PREPARATION,FAR,STRAIGHT,1.0,28,1.0,29.346242904663086,0.60788494348526,nan,nan,False,0.0,0.0,0.0,0.0,0,0,0,0,0,0.0,0.0,0.0,0.0,0.0,0.0,0.0,0.0,0.0,0.0,0.0,0.0,0.0,0.0,24.08909332700124,2.6085253778565365,16.55636369993979,0.0,0.0,0.0,0.0,0.0,0.0,0.0,0.0,0.0,0.0,0.0,False,DISABLED,0,nan,nan,nan,nan,nan,nan,nan,nan,nan,nan,nan,nan,nan,nan,nan,nan,nan,nan,nan,nan,nan,nan,nan,nan,nan,nan,nan,nan,nan,nan,nan,nan,nan,nan,31.354825945355547,15.279038499089106,-0.1382683475664503,0.13947418951204563,0.13947418951204563,0.13947418951204563,31.327441222609917,15.155149093783367,-0.09198901241291402,0.027384722745630086,0.12388940530573933,-0.04627933515353627,0.12687989512473907,0.13505659794737213,0.031036853790283203,False,DISABLED,none,MODEL_ORIGIN_FRAME_NOT_ESTABLISHED,nan,nan,nan,nan,nan,nan,nan,nan,nan,nan,nan,nan,nan,NOT_EVALUATED,nan,nan,nan,nan,DISABLED,nan,nan,nan,nan,nan,nan
1791471017.8841636,1791471017.9103444,1791471017.9134498,1791471017.9134688,front_rgbd_red_sphere,True,True,True,,26.7,26.7,1791471017.9103444,1791471017.909267,1791471017.8841636,1791471017.8841636,1791471017.8841636,0.0,1791471016.8721595,1791471017.8921738,1791471017.882465,1791471017.8921738,1791471017.882465,1791471017.8921738,1791471016.868158,1791471017.8921738,1791471016.8721595,1791471017.8921738,1791470991.1841636,GAZEBO_CLOCK_SYSTEM_INTERPOLATION,MAPPED_EXACT,0,26.7,1791471017.8841636,0.0023741722106933594,0.0,RGB,0.0,0,1,0,UNCALIBRATED,PREPARATION,FAR,STRAIGHT,1.0,32,1.0,29.181459426879883,0.5922243595123291,nan,nan,False,0.0,0.0,0.0,0.0,0,0,0,0,0,0.0,0.0,0.0,0.0,0.0,0.0,0.0,0.0,0.0,0.0,0.0,0.0,0.0,0.0,24.21188883628409,2.652064369400432,16.071981917078563,0.0,0.0,0.0,0.0,0.0,0.0,0.0,0.0,0.0,0.0,0.0,False,DISABLED,0,nan,nan,nan,nan,nan,nan,nan,nan,nan,nan,nan,nan,nan,nan,nan,nan,nan,nan,nan,nan,nan,nan,nan,nan,nan,nan,nan,nan,nan,nan,nan,nan,nan,nan,31.519331809582326,15.149962255165967,-0.1317654398698273,0.13824609695807968,0.13824609695807968,0.13824609695807968,31.482962803525577,15.043079199945058,-0.08283230130024324,0.03636900605674853,0.10688305522090857,-0.04893313856958406,0.11290124930624817,0.12304935654111207,0.026180744171142578,False,DISABLED,none,MODEL_ORIGIN_FRAME_NOT_ESTABLISHED,nan,nan,nan,nan,nan,nan,nan,nan,nan,nan,nan,nan,nan,NOT_EVALUATED,nan,nan,nan,nan,DISABLED,nan,nan,nan,nan,nan,nan
1791471017.9361565,1791471017.9625745,1791471017.9657872,1791471017.9658072,front_rgbd_red_sphere,True,True,True,,26.752,26.752,1791471017.9625745,1791471017.961593,1791471017.9361565,1791471017.9361565,1791471017.9361565,0.0,1791471016.93216,1791471017.9481664,1791471017.9384649,1791471017.9481664,1791471017.9424648,1791471017.9521623,1791471016.93216,1791471017.9481664,1791471016.93216,1791471017.9521623,1791470991.1841564,GAZEBO_CLOCK_SYSTEM_INTERPOLATION,MAPPED_EXACT,0,26.752,1791471017.9361565,0.0025873184204101562,0.0,RGB,0.0,0,1,0,UNCALIBRATED,PREPARATION,FAR,STRAIGHT,1.0,27,1.0,28.98904800415039,0.5752431750297546,nan,nan,False,0.0,0.0,0.0,0.0,0,0,0,0,0,0.0,0.0,0.0,0.0,0.0,0.0,0.0,0.0,0.0,0.0,0.0,0.0,0.0,0.0,24.323551974856816,2.684489917214405,15.541018216292507,0.0,0.0,0.0,0.0,0.0,0.0,0.0,0.0,0.0,0.0,0.0,False,DISABLED,0,nan,nan,nan,nan,nan,nan,nan,nan,nan,nan,nan,nan,nan,nan,nan,nan,nan,nan,nan,nan,nan,nan,nan,nan,nan,nan,nan,nan,nan,nan,nan,nan,nan,nan,31.682394470496597,15.018367236516108,-0.12529362947542294,0.1368189684759581,0.1368189684759581,0.1368189684759581,31.65154756323059,14.920571814808824,-0.0723304839131914,0.030846907266006696,0.09779542170728384,-0.05296314556223154,0.10254499595193858,0.115414778007971,0.026417970657348633,False,DISABLED,none,MODEL_ORIGIN_FRAME_NOT_ESTABLISHED,nan,nan,nan,nan,nan,nan,nan,nan,nan,nan,nan,nan,nan,NOT_EVALUATED,nan,nan,nan,nan,DISABLED,nan,nan,nan,nan,nan,nan
1791471017.9841602,1791471018.0140173,1791471018.018023,1791471018.0180418,front_rgbd_red_sphere,True,True,True,,26.8,26.8,1791471018.0140173,1791471018.003066,1791471017.9841602,1791471017.9841602,1791471017.9841602,0.0,1791471016.9921732,1791471017.9881766,1791471017.9784648,1791471017.9881766,1791471017.982465,1791471017.9921803,1791471016.9881704,1791471017.9881766,1791471016.9921732,1791471017.9921803,1791470991.1841602,GAZEBO_CLOCK_SYSTEM_INTERPOLATION,MAPPED_EXACT,0,26.8,1791471017.9841602,0.0021812915802001953,0.0,RGB,0.0,0,1,0,UNCALIBRATED,PREPARATION,FAR,STRAIGHT,1.0,27,1.0,28.81689453125,0.5601087808609009,nan,nan,False,0.0,0.0,0.0,0.0,0,0,0,0,0,0.0,0.0,0.0,0.0,0.0,0.0,0.0,0.0,0.0,0.0,0.0,0.0,0.0,0.0,24.41359593087415,2.730200388084098,15.064387068928696,0.0,0.0,0.0,0.0,0.0,0.0,0.0,0.0,0.0,0.0,0.0,False,DISABLED,0,nan,nan,nan,nan,nan,nan,nan,nan,nan,nan,nan,nan,nan,nan,nan,nan,nan,nan,nan,nan,nan,nan,nan,nan,nan,nan,nan,nan,nan,nan,nan,nan,nan,nan,31.84711584423564,14.8855447374157,-0.11826462599553617,0.13554837328553324,0.13554837328553324,0.13554837328553324,31.806492058860577,14.807104447666774,-0.062234647754492355,0.04062378537506106,0.0784402897489258,-0.05602997824104381,0.0883355590580286,0.10460654595094086,0.029857158660888672,False,DISABLED,none,MODEL_ORIGIN_FRAME_NOT_ESTABLISHED,nan,nan,nan,nan,nan,nan,nan,nan,nan,nan,nan,nan,nan,NOT_EVALUATED,nan,nan,nan,nan,DISABLED,nan,nan,nan,nan,nan,nan
1791471018.0361576,1791471018.0560951,1791471018.0620759,1791471018.0620952,front_rgbd_red_sphere,True,True,True,,26.852,26.852,1791471018.0560951,1791471018.0548248,1791471018.0361576,1791471018.0361576,1791471018.0361576,0.0,1791471017.0521724,1791471018.0521772,1791471018.042465,1791471018.0521772,1791471018.042465,1791471018.0521772,1791471017.0521724,1791471018.0521772,1791471017.0521724,1791471018.0521772,1791470991.1841576,GAZEBO_CLOCK_SYSTEM_INTERPOLATION,MAPPED_EXACT,0,26.852,1791471018.0361576,0.002340555191040039,0.0,RGB,0.0,0,1,0,UNCALIBRATED,PREPARATION,FAR,STRAIGHT,1.0,29,1.0,28.6182804107666,0.5442533493041992,nan,nan,False,0.0,0.0,0.0,0.0,0,0,0,0,0,0.0,0.0,0.0,0.0,0.0,0.0,0.0,0.0,0.0,0.0,0.0,0.0,0.0,0.0,24.48334388674135,2.765117524213073,14.557678734298767,0.0,0.0,0.0,0.0,0.0,0.0,0.0,0.0,0.0,0.0,0.0,False,DISABLED,0,nan,nan,nan,nan,nan,nan,nan,nan,nan,nan,nan,nan,nan,nan,nan,nan,nan,nan,nan,nan,nan,nan,nan,nan,nan,nan,nan,nan,nan,nan,nan,nan,nan,nan,32.011957555493,14.750489930569156,-0.112049919365031,0.13408985104775298,0.13408985104775298,0.13408985104775298,31.973785651408615,14.6836143750787,-0.05089587648095843,0.038171904084382646,0.06687555549045676,-0.06115404288407257,0.07700281932231098,0.09833235044811782,0.019937515258789062,False,DISABLED,none,MODEL_ORIGIN_FRAME_NOT_ESTABLISHED,nan,nan,nan,nan,nan,nan,nan,nan,nan,nan,nan,nan,nan,NOT_EVALUATED,nan,nan,nan,nan,DISABLED,nan,nan,nan,nan,nan,nan
1791471018.0841603,1791471018.104473,1791471018.1082804,1791471018.1083055,front_rgbd_red_sphere,True,True,True,,26.9,26.9,1791471018.104473,1791471018.1028361,1791471018.0841603,1791471018.0841603,1791471018.0841603,0.0,1791471017.0721595,1791471018.092176,1791471018.082465,1791471018.092176,1791471018.082465,1791471018.092176,1791471017.0681598,1791471018.092176,1791471017.0721595,1791471018.092176,1791470991.1841602,GAZEBO_CLOCK_SYSTEM_INTERPOLATION,MAPPED_EXACT,0,26.9,1791471018.0841603,0.000682830810546875,0.0,RGB,0.0,0,1,0,UNCALIBRATED,PREPARATION,FAR,STRAIGHT,1.0,27,1.0,28.439708709716797,0.5304945707321167,nan,nan,False,0.0,0.0,0.0,0.0,0,0,0,0,0,0.0,0.0,0.0,0.0,0.0,0.0,0.0,0.0,0.0,0.0,0.0,0.0,0.0,0.0,24.530868350187674,2.811011452979649,14.112113914728509,0.0,0.0,0.0,0.0,0.0,0.0,0.0,0.0,0.0,0.0,0.0,False,DISABLED,0,nan,nan,nan,nan,nan,nan,nan,nan,nan,nan,nan,nan,nan,nan,nan,nan,nan,nan,nan,nan,nan,nan,nan,nan,nan,nan,nan,nan,nan,nan,nan,nan,nan,nan,32.17593532545756,14.615377344076519,-0.10451952588444685,0.13278523901347758,0.13278523901347758,0.13278523901347758,32.127782543039174,14.569100573089072,-0.040136690843436316,0.04815278241838428,0.04627677098744698,-0.06438283504101053,0.06678495330279773,0.09276518439357972,0.020312786102294922,False,DISABLED,none,MODEL_ORIGIN_FRAME_NOT_ESTABLISHED,nan,nan,nan,nan,nan,nan,nan,nan,nan,nan,nan,nan,nan,NOT_EVALUATED,nan,nan,nan,nan,DISABLED,nan,nan,nan,nan,nan,nan
1791471018.1361566,1791471018.1536405,1791471018.1616564,1791471018.1616762,front_rgbd_red_sphere,True,True,True,,26.952,26.952,1791471018.1536405,1791471018.152022,1791471018.1361566,1791471018.1361566,1791471018.1361566,0.0,1791471017.1521626,1791471018.1482239,1791471018.138465,1791471018.1482239,1791471018.1424649,1791471018.15217,1791471017.1321633,1791471018.1482239,1791471017.1521626,1791471018.15217,1791470991.1841567,GAZEBO_CLOCK_SYSTEM_INTERPOLATION,MAPPED_EXACT,0,26.952,1791471018.1361566,0.001283407211303711,0.0,RGB,0.0,0,1,0,UNCALIBRATED,PREPARATION,FAR,STRAIGHT,1.0,27,1.0,28.23542022705078,0.5163453221321106,nan,nan,False,0.0,0.0,0.0,0.0,0,0,0,0,0,0.0,0.0,0.0,0.0,0.0,0.0,0.0,0.0,0.0,0.0,0.0,0.0,0.0,0.0,24.55434975509406,2.8444867696162266,13.646677067221185,0.0,0.0,0.0,0.0,0.0,0.0,0.0,0.0,0.0,0.0,0.0,False,DISABLED,0,nan,nan,nan,nan,nan,nan,nan,nan,nan,nan,nan,nan,nan,nan,nan,nan,nan,nan,nan,nan,nan,nan,nan,nan,nan,nan,nan,nan,nan,nan,nan,nan,nan,nan,32.339836880743356,14.478829025206984,-0.09699134144592397,0.13130057258172464,0.13130057258172464,0.13130057258172464,32.29437982786818,14.444270972642865,-0.028202561740923213,0.04545705287517876,0.034558052564118924,-0.06878877970500076,0.05710168695512598,0.08940077665448062,0.017483949661254883,False,DISABLED,none,MODEL_ORIGIN_FRAME_NOT_ESTABLISHED,nan,nan,nan,nan,nan,nan,nan,nan,nan,nan,nan,nan,nan,NOT_EVALUATED,nan,nan,nan,nan,DISABLED,nan,nan,nan,nan,nan,nan
1791471018.184159,1791471018.2109935,1791471018.215379,1791471018.215401,front_rgbd_red_sphere,True,True,True,,27.0,27.0,1791471018.2109935,1791471018.2094011,1791471018.184159,1791471018.184159,1791471018.184159,0.0,1791471017.1881692,1791471018.1881764,1791471018.178465,1791471018.1881764,1791471018.1824648,1791471018.1921701,1791471017.1881692,1791471018.1881764,1791471017.1721568,1791471018.1921701,1791470991.184159,GAZEBO_CLOCK_SYSTEM_INTERPOLATION,MAPPED_EXACT,0,27.0,1791471018.184159,0.0031044483184814453,0.0,RGB,0.0,0,1,0,UNCALIBRATED,PREPARATION,FAR,STRAIGHT,1.0,26,1.0,28.052967071533203,0.5042952299118042,nan,nan,False,0.0,0.0,0.0,0.0,0,0,0,0,0,0.0,0.0,0.0,0.0,0.0,0.0,0.0,0.0,0.0,0.0,0.0,0.0,0.0,0.0,24.56079971557133,2.8884431406928037,13.243600648361783,0.0,0.0,0.0,0.0,0.0,0.0,0.0,0.0,0.0,0.0,0.0,False,DISABLED,0,nan,nan,nan,nan,nan,nan,nan,nan,nan,nan,nan,nan,nan,nan,nan,nan,nan,nan,nan,nan,nan,nan,nan,nan,nan,nan,nan,nan,nan,nan,nan,nan,nan,nan,32.50332011655079,14.3436239624424,-0.0885970294014688,0.12998164128930062,0.12998164128930062,0.12998164128930062,32.44758494613363,14.328667007701762,-0.01703567498786317,0.05573517041715803,0.014956954740638295,-0.07156135441360563,0.05770718947014444,0.09193012108146505,0.026834487915039062,False,DISABLED,none,MODEL_ORIGIN_FRAME_NOT_ESTABLISHED,nan,nan,nan,nan,nan,nan,nan,nan,nan,nan,nan,nan,nan,NOT_EVALUATED,nan,nan,nan,nan,DISABLED,nan,nan,nan,nan,nan,nan
1791471018.2361586,1791471018.2541013,1791471018.261638,1791471018.2616599,front_rgbd_red_sphere,True,True,True,,27.052,27.052,1791471018.2541013,1791471018.2528074,1791471018.2361586,1791471018.2361586,1791471018.2361586,0.0,1791471017.2321572,1791471018.2521691,1791471018.242465,1791471018.2521691,1791471018.242465,1791471018.2521691,1791471017.228163,1791471018.2521691,1791471017.2321572,1791471018.2521691,1791470991.1841586,GAZEBO_CLOCK_SYSTEM_INTERPOLATION,MAPPED_EXACT,0,27.052,1791471018.2361586,0.0022220611572265625,0.0,RGB,0.0,0,1,0,UNCALIBRATED,PREPARATION,FAR,STRAIGHT,1.0,25,1.0,27.844083786010742,0.49208906292915344,nan,nan,False,0.0,0.0,0.0,0.0,0,0,0,0,0,0.0,0.0,0.0,0.0,0.0,0.0,0.0,0.0,0.0,0.0,0.0,0.0,0.0,0.0,24.54032156225318,2.9197410527281242,12.827343950812217,0.0,0.0,0.0,0.0,0.0,0.0,0.0,0.0,0.0,0.0,0.0,False,DISABLED,0,nan,nan,nan,nan,nan,nan,nan,nan,nan,nan,nan,nan,nan,nan,nan,nan,nan,nan,nan,nan,nan,nan,nan,nan,nan,nan,nan,nan,nan,nan,nan,nan,nan,nan,32.666576769328294,14.20669231050066,-0.08079113439125857,0.12847983696773066,0.12847983696773066,0.12847983696773066,32.61326097073239,14.202742412266641,-0.004817724105201144,0.05331579859590363,0.003949898234019145,-0.07597341028605742,0.05346191238609097,0.0928985206904377,0.01794266700744629,False,DISABLED,none,MODEL_ORIGIN_FRAME_NOT_ESTABLISHED,nan,nan,nan,nan,nan,nan,nan,nan,nan,nan,nan,nan,nan,NOT_EVALUATED,nan,nan,nan,nan,DISABLED,nan,nan,nan,nan,nan,nan
1791471018.2841604,1791471018.3032527,1791471018.3064618,1791471018.3064892,front_rgbd_red_sphere,True,True,True,,27.1,27.1,1791471018.3032527,1791471018.302408,1791471018.2841604,1791471018.2841604,1791471018.2841604,0.0,1791471017.2921667,1791471018.2921827,1791471018.282465,1791471018.2921827,1791471018.282465,1791471018.2921827,1791471017.2921667,1791471018.2921827,1791471017.2921667,1791471018.2921827,1791470991.1841605,GAZEBO_CLOCK_SYSTEM_INTERPOLATION,MAPPED_EXACT,0,27.1,1791471018.2841604,0.0032701492309570312,0.0,RGB,0.0,0,1,0,UNCALIBRATED,PREPARATION,FAR,STRAIGHT,1.0,29,1.0,27.657482147216797,0.4818771481513977,nan,nan,False,0.0,0.0,0.0,0.0,0,0,0,0,0,0.0,0.0,0.0,0.0,0.0,0.0,0.0,0.0,0.0,0.0,0.0,0.0,0.0,0.0,24.508029398690898,2.9614924852129043,12.47086276388885,0.0,0.0,0.0,0.0,0.0,0.0,0.0,0.0,0.0,0.0,0.0,False,DISABLED,0,nan,nan,nan,nan,nan,nan,nan,nan,nan,nan,nan,nan,nan,nan,nan,nan,nan,nan,nan,nan,nan,nan,nan,nan,nan,nan,nan,nan,nan,nan,nan,nan,nan,nan,32.82859857667687,14.07091981838106,-0.0725131909301106,0.12714560873555944,0.12714560873555944,0.12714560873555944,32.765662363014826,14.086128714737626,0.006478762189646957,0.0629362136620415,-0.015208896356565305,-0.07899195311975757,0.06474779933325057,0.10213719291312476,0.019092321395874023,False,DISABLED,none,MODEL_ORIGIN_FRAME_NOT_ESTABLISHED,nan,nan,nan,nan,nan,nan,nan,nan,nan,nan,nan,nan,nan,NOT_EVALUATED,nan,nan,nan,nan,DISABLED,nan,nan,nan,nan,nan,nan
1791471018.3361595,1791471018.363513,1791471018.3666024,1791471018.3666246,front_rgbd_red_sphere,True,True,True,,27.152,27.152,1791471018.363513,1791471018.3623712,1791471018.3361595,1791471018.3361595,1791471018.3361595,0.0,1791471017.3481698,1791471018.3481812,1791471018.338465,1791471018.3481812,1791471018.342465,1791471018.352173,1791471017.3481698,1791471018.3481812,1791471017.3321583,1791471018.352173,1791470991.1841595,GAZEBO_CLOCK_SYSTEM_INTERPOLATION,MAPPED_EXACT,0,27.152,1791471018.3361595,0.0035238265991210938,0.0,RGB,0.0,0,1,0,UNCALIBRATED,PREPARATION,FAR,STRAIGHT,1.0,26,1.0,27.445903778076172,0.4715704619884491,nan,nan,False,0.0,0.0,0.0,0.0,0,0,0,0,0,0.0,0.0,0.0,0.0,0.0,0.0,0.0,0.0,0.0,0.0,0.0,0.0,0.0,0.0,24.450346009902763,2.989734536194172,12.104530342792932,0.0,0.0,0.0,0.0,0.0,0.0,0.0,0.0,0.0,0.0,0.0,False,DISABLED,0,nan,nan,nan,nan,nan,nan,nan,nan,nan,nan,nan,nan,nan,nan,nan,nan,nan,nan,nan,nan,nan,nan,nan,nan,nan,nan,nan,nan,nan,nan,nan,nan,nan,nan,32.99107828652764,13.934728472435676,-0.06355035506980217,0.12564120342356178,0.12564120342356178,0.12564120342356178,32.93043330364738,13.959173703945172,0.018678674537524965,0.06064498288025533,-0.024445231509496068,-0.08222902960732713,0.06538641519535476,0.10505711114561452,0.027353525161743164,False,DISABLED,none,MODEL_ORIGIN_FRAME_NOT_ESTABLISHED,nan,nan,nan,nan,nan,nan,nan,nan,nan,nan,nan,nan,nan,NOT_EVALUATED,nan,nan,nan,nan,DISABLED,nan,nan,nan,nan,nan,nan
1791471018.3841553,1791471018.4071505,1791471018.4110672,1791471018.411089,front_rgbd_red_sphere,True,True,True,,27.2,27.2,1791471018.4071505,1791471018.405237,1791471018.3841553,1791471018.3841553,1791471018.3841553,0.0,1791471017.3921664,1791471018.3881736,1791471018.378465,1791471018.3881736,1791471018.382465,1791471018.3921802,1791471017.3881643,1791471018.3881736,1791471017.3921664,1791471018.3921802,1791470991.1841552,GAZEBO_CLOCK_SYSTEM_INTERPOLATION,MAPPED_EXACT,0,27.2,1791471018.3841553,0.003330230712890625,0.0,RGB,0.0,0,1,0,UNCALIBRATED,PREPARATION,FAR,STRAIGHT,1.0,28,1.0,27.257469177246094,0.4629870355129242,nan,nan,False,0.0,0.0,0.0,0.0,0,0,0,0,0,0.0,0.0,0.0,0.0,0.0,0.0,0.0,0.0,0.0,0.0,0.0,0.0,0.0,0.0,24.38786921123891,3.0280368268898403,11.79120382723461,0.0,0.0,0.0,0.0,0.0,0.0,0.0,0.0,0.0,0.0,0.0,False,DISABLED,0,nan,nan,nan,nan,nan,nan,nan,nan,nan,nan,nan,nan,nan,nan,nan,nan,nan,nan,nan,nan,nan,nan,nan,nan,nan,nan,nan,nan,nan,nan,nan,nan,nan,nan,33.15254804821326,13.799315069941406,-0.05404423105586614,0.12430891760343168,0.12430891760343168,0.12430891760343168,33.08214288317745,13.841530232789358,0.02983294029063643,0.07040516503581529,-0.04221516284795257,-0.08387717134650258,0.08209145654694855,0.11736433491947243,0.0229952335357666,False,DISABLED,none,MODEL_ORIGIN_FRAME_NOT_ESTABLISHED,nan,nan,nan,nan,nan,nan,nan,nan,nan,nan,nan,nan,nan,NOT_EVALUATED,nan,nan,nan,nan,DISABLED,nan,nan,nan,nan,nan,nan
1791471018.436157,1791471018.4566762,1791471018.462206,1791471018.4622264,front_rgbd_red_sphere,True,True,True,,27.252,27.252,1791471018.4566762,1791471018.4556766,1791471018.436157,1791471018.436157,1791471018.436157,0.0,1791471017.4321606,1791471018.4521701,1791471018.4424648,1791471018.4521701,1791471018.4424648,1791471018.4521701,1791471017.4281585,1791471018.4521701,1791471017.4321606,1791471018.4521701,1791470991.184157,GAZEBO_CLOCK_SYSTEM_INTERPOLATION,MAPPED_EXACT,0,27.252,1791471018.436157,0.002308368682861328,0.0,RGB,0.0,0,1,0,UNCALIBRATED,PREPARATION,FAR,STRAIGHT,1.0,26,1.0,27.04298973083496,0.4543474614620209,nan,nan,False,0.0,0.0,0.0,0.0,0,0,0,0,0,0.0,0.0,0.0,0.0,0.0,0.0,0.0,0.0,0.0,0.0,0.0,0.0,0.0,0.0,24.29941419028506,3.0525865707570183,11.46924176679443,0.0,0.0,0.0,0.0,0.0,0.0,0.0,0.0,0.0,0.0,0.0,False,DISABLED,0,nan,nan,nan,nan,nan,nan,nan,nan,nan,nan,nan,nan,nan,nan,nan,nan,nan,nan,nan,nan,nan,nan,nan,nan,nan,nan,nan,nan,nan,nan,nan,nan,nan,nan,33.31329168112664,13.663106256410583,-0.04428559443232766,0.12280111654109563,0.12280111654109563,0.12280111654109563,33.24609223372163,13.713551607018866,0.04171868882604686,0.0671994474050095,-0.05044535060828359,-0.08600428325837452,0.08402677626525544,0.12023824627928509,0.020519256591796875,False,DISABLED,none,MODEL_ORIGIN_FRAME_NOT_ESTABLISHED,nan,nan,nan,nan,nan,nan,nan,nan,nan,nan,nan,nan,nan,NOT_EVALUATED,nan,nan,nan,nan,DISABLED,nan,nan,nan,nan,nan,nan
1791471018.484158,1791471018.5004609,1791471018.5040638,1791471018.5040858,front_rgbd_red_sphere,True,True,True,,27.3,27.3,1791471018.5004609,1791471018.4995825,1791471018.484158,1791471018.484158,1791471018.484158,0.0,1791471017.4721918,1791471018.4921718,1791471018.482465,1791471018.4921718,1791471018.482465,1791471018.4921718,1791471017.4681597,1791471018.4921718,1791471017.4721918,1791471018.4921718,1791470991.184158,GAZEBO_CLOCK_SYSTEM_INTERPOLATION,MAPPED_EXACT,0,27.3,1791471018.484158,0.0007243156433105469,0.0,RGB,0.0,0,1,0,UNCALIBRATED,PREPARATION,FAR,STRAIGHT,1.0,28,1.0,26.85361671447754,0.4471895694732666,nan,nan,False,0.0,0.0,0.0,0.0,0,0,0,0,0,0.0,0.0,0.0,0.0,0.0,0.0,0.0,0.0,0.0,0.0,0.0,0.0,0.0,0.0,24.2129919316163,3.0871776375556585,11.194509669197132,0.0,0.0,0.0,0.0,0.0,0.0,0.0,0.0,0.0,0.0,0.0,False,DISABLED,0,nan,nan,nan,nan,nan,nan,nan,nan,nan,nan,nan,nan,nan,nan,nan,nan,nan,nan,nan,nan,nan,nan,nan,nan,nan,nan,nan,nan,nan,nan,nan,nan,nan,nan,33.47408376447342,13.528063936806312,-0.03416081210389782,0.12147745463346009,0.12147745463346009,0.12147745463346009,33.397175750473075,13.594890138747015,0.052458692317155685,0.0769080140003453,-0.0668262019407031,-0.08661950442105351,0.10188515045528931,0.13372928785215993,0.016302824020385742,False,DISABLED,none,MODEL_ORIGIN_FRAME_NOT_ESTABLISHED,nan,nan,nan,nan,nan,nan,nan,nan,nan,nan,nan,nan,nan,NOT_EVALUATED,nan,nan,nan,nan,DISABLED,nan,nan,nan,nan,nan,nan
1791471018.536161,1791471018.5656219,1791471018.5690303,1791471018.5690517,front_rgbd_red_sphere,True,True,True,,27.352,27.352,1791471018.5656219,1791471018.564518,1791471018.536161,1791471018.536161,1791471018.536161,0.0,1791471017.5321589,1791471018.5481737,1791471018.5384948,1791471018.5481737,1791471018.542495,1791471018.5521722,1791471017.5321589,1791471018.5481737,1791471017.5321589,1791471018.5521722,1791470991.184161,GAZEBO_CLOCK_SYSTEM_INTERPOLATION,MAPPED_EXACT,0,27.352,1791471018.536161,0.0016391277313232422,0.0,RGB,0.0,0,1,0,UNCALIBRATED,PREPARATION,FAR,STRAIGHT,1.0,27,1.0,26.638538360595703,0.43996745347976685,nan,nan,False,0.0,0.0,0.0,0.0,0,0,0,0,0,0.0,0.0,0.0,0.0,0.0,0.0,0.0,0.0,0.0,0.0,0.0,0.0,0.0,0.0,24.10163132134943,3.107304942078038,10.91181722445389,0.0,0.0,0.0,0.0,0.0,0.0,0.0,0.0,0.0,0.0,0.0,False,DISABLED,0,nan,nan,nan,nan,nan,nan,nan,nan,nan,nan,nan,nan,nan,nan,nan,nan,nan,nan,nan,nan,nan,nan,nan,nan,nan,nan,nan,nan,nan,nan,nan,nan,nan,nan,33.634389406920114,13.39183887973305,-0.024892085894827554,0.11998283469157607,0.11998283469157607,0.11998283469157607,33.56024071857279,13.466005543982737,0.06373140294670895,0.07414868834732147,-0.07416666424968632,-0.08862348884153651,0.104874792345701,0.13730566209737985,0.029460906982421875,False,DISABLED,none,MODEL_ORIGIN_FRAME_NOT_ESTABLISHED,nan,nan,nan,nan,nan,nan,nan,nan,nan,nan,nan,nan,nan,NOT_EVALUATED,nan,nan,nan,nan,DISABLED,nan,nan,nan,nan,nan,nan
1791471018.5841627,1791471018.6029835,1791471018.6061437,1791471018.6061654,front_rgbd_red_sphere,True,True,True,,27.4,27.4,1791471018.6029835,1791471018.6019275,1791471018.5841627,1791471018.5841627,1791471018.5841627,0.0,1791471017.5921652,1791471018.5881746,1791471018.578495,1791471018.5881746,1791471018.582495,1791471018.5921729,1791471017.5881686,1791471018.5881746,1791471017.5921652,1791471018.5921729,1791470991.1841626,GAZEBO_CLOCK_SYSTEM_INTERPOLATION,MAPPED_EXACT,0,27.4,1791471018.5841627,0.0030019283294677734,0.0,RGB,0.0,0,1,0,UNCALIBRATED,PREPARATION,FAR,STRAIGHT,1.0,27,1.0,26.448328018188477,0.43406742811203003,nan,nan,False,0.0,0.0,0.0,0.0,0,0,0,0,0,0.0,0.0,0.0,0.0,0.0,0.0,0.0,0.0,0.0,0.0,0.0,0.0,0.0,0.0,23.99557983771569,3.1374232014982333,10.67158722924163,0.0,0.0,0.0,0.0,0.0,0.0,0.0,0.0,0.0,0.0,0.0,False,DISABLED,0,nan,nan,nan,nan,nan,nan,nan,nan,nan,nan,nan,nan,nan,nan,nan,nan,nan,nan,nan,nan,nan,nan,nan,nan,nan,nan,nan,nan,nan,nan,nan,nan,nan,nan,33.793862424234675,13.256506535561169,-0.01530260163627245,0.11866872969018802,0.11866872969018802,0.11866872969018802,33.71058600916384,13.346475339315226,0.07378308064862377,0.08327641507083428,-0.0899688037540578,-0.08908568228489622,0.12259423704230978,0.151544071953183,0.018820762634277344,False,DISABLED,none,MODEL_ORIGIN_FRAME_NOT_ESTABLISHED,nan,nan,nan,nan,nan,nan,nan,nan,nan,nan,nan,nan,nan,NOT_EVALUATED,nan,nan,nan,nan,DISABLED,nan,nan,nan,nan,nan,nan
1791471018.6361566,1791471018.6572716,1791471018.665243,1791471018.6652746,front_rgbd_red_sphere,True,True,True,,27.452,27.452,1791471018.6572716,1791471018.655671,1791471018.6361566,1791471018.6361566,1791471018.6361566,0.0,1791471017.6521661,1791471018.6521719,1791471018.642495,1791471018.6521719,1791471018.642495,1791471018.6521719,1791471017.6521661,1791471018.6521719,1791471017.6521661,1791471018.6521719,1791470991.1841567,GAZEBO_CLOCK_SYSTEM_INTERPOLATION,MAPPED_EXACT,0,27.452,1791471018.6361566,0.0031986236572265625,0.0,RGB,0.0,0,1,0,UNCALIBRATED,PREPARATION,FAR,STRAIGHT,1.0,27,1.0,26.23200798034668,0.42805880308151245,nan,nan,False,0.0,0.0,0.0,0.0,0,0,0,0,0,0.0,0.0,0.0,0.0,0.0,0.0,0.0,0.0,0.0,0.0,0.0,0.0,0.0,0.0,23.865180005419056,3.152660301761941,10.422676498800408,0.0,0.0,0.0,0.0,0.0,0.0,0.0,0.0,0.0,0.0,0.0,False,DISABLED,0,nan,nan,nan,nan,nan,nan,nan,nan,nan,nan,nan,nan,nan,nan,nan,nan,nan,nan,nan,nan,nan,nan,nan,nan,nan,nan,nan,nan,nan,nan,nan,nan,nan,nan,33.952156169400745,13.119675763815707,-0.006394362587046787,0.11718304048008309,0.11718304048008309,0.11718304048008309,33.87293213132385,13.216620021157851,0.08417519073183873,0.07922403807689449,-0.09694425734214462,-0.09056955331888551,0.12519839152652557,0.15452340026420475,0.02111506462097168,False,DISABLED,none,MODEL_ORIGIN_FRAME_NOT_ESTABLISHED,nan,nan,nan,nan,nan,nan,nan,nan,nan,nan,nan,nan,nan,NOT_EVALUATED,nan,nan,nan,nan,DISABLED,nan,nan,nan,nan,nan,nan
1791471018.6841729,1791471018.7058072,1791471018.710938,1791471018.7109723,front_rgbd_red_sphere,True,True,True,,27.5,27.5,1791471018.7058072,1791471018.7040524,1791471018.6841729,1791471018.6841729,1791471018.6841729,0.0,1791471017.672158,1791471018.6921654,1791471018.6824949,1791471018.6921654,1791471018.6824949,1791471018.6921654,1791471017.6681604,1791471018.6921654,1791471017.672158,1791471018.6921654,1791470991.1841729,GAZEBO_CLOCK_SYSTEM_INTERPOLATION,MAPPED_EXACT,0,27.5,1791471018.6841729,0.0020771026611328125,0.0,RGB,0.0,0,1,0,UNCALIBRATED,PREPARATION,FAR,STRAIGHT,1.0,27,1.0,26.041866302490234,0.42318084836006165,nan,nan,False,0.0,0.0,0.0,0.0,0,0,0,0,0,0.0,0.0,0.0,0.0,0.0,0.0,0.0,0.0,0.0,0.0,0.0,0.0,0.0,0.0,23.74464319890708,3.1784432458673315,10.211182169403818,0.0,0.0,0.0,0.0,0.0,0.0,0.0,0.0,0.0,0.0,0.0,False,DISABLED,0,nan,nan,nan,nan,nan,nan,nan,nan,nan,nan,nan,nan,nan,nan,nan,nan,nan,nan,nan,nan,nan,nan,nan,nan,nan,nan,nan,nan,nan,nan,nan,nan,nan,nan,34.11030355544477,12.984423928623732,0.00276894494359331,0.11588486912791297,0.11588486912791297,0.11588486912791297,34.022625364199264,13.096211255512609,0.09329521076110117,0.08767819124550869,-0.11178732688887649,-0.09052626581750786,0.14206995344915307,0.16846031127807706,0.021634340286254883,False,DISABLED,none,MODEL_ORIGIN_FRAME_NOT_ESTABLISHED,nan,nan,nan,nan,nan,nan,nan,nan,nan,nan,nan,nan,nan,NOT_EVALUATED,nan,nan,nan,nan,DISABLED,nan,nan,nan,nan,nan,nan
1791471018.736163,1791471018.763703,1791471018.7669058,1791471018.7669253,front_rgbd_red_sphere,True,True,True,,27.552,27.552,1791471018.763703,1791471018.7523694,1791471018.736163,1791471018.736163,1791471018.736163,0.0,1791471017.748167,1791471018.7481835,1791471018.7384949,1791471018.7481835,1791471018.7424948,1791471018.7521718,1791471017.748167,1791471018.7481835,1791471017.7321575,1791471018.7521718,1791470991.1841629,GAZEBO_CLOCK_SYSTEM_INTERPOLATION,MAPPED_EXACT,0,27.552,1791471018.736163,0.0037643909454345703,0.0,RGB,0.0,0,1,0,UNCALIBRATED,PREPARATION,FAR,STRAIGHT,1.0,29,1.0,25.82634735107422,0.4181734025478363,nan,nan,False,0.0,0.0,0.0,0.0,0,0,0,0,0,0.0,0.0,0.0,0.0,0.0,0.0,0.0,0.0,0.0,0.0,0.0,0.0,0.0,0.0,23.60094797272318,3.1899339606734287,9.990983841622356,0.0,0.0,0.0,0.0,0.0,0.0,0.0,0.0,0.0,0.0,0.0,False,DISABLED,0,nan,nan,nan,nan,nan,nan,nan,nan,nan,nan,nan,nan,nan,nan,nan,nan,nan,nan,nan,nan,nan,nan,nan,nan,nan,nan,nan,nan,nan,nan,nan,nan,nan,nan,34.26714657600782,12.848318156173244,0.01045602898932968,0.11442217286319241,0.11442217286319241,0.11442217286319241,34.184330619377015,12.965383635303727,0.10255320450886865,0.0828159566308031,-0.11706547913048304,-0.09209717551953897,0.14339738169410424,0.1704250533677528,0.027540206909179688,False,DISABLED,none,MODEL_ORIGIN_FRAME_NOT_ESTABLISHED,nan,nan,nan,nan,nan,nan,nan,nan,nan,nan,nan,nan,nan,NOT_EVALUATED,nan,nan,nan,nan,DISABLED,nan,nan,nan,nan,nan,nan
1791471018.7841582,1791471018.8119268,1791471018.8151875,1791471018.8152077,front_rgbd_red_sphere,True,True,True,,27.6,27.6,1791471018.8119268,1791471018.801319,1791471018.7841582,1791471018.7841582,1791471018.7841582,0.0,1791471017.7921665,1791471018.7882006,1791471018.7784948,1791471018.7882006,1791471018.782495,1791471018.7921672,1791471017.7881703,1791471018.7882006,1791471017.7921665,1791471018.7921672,1791470991.1841583,GAZEBO_CLOCK_SYSTEM_INTERPOLATION,MAPPED_EXACT,0,27.6,1791471018.7841582,0.0040988922119140625,0.0,RGB,0.0,0,1,0,UNCALIBRATED,PREPARATION,FAR,STRAIGHT,1.0,27,1.0,25.636402130126953,0.4142155349254608,nan,nan,False,0.0,0.0,0.0,0.0,0,0,0,0,0,0.0,0.0,0.0,0.0,0.0,0.0,0.0,0.0,0.0,0.0,0.0,0.0,0.0,0.0,23.468391437328435,3.2120542297275847,9.805225252865057,0.0,0.0,0.0,0.0,0.0,0.0,0.0,0.0,0.0,0.0,0.0,False,DISABLED,0,nan,nan,nan,nan,nan,nan,nan,nan,nan,nan,nan,nan,nan,nan,nan,nan,nan,nan,nan,nan,nan,nan,nan,nan,nan,nan,nan,nan,nan,nan,nan,nan,nan,nan,34.42365615730503,12.712555998679306,0.018329465049761018,0.1131407570711813,0.1131407570711813,0.1131407570711813,34.333262181424296,12.844240997292394,0.1105090867774418,0.09039397588073683,-0.13168499861308725,-0.09217962172768078,0.15972479373990758,0.18441554272109043,0.027768611907958984,False,DISABLED,none,MODEL_ORIGIN_FRAME_NOT_ESTABLISHED,nan,nan,nan,nan,nan,nan,nan,nan,nan,nan,nan,nan,nan,NOT_EVALUATED,nan,nan,nan,nan,DISABLED,nan,nan,nan,nan,nan,nan
1791471018.83616,1791471018.8653605,1791471018.8684604,1791471018.8684835,front_rgbd_red_sphere,True,True,True,,27.652,27.652,1791471018.8653605,1791471018.8643851,1791471018.83616,1791471018.83616,1791471018.83616,0.0,1791471017.832159,1791471018.8521578,1791471018.842495,1791471018.8521578,1791471018.842495,1791471018.8521578,1791471017.8281598,1791471018.8521578,1791471017.832159,1791471018.8521578,1791470991.18416,GAZEBO_CLOCK_SYSTEM_INTERPOLATION,MAPPED_EXACT,0,27.652,1791471018.83616,0.0013866424560546875,0.0,RGB,0.0,0,1,0,UNCALIBRATED,PREPARATION,FAR,STRAIGHT,1.0,29,1.0,25.42135238647461,0.4100690484046936,nan,nan,False,0.0,0.0,0.0,0.0,0,0,0,0,0,0.0,0.0,0.0,0.0,0.0,0.0,0.0,0.0,0.0,0.0,0.0,0.0,0.0,0.0,23.313751751281966,3.2199347289746036,9.60969079528176,0.0,0.0,0.0,0.0,0.0,0.0,0.0,0.0,0.0,0.0,0.0,False,DISABLED,0,nan,nan,nan,nan,nan,nan,nan,nan,nan,nan,nan,nan,nan,nan,nan,nan,nan,nan,nan,nan,nan,nan,nan,nan,nan,nan,nan,nan,nan,nan,nan,nan,nan,nan,34.57931512851208,12.576808530815082,0.02536478585220797,0.11169867958705564,0.11169867958705564,0.11169867958705564,34.4942118182896,12.71259414685342,0.11839754528003331,0.08510331022247897,-0.13578561603833705,-0.09303275942782534,0.16025076266194238,0.18529814154623842,0.02920055389404297,False,DISABLED,none,MODEL_ORIGIN_FRAME_NOT_ESTABLISHED,nan,nan,nan,nan,nan,nan,nan,nan,nan,nan,nan,nan,nan,NOT_EVALUATED,nan,nan,nan,nan,DISABLED,nan,nan,nan,nan,nan,nan
1791471018.884158,1791471018.902021,1791471018.9064887,1791471018.9065113,front_rgbd_red_sphere,True,True,True,,27.7,27.7,1791471018.902021,1791471018.900778,1791471018.884158,1791471018.884158,1791471018.884158,0.0,1791471017.8921738,1791471018.8922472,1791471018.882495,1791471018.8922472,1791471018.882495,1791471018.8922472,1791471017.8921738,1791471018.8922472,1791471017.8921738,1791471018.8922472,1791470991.1841578,GAZEBO_CLOCK_SYSTEM_INTERPOLATION,MAPPED_EXACT,0,27.7,1791471018.884158,0.0021660327911376953,0.0,RGB,0.0,0,1,0,UNCALIBRATED,PREPARATION,FAR,STRAIGHT,1.0,31,1.0,25.231542587280273,0.4068695306777954,nan,nan,False,0.0,0.0,0.0,0.0,0,0,0,0,0,0.0,0.0,0.0,0.0,0.0,0.0,0.0,0.0,0.0,0.0,0.0,0.0,0.0,0.0,23.17174412239568,3.2392162646499507,9.445023733482076,0.0,0.0,0.0,0.0,0.0,0.0,0.0,0.0,0.0,0.0,0.0,False,DISABLED,0,nan,nan,nan,nan,nan,nan,nan,nan,nan,nan,nan,nan,nan,nan,nan,nan,nan,nan,nan,nan,nan,nan,nan,nan,nan,nan,nan,nan,nan,nan,nan,nan,nan,nan,34.7332341353307,12.441648766387857,0.03171747279179732,0.11043353959612413,0.11043353959612413,0.11043353959612413,34.64258459128887,12.5906071847662,0.12500322353076418,0.09064954404182402,-0.1489584183783439,-0.09328575073896686,0.17437302039239996,0.19775788614288176,0.017863035202026367,False,DISABLED,none,MODEL_ORIGIN_FRAME_NOT_ESTABLISHED,nan,nan,nan,nan,nan,nan,nan,nan,nan,nan,nan,nan,nan,NOT_EVALUATED,nan,nan,nan,nan,DISABLED,nan,nan,nan,nan,nan,nan
1791471018.9361596,1791471018.960839,1791471018.9638119,1791471018.9638362,front_rgbd_red_sphere,True,True,True,,27.752,27.752,1791471018.9518402,1791471018.960839,1791471018.9361596,1791471018.9361596,1791471018.9361596,0.0,1791471017.9521623,1791471018.948165,1791471018.938495,1791471018.948165,1791471018.9424949,1791471018.9521658,1791471017.9321601,1791471018.948165,1791471017.9521623,1791471018.9521658,1791470991.1841595,GAZEBO_CLOCK_SYSTEM_INTERPOLATION,MAPPED_EXACT,0,27.752,1791471018.9361596,0.004891395568847656,0.0,RGB,0.0,0,1,0,UNCALIBRATED,PREPARATION,FAR,STRAIGHT,1.0,28,1.0,25.017568588256836,0.4034781754016876,nan,nan,False,0.0,0.0,0.0,0.0,0,0,0,0,0,0.0,0.0,0.0,0.0,0.0,0.0,0.0,0.0,0.0,0.0,0.0,0.0,0.0,0.0,23.008681271559194,3.244485298643415,9.271062508803539,0.0,0.0,0.0,0.0,0.0,0.0,0.0,0.0,0.0,0.0,0.0,False,DISABLED,0,nan,nan,nan,nan,nan,nan,nan,nan,nan,nan,nan,nan,nan,nan,nan,nan,nan,nan,nan,nan,nan,nan,nan,nan,nan,nan,nan,nan,nan,nan,nan,nan,nan,nan,34.88782143870092,12.305732914988305,0.03763482563806969,0.10901597835910613,0.10901597835910613,0.10901597835910613,34.80291277937413,12.458087883312196,0.1313323023355506,0.0849086593267856,-0.15235496832389117,-0.09369747669748091,0.1744176504876901,0.19799175220478502,0.02467942237854004,False,DISABLED,none,MODEL_ORIGIN_FRAME_NOT_ESTABLISHED,nan,nan,nan,nan,nan,nan,nan,nan,nan,nan,nan,nan,nan,NOT_EVALUATED,nan,nan,nan,nan,DISABLED,nan,nan,nan,nan,nan,nan
1791471018.9841611,1791471019.0052707,1791471019.009713,1791471019.009733,front_rgbd_red_sphere,True,True,True,,27.8,27.8,1791471019.0052707,1791471019.0037935,1791471018.9841611,1791471018.9841611,1791471018.9841611,0.0,1791471017.972158,1791471018.9881754,1791471018.978495,1791471018.9881754,1791471018.9824948,1791471018.9921718,1791471017.972158,1791471018.9881754,1791471017.972158,1791471018.9921718,1791470991.1841612,GAZEBO_CLOCK_SYSTEM_INTERPOLATION,MAPPED_EXACT,0,27.8,1791471018.9841611,0.0015587806701660156,0.0,RGB,0.0,0,1,0,UNCALIBRATED,PREPARATION,FAR,STRAIGHT,1.0,30,1.0,24.829021453857422,0.4008494019508362,nan,nan,False,0.0,0.0,0.0,0.0,0,0,0,0,0,0.0,0.0,0.0,0.0,0.0,0.0,0.0,0.0,0.0,0.0,0.0,0.0,0.0,0.0,22.860821554937697,3.261009807640022,9.122989046583815,0.0,0.0,0.0,0.0,0.0,0.0,0.0,0.0,0.0,0.0,0.0,False,DISABLED,0,nan,nan,nan,nan,nan,nan,nan,nan,nan,nan,nan,nan,nan,nan,nan,nan,nan,nan,nan,nan,nan,nan,nan,nan,nan,nan,nan,nan,nan,nan,nan,nan,nan,nan,35.04088519388847,12.170895194248647,0.043370653809986115,0.1077744609846217,0.1077744609846217,0.1077744609846217,34.950632988311135,12.33538563471687,0.13641997287543814,0.09025220557733604,-0.1644904404682226,-0.09304931906545202,0.18762346766064103,0.20942956189503883,0.021109580993652344,False,DISABLED,none,MODEL_ORIGIN_FRAME_NOT_ESTABLISHED,nan,nan,nan,nan,nan,nan,nan,nan,nan,nan,nan,nan,nan,NOT_EVALUATED,nan,nan,nan,nan,DISABLED,nan,nan,nan,nan,nan,nan
1791471019.036162,1791471019.054614,1791471019.0617092,1791471019.0617373,front_rgbd_red_sphere,True,True,True,,27.852,27.852,1791471019.054614,1791471019.0531497,1791471019.036162,1791471019.036162,1791471019.036162,0.0,1791471018.0321622,1791471019.0521696,1791471019.042495,1791471019.0521696,1791471019.042495,1791471019.0521696,1791471018.0281718,1791471019.0521696,1791471018.0321622,1791471019.0521696,1791470991.184162,GAZEBO_CLOCK_SYSTEM_INTERPOLATION,MAPPED_EXACT,0,27.852,1791471019.036162,0.0014171600341796875,0.0,RGB,0.0,0,1,0,UNCALIBRATED,PREPARATION,FAR,STRAIGHT,1.0,30,1.0,24.616607666015625,0.39804843068122864,nan,nan,False,0.0,0.0,0.0,0.0,0,0,0,0,0,0.0,0.0,0.0,0.0,0.0,0.0,0.0,0.0,0.0,0.0,0.0,0.0,0.0,0.0,22.69206115828268,3.262929374794119,8.966659502591508,0.0,0.0,0.0,0.0,0.0,0.0,0.0,0.0,0.0,0.0,0.0,False,DISABLED,0,nan,nan,nan,nan,nan,nan,nan,nan,nan,nan,nan,nan,nan,nan,nan,nan,nan,nan,nan,nan,nan,nan,nan,nan,nan,nan,nan,nan,nan,nan,nan,nan,nan,nan,35.19445765825852,12.036097321035573,0.04773474698369823,0.1063843039153417,0.1063843039153417,0.1063843039153417,35.110341424735154,12.202046774214796,0.14103175644496638,0.08411623352336761,-0.16594945317922338,-0.09329700946126815,0.18605042798295565,0.2081323947084089,0.018452167510986328,False,DISABLED,none,MODEL_ORIGIN_FRAME_NOT_ESTABLISHED,nan,nan,nan,nan,nan,nan,nan,nan,nan,nan,nan,nan,nan,NOT_EVALUATED,nan,nan,nan,nan,DISABLED,nan,nan,nan,nan,nan,nan
1791471019.0841584,1791471019.1138685,1791471019.1198025,1791471019.119831,front_rgbd_red_sphere,True,True,True,,27.9,27.9,1791471019.1138685,1791471019.1021705,1791471019.0841584,1791471019.0841584,1791471019.0841584,0.0,1791471018.092176,1791471019.092186,1791471019.082495,1791471019.092186,1791471019.082495,1791471019.092186,1791471018.092176,1791471019.092186,1791471018.092176,1791471019.092186,1791470991.1841583,GAZEBO_CLOCK_SYSTEM_INTERPOLATION,MAPPED_EXACT,0,27.9,1791471019.0841584,0.0021195411682128906,0.0,RGB,0.0,0,1,0,UNCALIBRATED,PREPARATION,FAR,STRAIGHT,1.0,30,1.0,24.429155349731445,0.3959070146083832,nan,nan,False,0.0,0.0,0.0,0.0,0,0,0,0,0,0.0,0.0,0.0,0.0,0.0,0.0,0.0,0.0,0.0,0.0,0.0,0.0,0.0,0.0,22.53949076255873,3.276293809005651,8.83294350251226,0.0,0.0,0.0,0.0,0.0,0.0,0.0,0.0,0.0,0.0,0.0,False,DISABLED,0,nan,nan,nan,nan,nan,nan,nan,nan,nan,nan,nan,nan,nan,nan,nan,nan,nan,nan,nan,nan,nan,nan,nan,nan,nan,nan,nan,nan,nan,nan,nan,nan,nan,nan,35.34636322250249,11.901945853282381,0.052151104760525924,0.10516501230365972,0.10516501230365972,0.10516501230365972,35.257443887910426,12.078650603001812,0.14447695258876123,0.08891933459206314,-0.1767047497194305,-0.0923258478282353,0.1978161182454601,0.21830089054995702,0.029710054397583008,False,DISABLED,none,MODEL_ORIGIN_FRAME_NOT_ESTABLISHED,nan,nan,nan,nan,nan,nan,nan,nan,nan,nan,nan,nan,nan,NOT_EVALUATED,nan,nan,nan,nan,DISABLED,nan,nan,nan,nan,nan,nan
1791471019.1361628,1791471019.16658,1791471019.1702075,1791471019.1702263,front_rgbd_red_sphere,True,True,True,,27.952,27.952,1791471019.16658,1791471019.1555817,1791471019.1361628,1791471019.1361628,1791471019.1361628,0.0,1791471018.15217,1791471019.1481843,1791471019.138495,1791471019.1481843,1791471019.142495,1791471019.1522038,1791471018.1321623,1791471019.1481843,1791471018.15217,1791471019.1522038,1791470991.1841629,GAZEBO_CLOCK_SYSTEM_INTERPOLATION,MAPPED_EXACT,0,27.952,1791471019.1361628,0.0027027130126953125,0.0,RGB,0.0,0,1,0,UNCALIBRATED,PREPARATION,FAR,STRAIGHT,1.0,31,1.0,24.2177791595459,0.39345458149909973,nan,nan,False,0.0,0.0,0.0,0.0,0,0,0,0,0,0.0,0.0,0.0,0.0,0.0,0.0,0.0,0.0,0.0,0.0,0.0,0.0,0.0,0.0,22.367302522235054,3.274569910338432,8.688026628210814,0.0,0.0,0.0,0.0,0.0,0.0,0.0,0.0,0.0,0.0,0.0,False,DISABLED,0,nan,nan,nan,nan,nan,nan,nan,nan,nan,nan,nan,nan,nan,nan,nan,nan,nan,nan,nan,nan,nan,nan,nan,nan,nan,nan,nan,nan,nan,nan,nan,nan,nan,nan,35.498049354967826,11.769268509018637,0.05587598985483583,0.10379853065992756,0.10379853065992756,0.10379853065992756,35.4165032613198,11.944569969790251,0.1472565552519232,0.08154609364802923,-0.1753014607716139,-0.09138056539708736,0.19334003087285065,0.21384755147115014,0.030417203903198242,False,DISABLED,none,MODEL_ORIGIN_FRAME_NOT_ESTABLISHED,nan,nan,nan,nan,nan,nan,nan,nan,nan,nan,nan,nan,nan,NOT_EVALUATED,nan,nan,nan,nan,DISABLED,nan,nan,nan,nan,nan,nan
1791471019.1841614,1791471019.2196608,1791471019.2228746,1791471019.2228932,front_rgbd_red_sphere,True,True,True,,28.0,28.0,1791471019.2196608,1791471019.2084832,1791471019.1841614,1791471019.1841614,1791471019.1841614,0.0,1791471018.1921701,1791471019.2121606,1791471019.2024949,1791471019.2121606,1791471019.2024949,1791471019.2121606,1791471018.1881764,1791471019.2121606,1791471018.1921701,1791471019.2121606,1791470991.1841614,GAZEBO_CLOCK_SYSTEM_INTERPOLATION,MAPPED_EXACT,0,28.0,1791471019.1841614,0.003697633743286133,0.0,RGB,0.0,0,1,0,UNCALIBRATED,PREPARATION,FAR,STRAIGHT,1.0,31,1.0,24.0318660736084,0.3915955424308777,nan,nan,False,0.0,0.0,0.0,0.0,0,0,0,0,0,0.0,0.0,0.0,0.0,0.0,0.0,0.0,0.0,0.0,0.0,0.0,0.0,0.0,0.0,22.212683955180506,3.28596675377516,8.563273656006526,0.0,0.0,0.0,0.0,0.0,0.0,0.0,0.0,0.0,0.0,0.0,False,DISABLED,0,nan,nan,nan,nan,nan,nan,nan,nan,nan,nan,nan,nan,nan,nan,nan,nan,nan,nan,nan,nan,nan,nan,nan,nan,nan,nan,nan,nan,nan,nan,nan,nan,nan,nan,35.64866546960268,11.636774129323195,0.05874247367210034,0.10260404104720275,0.10260404104720275,0.10260404104720275,35.56294004686868,11.820569767358156,0.14897514308225665,0.08572542273400074,-0.18379563803496168,-0.09023266941015631,0.20280454793618852,0.2219721137721681,0.03549933433532715,False,DISABLED,none,MODEL_ORIGIN_FRAME_NOT_ESTABLISHED,nan,nan,nan,nan,nan,nan,nan,nan,nan,nan,nan,nan,nan,NOT_EVALUATED,nan,nan,nan,nan,DISABLED,nan,nan,nan,nan,nan,nan
1791471019.236158,1791471019.2534277,1791471019.2633946,1791471019.26343,front_rgbd_red_sphere,True,True,True,,28.052,28.052,1791471019.2534277,1791471019.2522004,1791471019.236158,1791471019.236158,1791471019.236158,0.0,1791471018.2521691,1791471019.2521744,1791471019.2424948,1791471019.2521744,1791471019.2424948,1791471019.2521744,1791471018.2521691,1791471019.2521744,1791471018.2521691,1791471019.2521744,1791470991.1841578,GAZEBO_CLOCK_SYSTEM_INTERPOLATION,MAPPED_EXACT,0,28.052,1791471019.236158,0.0021963119506835938,0.0,RGB,0.0,0,1,0,UNCALIBRATED,PREPARATION,FAR,STRAIGHT,1.0,33,1.0,23.82257652282715,0.3894160985946655,nan,nan,False,0.0,0.0,0.0,0.0,0,0,0,0,0,0.0,0.0,0.0,0.0,0.0,0.0,0.0,0.0,0.0,0.0,0.0,0.0,0.0,0.0,22.039002233568674,3.2832772905549312,8.427197682087481,0.0,0.0,0.0,0.0,0.0,0.0,0.0,0.0,0.0,0.0,0.0,False,DISABLED,0,nan,nan,nan,nan,nan,nan,nan,nan,nan,nan,nan,nan,nan,nan,nan,nan,nan,nan,nan,nan,nan,nan,nan,nan,nan,nan,nan,nan,nan,nan,nan,nan,nan,nan,35.79957094224026,11.50490721846613,0.06092537234383416,0.10126764270516347,0.10126764270516347,0.10126764270516347,35.72144652676923,11.68571713001644,0.14985489168575578,0.07812441547103077,-0.1808099115503108,-0.08892951934192161,0.1969661097943538,0.21611133199790022,0.01726984977722168,False,DISABLED,none,MODEL_ORIGIN_FRAME_NOT_ESTABLISHED,nan,nan,nan,nan,nan,nan,nan,nan,nan,nan,nan,nan,nan,NOT_EVALUATED,nan,nan,nan,nan,DISABLED,nan,nan,nan,nan,nan,nan
1791471019.284163,1791471019.3149157,1791471019.3213658,1791471019.321421,front_rgbd_red_sphere,True,True,True,,28.1,28.1,1791471019.3149157,1791471019.3031833,1791471019.284163,1791471019.284163,1791471019.284163,0.0,1791471018.2721596,1791471019.2921722,1791471019.282495,1791471019.2921722,1791471019.282495,1791471019.2921722,1791471018.2681782,1791471019.2921722,1791471018.2721596,1791471019.2921722,1791470991.184163,GAZEBO_CLOCK_SYSTEM_INTERPOLATION,MAPPED_EXACT,0,28.1,1791471019.284163,0.0030906200408935547,0.0,RGB,0.0,0,1,0,UNCALIBRATED,PREPARATION,FAR,STRAIGHT,1.0,32,1.0,23.63825798034668,0.38780683279037476,nan,nan,False,0.0,0.0,0.0,0.0,0,0,0,0,0,0.0,0.0,0.0,0.0,0.0,0.0,0.0,0.0,0.0,0.0,0.0,0.0,0.0,0.0,21.88289706543817,3.293753330746494,8.310071310096443,0.0,0.0,0.0,0.0,0.0,0.0,0.0,0.0,0.0,0.0,0.0,False,DISABLED,0,nan,nan,nan,nan,nan,nan,nan,nan,nan,nan,nan,nan,nan,nan,nan,nan,nan,nan,nan,nan,nan,nan,nan,nan,nan,nan,nan,nan,nan,nan,nan,nan,nan,nan,35.9491231137496,11.373265752146615,0.061777658759518295,0.10009794213191713,0.10009794213191713,0.10009794213191713,35.867421446475824,11.560985712340154,0.14980523679597182,0.08170166727377648,-0.18771996019353843,-0.08802757803645353,0.2047289571369388,0.22285152094015973,0.03075265884399414,False,DISABLED,none,MODEL_ORIGIN_FRAME_NOT_ESTABLISHED,nan,nan,nan,nan,nan,nan,nan,nan,nan,nan,nan,nan,nan,NOT_EVALUATED,nan,nan,nan,nan,DISABLED,nan,nan,nan,nan,nan,nan
1791471019.3361578,1791471019.3639722,1791471019.369305,1791471019.3693402,front_rgbd_red_sphere,True,True,True,,28.152,28.152,1791471019.3639722,1791471019.352343,1791471019.3361578,1791471019.3361578,1791471019.3361578,0.0,1791471018.3481812,1791471019.3482,1791471019.338495,1791471019.3482,1791471019.342495,1791471019.352164,1791471018.3481812,1791471019.3482,1791471018.332159,1791471019.352164,1791470991.1841578,GAZEBO_CLOCK_SYSTEM_INTERPOLATION,MAPPED_EXACT,0,28.152,1791471019.3361578,0.004027605056762695,0.0,RGB,0.0,0,1,0,UNCALIBRATED,PREPARATION,FAR,STRAIGHT,1.0,32,1.0,23.429912567138672,0.3858400583267212,nan,nan,False,0.0,0.0,0.0,0.0,0,0,0,0,0,0.0,0.0,0.0,0.0,0.0,0.0,0.0,0.0,0.0,0.0,0.0,0.0,0.0,0.0,21.707406654350155,3.2901122847542013,8.180737265011055,0.0,0.0,0.0,0.0,0.0,0.0,0.0,0.0,0.0,0.0,0.0,False,DISABLED,0,nan,nan,nan,nan,nan,nan,nan,nan,nan,nan,nan,nan,nan,nan,nan,nan,nan,nan,nan,nan,nan,nan,nan,nan,nan,nan,nan,nan,nan,nan,nan,nan,nan,nan,36.09822090929515,11.241913356680381,0.06187743552275743,0.09878394063912307,0.09878394063912307,0.09878394063912307,36.02524953243036,11.425517696964278,0.14876354270606845,0.0729713768647926,-0.18360434028389605,-0.08688610718331102,0.19757372196885972,0.21583459230183213,0.027814388275146484,False,DISABLED,none,MODEL_ORIGIN_FRAME_NOT_ESTABLISHED,nan,nan,nan,nan,nan,nan,nan,nan,nan,nan,nan,nan,nan,NOT_EVALUATED,nan,nan,nan,nan,DISABLED,nan,nan,nan,nan,nan,nan
1791471019.3841677,1791471019.4134557,1791471019.417753,1791471019.4177742,front_rgbd_red_sphere,True,True,True,,28.2,28.2,1791471019.4134557,1791471019.4013648,1791471019.3841677,1791471019.3841677,1791471019.3841677,0.0,1791471018.3721611,1791471019.3881652,1791471019.378495,1791471019.3881652,1791471019.382495,1791471019.3921645,1791471018.3721611,1791471019.3881652,1791471018.3721611,1791471019.3921645,1791470991.1841676,GAZEBO_CLOCK_SYSTEM_INTERPOLATION,MAPPED_EXACT,0,28.2,1791471019.3841677,0.0019214153289794922,0.0,RGB,0.0,0,1,0,UNCALIBRATED,PREPARATION,FAR,STRAIGHT,1.0,35,1.0,23.247953414916992,0.3843770921230316,nan,nan,False,0.0,0.0,0.0,0.0,0,0,0,0,0,0.0,0.0,0.0,0.0,0.0,0.0,0.0,0.0,0.0,0.0,0.0,0.0,0.0,0.0,21.55160136939617,3.2986103136314924,8.069386204701441,0.0,0.0,0.0,0.0,0.0,0.0,0.0,0.0,0.0,0.0,0.0,False,DISABLED,0,nan,nan,nan,nan,nan,nan,nan,nan,nan,nan,nan,nan,nan,nan,nan,nan,nan,nan,nan,nan,nan,nan,nan,nan,nan,nan,nan,nan,nan,nan,nan,nan,nan,nan,36.247503158986895,11.11050224438906,0.06136031580765883,0.09764346024665152,0.09764346024665152,0.09764346024665152,36.17070051749039,11.300152001644873,0.1469456095077874,0.0768026414965064,-0.1896497572558129,-0.08558529370012857,0.20461103628110983,0.22178935652047624,0.029288053512573242,False,DISABLED,none,MODEL_ORIGIN_FRAME_NOT_ESTABLISHED,nan,nan,nan,nan,nan,nan,nan,nan,nan,nan,nan,nan,nan,NOT_EVALUATED,nan,nan,nan,nan,DISABLED,nan,nan,nan,nan,nan,nan
1791471019.4361625,1791471019.4649763,1791471019.4680324,1791471019.468052,front_rgbd_red_sphere,True,True,True,,28.252,28.252,1791471019.4649763,1791471019.4537823,1791471019.4361625,1791471019.4361625,1791471019.4361625,0.0,1791471018.4521701,1791471019.4521708,1791471019.4424949,1791471019.4521708,1791471019.4424949,1791471019.4521708,1791471018.4521701,1791471019.4521708,1791471018.4521701,1791471019.4521708,1791470991.1841624,GAZEBO_CLOCK_SYSTEM_INTERPOLATION,MAPPED_EXACT,0,28.252,1791471019.4361625,0.0010101795196533203,0.0,RGB,0.0,0,1,0,UNCALIBRATED,PREPARATION,FAR,STRAIGHT,1.0,32,1.0,23.040735244750977,0.38253656029701233,nan,nan,False,0.0,0.0,0.0,0.0,0,0,0,0,0,0.0,0.0,0.0,0.0,0.0,0.0,0.0,0.0,0.0,0.0,0.0,0.0,0.0,0.0,21.375369938904047,3.2925114234580697,7.945341585359898,0.0,0.0,0.0,0.0,0.0,0.0,0.0,0.0,0.0,0.0,0.0,False,DISABLED,0,nan,nan,nan,nan,nan,nan,nan,nan,nan,nan,nan,nan,nan,nan,nan,nan,nan,nan,nan,nan,nan,nan,nan,nan,nan,nan,nan,nan,nan,nan,nan,nan,nan,nan,36.3949783188774,10.979069909834049,0.06018264439344462,0.09635273035263316,0.09635273035263316,0.09635273035263316,36.327949516033414,11.164031760753355,0.1440090158143881,0.0670288028439856,-0.18496185091930606,-0.08382637142094349,0.19673267828755214,0.21384715862455472,0.028813838958740234,False,DISABLED,none,MODEL_ORIGIN_FRAME_NOT_ESTABLISHED,nan,nan,nan,nan,nan,nan,nan,nan,nan,nan,nan,nan,nan,NOT_EVALUATED,nan,nan,nan,nan,DISABLED,nan,nan,nan,nan,nan,nan
1791471019.4841566,1791471019.5035682,1791471019.5068123,1791471019.5068328,front_rgbd_red_sphere,True,True,True,,28.3,28.3,1791471019.5035682,1791471019.5017822,1791471019.4841566,1791471019.4841566,1791471019.4841566,0.0,1791471018.4921718,1791471019.492172,1791471019.4824948,1791471019.492172,1791471019.4824948,1791471019.492172,1791471018.4921718,1791471019.492172,1791471018.4921718,1791471019.492172,1791470991.1841567,GAZEBO_CLOCK_SYSTEM_INTERPOLATION,MAPPED_EXACT,0,28.3,1791471019.4841566,0.0036220550537109375,0.0,RGB,0.0,0,1,0,UNCALIBRATED,PREPARATION,FAR,STRAIGHT,1.0,35,1.0,22.860673904418945,0.38121822476387024,nan,nan,False,0.0,0.0,0.0,0.0,0,0,0,0,0,0.0,0.0,0.0,0.0,0.0,0.0,0.0,0.0,0.0,0.0,0.0,0.0,0.0,0.0,21.219554192329134,3.299003568074447,7.839485576442797,0.0,0.0,0.0,0.0,0.0,0.0,0.0,0.0,0.0,0.0,0.0,False,DISABLED,0,nan,nan,nan,nan,nan,nan,nan,nan,nan,nan,nan,nan,nan,nan,nan,nan,nan,nan,nan,nan,nan,nan,nan,nan,nan,nan,nan,nan,nan,nan,nan,nan,nan,nan,36.543282013463035,10.848045322215729,0.05754128092952909,0.09523812308266891,0.09523812308266891,0.09523812308266891,36.47284585575183,11.038101991585803,0.14046919141832764,0.0704361577112067,-0.19005666937007426,-0.08292791048879855,0.20268889926476907,0.21899732469416583,0.019411563873291016,False,DISABLED,none,MODEL_ORIGIN_FRAME_NOT_ESTABLISHED,nan,nan,nan,nan,nan,nan,nan,nan,nan,nan,nan,nan,nan,NOT_EVALUATED,nan,nan,nan,nan,DISABLED,nan,nan,nan,nan,nan,nan
1791471019.5361578,1791471019.5594528,1791471019.5659366,1791471019.565978,front_rgbd_red_sphere,True,True,True,,28.352,28.352,1791471019.5594528,1791471019.5558698,1791471019.5361578,1791471019.5361578,1791471019.5361578,0.0,1791471018.532157,1791471019.5481706,1791471019.538524,1791471019.5481706,1791471019.5425239,1791471019.5521643,1791471018.532157,1791471019.5481706,1791471018.532157,1791471019.5521643,1791470991.1841578,GAZEBO_CLOCK_SYSTEM_INTERPOLATION,MAPPED_EXACT,0,28.352,1791471019.5361578,0.0038521289825439453,0.0,RGB,0.0,0,1,0,UNCALIBRATED,PREPARATION,FAR,STRAIGHT,1.0,36,1.0,22.65604591369629,0.37950006127357483,nan,nan,False,0.0,0.0,0.0,0.0,0,0,0,0,0,0.0,0.0,0.0,0.0,0.0,0.0,0.0,0.0,0.0,0.0,0.0,0.0,0.0,0.0,21.044067250564094,3.290342367514846,7.721223697710684,0.0,0.0,0.0,0.0,0.0,0.0,0.0,0.0,0.0,0.0,0.0,False,DISABLED,0,nan,nan,nan,nan,nan,nan,nan,nan,nan,nan,nan,nan,nan,nan,nan,nan,nan,nan,nan,nan,nan,nan,nan,nan,nan,nan,nan,nan,nan,nan,nan,nan,nan,nan,36.69051687117214,10.71734965634654,0.053902528525160476,0.09397931487465451,0.09397931487465451,0.09397931487465451,36.62956832274912,10.901329564519008,0.13570885428095245,0.060948548423020554,-0.1839799081724678,-0.08180632575579197,0.19381262127638377,0.21037016684807217,0.023294925689697266,False,DISABLED,none,MODEL_ORIGIN_FRAME_NOT_ESTABLISHED,nan,nan,nan,nan,nan,nan,nan,nan,nan,nan,nan,nan,nan,NOT_EVALUATED,nan,nan,nan,nan,DISABLED,nan,nan,nan,nan,nan,nan
1791471019.5841568,1791471019.6152487,1791471019.6198008,1791471019.6198273,front_rgbd_red_sphere,True,True,True,,28.4,28.4,1791471019.6152487,1791471019.6036437,1791471019.5841568,1791471019.5841568,1791471019.5841568,0.0,1791471018.5921729,1791471019.588213,1791471019.5785239,1791471019.588213,1791471019.5825238,1791471019.5921824,1791471018.5881746,1791471019.588213,1791471018.5921729,1791471019.5921824,1791470991.1841567,GAZEBO_CLOCK_SYSTEM_INTERPOLATION,MAPPED_EXACT,0,28.4,1791471019.5841568,0.003428936004638672,0.0,RGB,0.0,0,1,0,UNCALIBRATED,PREPARATION,FAR,STRAIGHT,1.0,32,1.0,22.476835250854492,0.3782786726951599,nan,nan,False,0.0,0.0,0.0,0.0,0,0,0,0,0,0.0,0.0,0.0,0.0,0.0,0.0,0.0,0.0,0.0,0.0,0.0,0.0,0.0,0.0,20.887761439451154,3.2938325021991126,7.61972350099316,0.0,0.0,0.0,0.0,0.0,0.0,0.0,0.0,0.0,0.0,0.0,False,DISABLED,0,nan,nan,nan,nan,nan,nan,nan,nan,nan,nan,nan,nan,nan,nan,nan,nan,nan,nan,nan,nan,nan,nan,nan,nan,nan,nan,nan,nan,nan,nan,nan,nan,nan,nan,36.83685035267588,10.585812324224584,0.049663941187456706,0.09288374514388391,0.09288374514388391,0.09288374514388391,36.773979468133696,10.774817102430397,0.13053324599728955,0.06287088454218548,-0.1890047782058133,-0.08086930480983284,0.19918723429915255,0.21497767039432525,0.031091928482055664,False,DISABLED,none,MODEL_ORIGIN_FRAME_NOT_ESTABLISHED,nan,nan,nan,nan,nan,nan,nan,nan,nan,nan,nan,nan,nan,NOT_EVALUATED,nan,nan,nan,nan,DISABLED,nan,nan,nan,nan,nan,nan
1791471019.6361613,1791471019.6666837,1791471019.669749,1791471019.669771,front_rgbd_red_sphere,True,True,True,,28.452,28.452,1791471019.6666837,1791471019.6556768,1791471019.6361613,1791471019.6361613,1791471019.6361613,0.0,1791471018.632159,1791471019.6521692,1791471019.642524,1791471019.6521692,1791471019.642524,1791471019.6521692,1791471018.6281612,1791471019.6521692,1791471018.632159,1791471019.6521692,1791470991.1841614,GAZEBO_CLOCK_SYSTEM_INTERPOLATION,MAPPED_EXACT,0,28.452,1791471019.6361613,0.0027167797088623047,0.0,RGB,0.0,0,1,0,UNCALIBRATED,PREPARATION,FAR,STRAIGHT,1.0,37,1.0,22.274524688720703,0.3766854703426361,nan,nan,False,0.0,0.0,0.0,0.0,0,0,0,0,0,0.0,0.0,0.0,0.0,0.0,0.0,0.0,0.0,0.0,0.0,0.0,0.0,0.0,0.0,20.712834076529138,3.2827054907770474,7.507114739784901,0.0,0.0,0.0,0.0,0.0,0.0,0.0,0.0,0.0,0.0,0.0,False,DISABLED,0,nan,nan,nan,nan,nan,nan,nan,nan,nan,nan,nan,nan,nan,nan,nan,nan,nan,nan,nan,nan,nan,nan,nan,nan,nan,nan,nan,nan,nan,nan,nan,nan,nan,nan,36.98401786257716,10.454027132853518,0.0440957878773825,0.09165468076545315,0.09165468076545315,0.09165468076545315,36.930136426375554,10.63747080119586,0.12406813458228165,0.0538814362016069,-0.18344366834234194,-0.07997234670489915,0.19119306635451763,0.20724469802514026,0.03052234649658203,False,DISABLED,none,MODEL_ORIGIN_FRAME_NOT_ESTABLISHED,nan,nan,nan,nan,nan,nan,nan,nan,nan,nan,nan,nan,nan,NOT_EVALUATED,nan,nan,nan,nan,DISABLED,nan,nan,nan,nan,nan,nan
1791471019.6841607,1791471019.7134664,1791471019.7181137,1791471019.7181463,front_rgbd_red_sphere,True,True,True,,28.5,28.5,1791471019.7134664,1791471019.7015352,1791471019.6841607,1791471019.6841607,1791471019.6841607,0.0,1791471018.6921654,1791471019.692184,1791471019.682524,1791471019.692184,1791471019.682524,1791471019.692184,1791471018.6921654,1791471019.692184,1791471018.6921654,1791471019.692184,1791470991.1841607,GAZEBO_CLOCK_SYSTEM_INTERPOLATION,MAPPED_EXACT,0,28.5,1791471019.6841607,0.0016028881072998047,0.0,RGB,0.0,0,1,0,UNCALIBRATED,PREPARATION,FAR,STRAIGHT,1.0,36,1.0,22.09828758239746,0.3755975365638733,nan,nan,False,0.0,0.0,0.0,0.0,0,0,0,0,0,0.0,0.0,0.0,0.0,0.0,0.0,0.0,0.0,0.0,0.0,0.0,0.0,0.0,0.0,20.557785713960666,3.2845864960265416,7.411025134789103,0.0,0.0,0.0,0.0,0.0,0.0,0.0,0.0,0.0,0.0,0.0,False,DISABLED,0,nan,nan,nan,nan,nan,nan,nan,nan,nan,nan,nan,nan,nan,nan,nan,nan,nan,nan,nan,nan,nan,nan,nan,nan,nan,nan,nan,nan,nan,nan,nan,nan,nan,nan,37.13050894067566,10.321439649931035,0.038777466656849724,0.0905906971760047,0.0905906971760047,0.0905906971760047,37.073884207983625,10.510574450282284,0.11739502722657463,0.05662473269203616,-0.1891348003512494,-0.07861756056972491,0.1974293115430217,0.21250659727708665,0.029305696487426758,False,DISABLED,none,MODEL_ORIGIN_FRAME_NOT_ESTABLISHED,nan,nan,nan,nan,nan,nan,nan,nan,nan,nan,nan,nan,nan,NOT_EVALUATED,nan,nan,nan,nan,DISABLED,nan,nan,nan,nan,nan,nan
1791471019.7361574,1791471019.7639089,1791471019.7699187,1791471019.769947,front_rgbd_red_sphere,True,True,True,,28.552,28.552,1791471019.7639089,1791471019.7627501,1791471019.7361574,1791471019.7361574,1791471019.7361574,0.0,1791471018.7481835,1791471019.7481847,1791471019.738524,1791471019.7481847,1791471019.742524,1791471019.7521634,1791471018.7481835,1791471019.7481847,1791471018.7321916,1791471019.7521634,1791470991.1841574,GAZEBO_CLOCK_SYSTEM_INTERPOLATION,MAPPED_EXACT,0,28.552,1791471019.7361574,0.004043102264404297,0.0,RGB,0.0,0,1,0,UNCALIBRATED,PREPARATION,FAR,STRAIGHT,1.0,35,1.0,21.8971004486084,0.37409594655036926,nan,nan,False,0.0,0.0,0.0,0.0,0,0,0,0,0,0.0,0.0,0.0,0.0,0.0,0.0,0.0,0.0,0.0,0.0,0.0,0.0,0.0,0.0,20.382661566037303,3.270915236050815,7.302824146465666,0.0,0.0,0.0,0.0,0.0,0.0,0.0,0.0,0.0,0.0,0.0,False,DISABLED,0,nan,nan,nan,nan,nan,nan,nan,nan,nan,nan,nan,nan,nan,nan,nan,nan,nan,nan,nan,nan,nan,nan,nan,nan,nan,nan,nan,nan,nan,nan,nan,nan,nan,nan,37.275594188029494,10.189847066969445,0.03175961333748051,0.08938366308739357,0.08938366308739357,0.08938366308739357,37.229743470277946,10.372460020884288,0.1093717377591392,0.045850717751548586,-0.1826129539148429,-0.0776121244216587,0.18828111762956132,0.20365024211397278,0.027751445770263672,False,DISABLED,none,MODEL_ORIGIN_FRAME_NOT_ESTABLISHED,nan,nan,nan,nan,nan,nan,nan,nan,nan,nan,nan,nan,nan,NOT_EVALUATED,nan,nan,nan,nan,DISABLED,nan,nan,nan,nan,nan,nan
1791471019.784163,1791471019.8039868,1791471019.8093975,1791471019.8094313,front_rgbd_red_sphere,True,True,True,,28.6,28.6,1791471019.8039868,1791471019.8032618,1791471019.784163,1791471019.784163,1791471019.784163,0.0,1791471018.7921672,1791471019.7881758,1791471019.778524,1791471019.7881758,1791471019.7825239,1791471019.7922,1791471018.7721562,1791471019.7881758,1791471018.7921672,1791471019.7922,1791470991.184163,GAZEBO_CLOCK_SYSTEM_INTERPOLATION,MAPPED_EXACT,0,28.6,1791471019.784163,0.0041921138763427734,0.0,RGB,0.0,0,1,0,UNCALIBRATED,PREPARATION,FAR,STRAIGHT,1.0,37,1.0,21.722856521606445,0.37316015362739563,nan,nan,False,0.0,0.0,0.0,0.0,0,0,0,0,0,0.0,0.0,0.0,0.0,0.0,0.0,0.0,0.0,0.0,0.0,0.0,0.0,0.0,0.0,20.227888566527273,3.271706500332243,7.2118638619099595,0.0,0.0,0.0,0.0,0.0,0.0,0.0,0.0,0.0,0.0,0.0,False,DISABLED,0,nan,nan,nan,nan,nan,nan,nan,nan,nan,nan,nan,nan,nan,nan,nan,nan,nan,nan,nan,nan,nan,nan,nan,nan,nan,nan,nan,nan,nan,nan,nan,nan,nan,nan,37.42175034860638,10.056472527056812,0.024008501742220523,0.08834482329006543,0.08834482329006543,0.08834482329006543,37.37311402317435,10.244965154239631,0.10135162131851998,0.048636325432028116,-0.18849262718281956,-0.07734311957629945,0.19466628535473612,0.20946818565024453,0.019823789596557617,False,DISABLED,none,MODEL_ORIGIN_FRAME_NOT_ESTABLISHED,nan,nan,nan,nan,nan,nan,nan,nan,nan,nan,nan,nan,nan,NOT_EVALUATED,nan,nan,nan,nan,DISABLED,nan,nan,nan,nan,nan,nan
1791471019.8361614,1791471019.8648152,1791471019.8698838,1791471019.8699052,front_rgbd_red_sphere,True,True,True,,28.652,28.652,1791471019.8648152,1791471019.863264,1791471019.8361614,1791471019.8361614,1791471019.8361614,0.0,1791471018.8521578,1791471019.8521602,1791471019.8425238,1791471019.8521602,1791471019.8425238,1791471019.8521602,1791471018.8521578,1791471019.8521602,1791471018.8521578,1791471019.8521602,1791470991.1841614,GAZEBO_CLOCK_SYSTEM_INTERPOLATION,MAPPED_EXACT,0,28.652,1791471019.8361614,0.001153707504272461,0.0,RGB,0.0,0,1,0,UNCALIBRATED,PREPARATION,FAR,STRAIGHT,1.0,39,1.0,21.52435302734375,0.3718405067920685,nan,nan,False,0.0,0.0,0.0,0.0,0,0,0,0,0,0.0,0.0,0.0,0.0,0.0,0.0,0.0,0.0,0.0,0.0,0.0,0.0,0.0,0.0,20.053382633754374,3.2574324751002095,7.109762600800975,0.0,0.0,0.0,0.0,0.0,0.0,0.0,0.0,0.0,0.0,0.0,False,DISABLED,0,nan,nan,nan,nan,nan,nan,nan,nan,nan,nan,nan,nan,nan,nan,nan,nan,nan,nan,nan,nan,nan,nan,nan,nan,nan,nan,nan,nan,nan,nan,nan,nan,nan,nan,37.56721921127766,9.923373893364849,0.015187503524226875,0.08716873837971263,0.08716873837971263,0.08716873837971263,37.52842956284534,10.106341362101878,0.09198020379042061,0.03878964843232069,-0.1829674687370293,-0.07679270026619374,0.18703403818968042,0.20218518802254606,0.028653860092163086,False,DISABLED,none,MODEL_ORIGIN_FRAME_NOT_ESTABLISHED,nan,nan,nan,nan,nan,nan,nan,nan,nan,nan,nan,nan,nan,NOT_EVALUATED,nan,nan,nan,nan,DISABLED,nan,nan,nan,nan,nan,nan
1791471019.8841572,1791471019.9020188,1791471019.9056034,1791471019.9056265,front_rgbd_red_sphere,True,True,True,,28.7,28.7,1791471019.9020188,1791471019.9000404,1791471019.8841572,1791471019.8841572,1791471019.8841572,0.0,1791471018.8721561,1791471019.8922098,1791471019.882524,1791471019.8922098,1791471019.882524,1791471019.8922098,1791471018.868167,1791471019.8922098,1791471018.8721561,1791471019.8922098,1791470991.1841571,GAZEBO_CLOCK_SYSTEM_INTERPOLATION,MAPPED_EXACT,0,28.7,1791471019.8841572,0.0022292137145996094,0.0,RGB,0.0,0,1,0,UNCALIBRATED,PREPARATION,FAR,STRAIGHT,1.0,39,1.0,21.351360321044922,0.3710503876209259,nan,nan,False,0.0,0.0,0.0,0.0,0,0,0,0,0,0.0,0.0,0.0,0.0,0.0,0.0,0.0,0.0,0.0,0.0,0.0,0.0,0.0,0.0,19.898336708474197,3.2571292342641733,7.023383774951093,0.0,0.0,0.0,0.0,0.0,0.0,0.0,0.0,0.0,0.0,0.0,False,DISABLED,0,nan,nan,nan,nan,nan,nan,nan,nan,nan,nan,nan,nan,nan,nan,nan,nan,nan,nan,nan,nan,nan,nan,nan,nan,nan,nan,nan,nan,nan,nan,nan,nan,nan,nan,37.711716822086046,9.790016968382393,0.006428765700429884,0.08615023894048945,0.08615023894048945,0.08615023894048945,37.671389567531286,9.978313786158285,0.08281154861164697,0.04032725455476083,-0.18829681777589258,-0.07638278291121708,0.19256681709072354,0.20716251728948046,0.017861604690551758,False,DISABLED,none,MODEL_ORIGIN_FRAME_NOT_ESTABLISHED,nan,nan,nan,nan,nan,nan,nan,nan,nan,nan,nan,nan,nan,NOT_EVALUATED,nan,nan,nan,nan,DISABLED,nan,nan,nan,nan,nan,nan
1791471019.9361577,1791471019.9540005,1791471019.9628763,1791471019.9629087,front_rgbd_red_sphere,True,True,True,,28.752,28.752,1791471019.9540005,1791471019.9523823,1791471019.9361577,1791471019.9361577,1791471019.9361577,0.0,1791471018.9521658,1791471019.9481714,1791471019.938524,1791471019.9481714,1791471019.942524,1791471019.9521708,1791471018.948165,1791471019.9481714,1791471018.9521658,1791471019.9521708,1791470991.1841576,GAZEBO_CLOCK_SYSTEM_INTERPOLATION,MAPPED_EXACT,0,28.752,1791471019.9361577,0.0017821788787841797,0.0,RGB,0.0,0,1,0,UNCALIBRATED,PREPARATION,FAR,STRAIGHT,1.0,40,1.0,21.155054092407227,0.36979782581329346,nan,nan,False,0.0,0.0,0.0,0.0,0,0,0,0,0,0.0,0.0,0.0,0.0,0.0,0.0,0.0,0.0,0.0,0.0,0.0,0.0,0.0,0.0,19.72498157020865,3.2418595559031473,6.924721073079885,0.0,0.0,0.0,0.0,0.0,0.0,0.0,0.0,0.0,0.0,0.0,False,DISABLED,0,nan,nan,nan,nan,nan,nan,nan,nan,nan,nan,nan,nan,nan,nan,nan,nan,nan,nan,nan,nan,nan,nan,nan,nan,nan,nan,nan,nan,nan,nan,nan,nan,nan,nan,37.856962951137376,9.65660740129109,-0.0030148075124864504,0.08500171785972266,0.08500171785972266,0.08500171785972266,37.826172437038494,9.839212235106457,0.0723248090278928,0.030790514098882227,-0.18260483381536652,-0.07533961654037925,0.18518256152027676,0.1999215819056624,0.017842769622802734,False,DISABLED,none,MODEL_ORIGIN_FRAME_NOT_ESTABLISHED,nan,nan,nan,nan,nan,nan,nan,nan,nan,nan,nan,nan,nan,NOT_EVALUATED,nan,nan,nan,nan,DISABLED,nan,nan,nan,nan,nan,nan
1791471019.9841602,1791471020.0054774,1791471020.0095203,1791471020.0095553,front_rgbd_red_sphere,True,True,True,,28.8,28.8,1791471020.0054774,1791471020.00412,1791471019.9841602,1791471019.9841602,1791471019.9841602,0.0,1791471018.9921718,1791471019.988169,1791471019.978524,1791471019.988169,1791471019.982524,1791471019.9921749,1791471018.9721608,1791471019.988169,1791471018.9921718,1791471019.9921749,1791470991.1841602,GAZEBO_CLOCK_SYSTEM_INTERPOLATION,MAPPED_EXACT,0,28.8,1791471019.9841602,0.0016071796417236328,0.0,RGB,0.0,0,1,0,UNCALIBRATED,PREPARATION,FAR,STRAIGHT,1.0,40,1.0,20.984758377075195,0.369067907333374,nan,nan,False,0.0,0.0,0.0,0.0,0,0,0,0,0,0.0,0.0,0.0,0.0,0.0,0.0,0.0,0.0,0.0,0.0,0.0,0.0,0.0,0.0,19.57172911058613,3.23997059794128,6.841791712003756,0.0,0.0,0.0,0.0,0.0,0.0,0.0,0.0,0.0,0.0,0.0,False,DISABLED,0,nan,nan,nan,nan,nan,nan,nan,nan,nan,nan,nan,nan,nan,nan,nan,nan,nan,nan,nan,nan,nan,nan,nan,nan,nan,nan,nan,nan,nan,nan,nan,nan,nan,nan,38.00226639257167,9.522654486356792,-0.012720182445761397,0.08401162451665145,0.08401162451665145,0.08401162451665145,37.968778247493276,9.710637785043025,0.06223088133971855,0.03348814507839393,-0.1879832986862322,-0.07495106378547994,0.1909428617302798,0.20512639617641565,0.021317243576049805,False,DISABLED,none,MODEL_ORIGIN_FRAME_NOT_ESTABLISHED,nan,nan,nan,nan,nan,nan,nan,nan,nan,nan,nan,nan,nan,NOT_EVALUATED,nan,nan,nan,nan,DISABLED,nan,nan,nan,nan,nan,nan
1791471020.0361588,1791471020.0637643,1791471020.0678918,1791471020.067915,front_rgbd_red_sphere,True,True,True,,28.852,28.852,1791471020.0637643,1791471020.0630677,1791471020.0361588,1791471020.0361588,1791471020.0361588,0.0,1791471019.032161,1791471020.0521653,1791471020.0425239,1791471020.0521653,1791471020.0425239,1791471020.0521653,1791471019.028169,1791471020.0521653,1791471019.032161,1791471020.0521653,1791470991.1841588,GAZEBO_CLOCK_SYSTEM_INTERPOLATION,MAPPED_EXACT,0,28.852,1791471020.0361588,0.0038564205169677734,0.0,RGB,0.0,0,1,0,UNCALIBRATED,PREPARATION,FAR,STRAIGHT,1.0,39,1.0,20.790578842163086,0.3678707182407379,nan,nan,False,0.0,0.0,0.0,0.0,0,0,0,0,0,0.0,0.0,0.0,0.0,0.0,0.0,0.0,0.0,0.0,0.0,0.0,0.0,0.0,0.0,19.39958897734891,3.223831889885467,6.74618376806173,0.0,0.0,0.0,0.0,0.0,0.0,0.0,0.0,0.0,0.0,0.0,False,DISABLED,0,nan,nan,nan,nan,nan,nan,nan,nan,nan,nan,nan,nan,nan,nan,nan,nan,nan,nan,nan,nan,nan,nan,nan,nan,nan,nan,nan,nan,nan,nan,nan,nan,nan,nan,38.14731783249665,9.38981401221881,-0.022630979189345923,0.08288973904404705,0.08288973904404705,0.08288973904404705,38.12297881239027,9.571142859423162,0.050892272128544754,0.024339020106374676,-0.18132884720435172,-0.07352325131789067,0.18295501831925148,0.19717557458405277,0.027605533599853516,False,DISABLED,none,MODEL_ORIGIN_FRAME_NOT_ESTABLISHED,nan,nan,nan,nan,nan,nan,nan,nan,nan,nan,nan,nan,nan,NOT_EVALUATED,nan,nan,nan,nan,DISABLED,nan,nan,nan,nan,nan,nan
1791471020.0841606,1791471020.1024137,1791471020.1062486,1791471020.1062837,front_rgbd_red_sphere,True,True,True,,28.9,28.9,1791471020.1024137,1791471020.1009338,1791471020.0841606,1791471020.0841606,1791471020.0841606,0.0,1791471019.072156,1791471020.0921671,1791471020.0825238,1791471020.0921671,1791471020.0825238,1791471020.0921671,1791471019.0681596,1791471020.0921671,1791471019.072156,1791471020.0921671,1791470991.1841605,GAZEBO_CLOCK_SYSTEM_INTERPOLATION,MAPPED_EXACT,0,28.9,1791471020.0841606,0.0024423599243164062,0.0,RGB,0.0,0,1,0,UNCALIBRATED,PREPARATION,FAR,STRAIGHT,1.0,42,1.0,20.622501373291016,0.3671191930770874,nan,nan,False,0.0,0.0,0.0,0.0,0,0,0,0,0,0.0,0.0,0.0,0.0,0.0,0.0,0.0,0.0,0.0,0.0,0.0,0.0,0.0,0.0,19.248326393030023,3.2208723482756696,6.664496372521764,0.0,0.0,0.0,0.0,0.0,0.0,0.0,0.0,0.0,0.0,0.0,False,DISABLED,0,nan,nan,nan,nan,nan,nan,nan,nan,nan,nan,nan,nan,nan,nan,nan,nan,nan,nan,nan,nan,nan,nan,nan,nan,nan,nan,nan,nan,nan,nan,nan,nan,nan,nan,38.292633263283996,9.257189299174435,-0.03267398036477681,0.08192476356960907,0.08192476356960907,0.08192476356960907,38.26516114795945,9.44211945039849,0.04012768233585777,0.027472115324549407,-0.1849301512240551,-0.07280166270063458,0.18695956234479483,0.20063389555141026,0.018253087997436523,False,DISABLED,none,MODEL_ORIGIN_FRAME_NOT_ESTABLISHED,nan,nan,nan,nan,nan,nan,nan,nan,nan,nan,nan,nan,nan,NOT_EVALUATED,nan,nan,nan,nan,DISABLED,nan,nan,nan,nan,nan,nan
1791471020.1361578,1791471020.1651022,1791471020.1683702,1791471020.1683986,front_rgbd_red_sphere,True,True,True,,28.952,28.952,1791471020.1651022,1791471020.153753,1791471020.1361578,1791471020.1361578,1791471020.1361578,0.0,1791471019.1481843,1791471020.1481888,1791471020.1385238,1791471020.1481888,1791471020.142524,1791471020.1521704,1791471019.1481843,1791471020.1481888,1791471019.13216,1791471020.1521704,1791470991.1841578,GAZEBO_CLOCK_SYSTEM_INTERPOLATION,MAPPED_EXACT,0,28.952,1791471020.1361578,0.0011813640594482422,0.0,RGB,0.0,0,1,0,UNCALIBRATED,PREPARATION,FAR,STRAIGHT,1.0,41,1.0,20.43115234375,0.3658037781715393,nan,nan,False,0.0,0.0,0.0,0.0,0,0,0,0,0,0.0,0.0,0.0,0.0,0.0,0.0,0.0,0.0,0.0,0.0,0.0,0.0,0.0,0.0,19.079356863851796,3.2037979035088178,6.568546545327097,0.0,0.0,0.0,0.0,0.0,0.0,0.0,0.0,0.0,0.0,0.0,False,DISABLED,0,nan,nan,nan,nan,nan,nan,nan,nan,nan,nan,nan,nan,nan,nan,nan,nan,nan,nan,nan,nan,nan,nan,nan,nan,nan,nan,nan,nan,nan,nan,nan,nan,nan,nan,38.438024199183545,9.125137745126443,-0.04195399352990309,0.08083304193761842,0.08083304193761842,0.08083304193761842,38.4189592056988,9.302106409009914,0.028204650046168973,0.019064993484747106,-0.17696866388347132,-0.07015864357607206,0.17799264584042368,0.19132071827616792,0.02894449234008789,False,DISABLED,none,MODEL_ORIGIN_FRAME_NOT_ESTABLISHED,nan,nan,nan,nan,nan,nan,nan,nan,nan,nan,nan,nan,nan,NOT_EVALUATED,nan,nan,nan,nan,DISABLED,nan,nan,nan,nan,nan,nan
1791471020.1841605,1791471020.209104,1791471020.2149675,1791471020.2150013,front_rgbd_red_sphere,True,True,True,,29.0,29.0,1791471020.209104,1791471020.2079437,1791471020.1841605,1791471020.1841605,1791471020.1841605,0.0,1791471019.1881807,1791471020.1881902,1791471020.178524,1791471020.1881902,1791471020.182524,1791471020.1921666,1791471019.1881807,1791471020.1881902,1791471019.1721616,1791471020.1921666,1791470991.1841605,GAZEBO_CLOCK_SYSTEM_INTERPOLATION,MAPPED_EXACT,0,29.0,1791471020.1841605,0.0014376640319824219,0.0,RGB,0.0,0,1,0,UNCALIBRATED,PREPARATION,FAR,STRAIGHT,1.0,43,1.0,20.265121459960938,0.36493921279907227,nan,nan,False,0.0,0.0,0.0,0.0,0,0,0,0,0,0.0,0.0,0.0,0.0,0.0,0.0,0.0,0.0,0.0,0.0,0.0,0.0,0.0,0.0,18.93057071365595,3.200083210199832,6.485992027366166,0.0,0.0,0.0,0.0,0.0,0.0,0.0,0.0,0.0,0.0,0.0,False,DISABLED,0,nan,nan,nan,nan,nan,nan,nan,nan,nan,nan,nan,nan,nan,nan,nan,nan,nan,nan,nan,nan,nan,nan,nan,nan,nan,nan,nan,nan,nan,nan,nan,nan,nan,nan,38.58290237751069,8.991983140978073,-0.052580379594402815,0.07989170700700479,0.07989170700700479,0.07989170700700479,38.56078011169681,9.172611694192465,0.01703074381789336,0.022122265813884212,-0.18062855321439208,-0.06961112341229618,0.18197820990729804,0.19483782328846355,0.02494359016418457,False,DISABLED,none,MODEL_ORIGIN_FRAME_NOT_ESTABLISHED,nan,nan,nan,nan,nan,nan,nan,nan,nan,nan,nan,nan,nan,NOT_EVALUATED,nan,nan,nan,nan,DISABLED,nan,nan,nan,nan,nan,nan
1791471020.2361572,1791471020.2534,1791471020.2623706,1791471020.2623904,front_rgbd_red_sphere,True,True,True,,29.052,29.052,1791471020.2534,1791471020.2524655,1791471020.2361572,1791471020.2361572,1791471020.2361572,0.0,1791471019.2321606,1791471020.2521653,1791471020.242524,1791471020.2521653,1791471020.242524,1791471020.2521653,1791471019.228162,1791471020.2521653,1791471019.2321606,1791471020.2521653,1791470991.1841571,GAZEBO_CLOCK_SYSTEM_INTERPOLATION,MAPPED_EXACT,0,29.052,1791471020.2361572,0.0021867752075195312,0.0,RGB,0.0,0,1,0,UNCALIBRATED,PREPARATION,FAR,STRAIGHT,1.0,42,1.0,20.07541847229004,0.36353418231010437,nan,nan,False,0.0,0.0,0.0,0.0,0,0,0,0,0,0.0,0.0,0.0,0.0,0.0,0.0,0.0,0.0,0.0,0.0,0.0,0.0,0.0,0.0,18.76340933044809,3.1824221082252464,6.3897644757973815,0.0,0.0,0.0,0.0,0.0,0.0,0.0,0.0,0.0,0.0,0.0,False,DISABLED,0,nan,nan,nan,nan,nan,nan,nan,nan,nan,nan,nan,nan,nan,nan,nan,nan,nan,nan,nan,nan,nan,nan,nan,nan,nan,nan,nan,nan,nan,nan,nan,nan,nan,nan,38.727691670903596,8.85949271600789,-0.06341303936801784,0.07882291271427538,0.07882291271427538,0.07882291271427538,38.714180988607666,9.032111705255481,0.004817543335643522,0.01351068229593011,-0.17261898924759045,-0.06823058270366136,0.17314691445405922,0.1861055249073559,0.017242908477783203,False,DISABLED,none,MODEL_ORIGIN_FRAME_NOT_ESTABLISHED,nan,nan,nan,nan,nan,nan,nan,nan,nan,nan,nan,nan,nan,NOT_EVALUATED,nan,nan,nan,nan,DISABLED,nan,nan,nan,nan,nan,nan
1791471020.284161,1791471020.3144555,1791471020.3209488,1791471020.3209918,front_rgbd_red_sphere,True,True,True,,29.1,29.1,1791471020.3144555,1791471020.3029451,1791471020.284161,1791471020.284161,1791471020.284161,0.0,1791471019.2921722,1791471020.2921743,1791471020.2825239,1791471020.2921743,1791471020.2825239,1791471020.2921743,1791471019.2921722,1791471020.2921743,1791471019.2921722,1791471020.2921743,1791470991.1841612,GAZEBO_CLOCK_SYSTEM_INTERPOLATION,MAPPED_EXACT,0,29.1,1791471020.284161,0.0026845932006835938,0.0,RGB,0.0,0,1,0,UNCALIBRATED,PREPARATION,FAR,STRAIGHT,1.0,44,1.0,19.912141799926758,0.36264148354530334,nan,nan,False,0.0,0.0,0.0,0.0,0,0,0,0,0,0.0,0.0,0.0,0.0,0.0,0.0,0.0,0.0,0.0,0.0,0.0,0.0,0.0,0.0,18.617116190117226,3.1783977866336883,6.308260791505379,0.0,0.0,0.0,0.0,0.0,0.0,0.0,0.0,0.0,0.0,0.0,False,DISABLED,0,nan,nan,nan,nan,nan,nan,nan,nan,nan,nan,nan,nan,nan,nan,nan,nan,nan,nan,nan,nan,nan,nan,nan,nan,nan,nan,nan,nan,nan,nan,nan,nan,nan,nan,38.87278992400229,8.727045390803776,-0.07422157500933574,0.07790876470746408,0.07790876470746408,0.07790876470746408,38.85557701397538,8.902237140468364,-0.006484339572526105,0.017212910026913164,-0.17519174966458806,-0.06773723543680964,0.17603531867819677,0.18861804390555023,0.030294418334960938,False,DISABLED,none,MODEL_ORIGIN_FRAME_NOT_ESTABLISHED,nan,nan,nan,nan,nan,nan,nan,nan,nan,nan,nan,nan,nan,NOT_EVALUATED,nan,nan,nan,nan,DISABLED,nan,nan,nan,nan,nan,nan
1791471020.3361611,1791471020.3544543,1791471020.3616023,1791471020.3616252,front_rgbd_red_sphere,True,True,True,,29.152,29.152,1791471020.3544543,1791471020.3536344,1791471020.3361611,1791471020.3361611,1791471020.3361611,0.0,1791471019.352164,1791471020.3481836,1791471020.3385239,1791471020.3481836,1791471020.3425238,1791471020.35217,1791471019.3321612,1791471020.3481836,1791471019.352164,1791471020.35217,1791470991.1841612,GAZEBO_CLOCK_SYSTEM_INTERPOLATION,MAPPED_EXACT,0,29.152,1791471020.3361611,0.0019872188568115234,0.0,RGB,0.0,0,1,0,UNCALIBRATED,PREPARATION,FAR,STRAIGHT,1.0,43,1.0,19.725210189819336,0.36115533113479614,nan,nan,False,0.0,0.0,0.0,0.0,0,0,0,0,0,0.0,0.0,0.0,0.0,0.0,0.0,0.0,0.0,0.0,0.0,0.0,0.0,0.0,0.0,18.45272148363162,3.1606609565351604,6.2121832700284045,0.0,0.0,0.0,0.0,0.0,0.0,0.0,0.0,0.0,0.0,0.0,False,DISABLED,0,nan,nan,nan,nan,nan,nan,nan,nan,nan,nan,nan,nan,nan,nan,nan,nan,nan,nan,nan,nan,nan,nan,nan,nan,nan,nan,nan,nan,nan,nan,nan,nan,nan,nan,39.01764818508798,8.59406280083986,-0.08467891959733448,0.07686872966308379,0.07686872966308379,0.07686872966308379,39.00854996918313,8.76131416713176,-0.018683169961467624,0.009098215904849383,-0.16725136629190018,-0.06599574963586685,0.16749864793232994,0.18003120848663612,0.018293142318725586,False,DISABLED,none,MODEL_ORIGIN_FRAME_NOT_ESTABLISHED,nan,nan,nan,nan,nan,nan,nan,nan,nan,nan,nan,nan,nan,NOT_EVALUATED,nan,nan,nan,nan,DISABLED,nan,nan,nan,nan,nan,nan
1791471020.3841608,1791471020.413001,1791471020.4181051,1791471020.4181263,front_rgbd_red_sphere,True,True,True,,29.2,29.2,1791471020.413001,1791471020.4018528,1791471020.3841608,1791471020.3841608,1791471020.3841608,0.0,1791471019.3921645,1791471020.3881743,1791471020.3785238,1791471020.3881743,1791471020.382524,1791471020.3921833,1791471019.3881652,1791471020.3881743,1791471019.3921645,1791471020.3921833,1791470991.1841607,GAZEBO_CLOCK_SYSTEM_INTERPOLATION,MAPPED_EXACT,0,29.2,1791471020.3841608,0.001220703125,0.0,RGB,0.0,0,1,0,UNCALIBRATED,PREPARATION,FAR,STRAIGHT,1.0,48,1.0,19.564300537109375,0.3601991832256317,nan,nan,False,0.0,0.0,0.0,0.0,0,0,0,0,0,0.0,0.0,0.0,0.0,0.0,0.0,0.0,0.0,0.0,0.0,0.0,0.0,0.0,0.0,18.30879297243791,3.155719495408718,6.131179687304289,0.0,0.0,0.0,0.0,0.0,0.0,0.0,0.0,0.0,0.0,0.0,False,DISABLED,0,nan,nan,nan,nan,nan,nan,nan,nan,nan,nan,nan,nan,nan,nan,nan,nan,nan,nan,nan,nan,nan,nan,nan,nan,nan,nan,nan,nan,nan,nan,nan,nan,nan,nan,39.16266160301514,8.460907188375744,-0.09552532124387086,0.07597906281630266,0.07597906281630266,0.07597906281630266,39.14953245866515,8.631082164475139,-0.029834522861871382,0.01312914434998902,-0.17017497609939447,-0.06569079838199948,0.17068068702050718,0.18288569630743906,0.028840303421020508,False,DISABLED,none,MODEL_ORIGIN_FRAME_NOT_ESTABLISHED,nan,nan,nan,nan,nan,nan,nan,nan,nan,nan,nan,nan,nan,NOT_EVALUATED,nan,nan,nan,nan,DISABLED,nan,nan,nan,nan,nan,nan
1791471020.436158,1791471020.4548862,1791471020.46264,1791471020.4626777,front_rgbd_red_sphere,True,True,True,,29.252,29.252,1791471020.4548862,1791471020.4531128,1791471020.436158,1791471020.436158,1791471020.436158,0.0,1791471019.4321616,1791471020.4521677,1791471020.442524,1791471020.4521677,1791471020.442524,1791471020.4521677,1791471019.4281597,1791471020.4521677,1791471019.4321616,1791471020.4521677,1791470991.1841578,GAZEBO_CLOCK_SYSTEM_INTERPOLATION,MAPPED_EXACT,0,29.252,1791471020.436158,0.0019714832305908203,0.0,RGB,0.0,0,1,0,UNCALIBRATED,PREPARATION,FAR,STRAIGHT,1.0,48,1.0,19.379850387573242,0.3586690127849579,nan,nan,False,0.0,0.0,0.0,0.0,0,0,0,0,0,0.0,0.0,0.0,0.0,0.0,0.0,0.0,0.0,0.0,0.0,0.0,0.0,0.0,0.0,18.146610813242045,3.1372965068705625,6.036263540747557,0.0,0.0,0.0,0.0,0.0,0.0,0.0,0.0,0.0,0.0,0.0,False,DISABLED,0,nan,nan,nan,nan,nan,nan,nan,nan,nan,nan,nan,nan,nan,nan,nan,nan,nan,nan,nan,nan,nan,nan,nan,nan,nan,nan,nan,nan,nan,nan,nan,nan,nan,nan,39.307457522260805,8.327149688043137,-0.10596452162349562,0.07496561929313086,0.07496561929313086,0.07496561929313086,39.302177839138075,8.489678128185561,-0.04172521140146773,0.00527968312272975,-0.16252844014242385,-0.06423931022202789,0.16261417191931915,0.17484295206501127,0.018728256225585938,False,DISABLED,none,MODEL_ORIGIN_FRAME_NOT_ESTABLISHED,nan,nan,nan,nan,nan,nan,nan,nan,nan,nan,nan,nan,nan,NOT_EVALUATED,nan,nan,nan,nan,DISABLED,nan,nan,nan,nan,nan,nan
1791471020.48416,1791471020.50136,1791471020.5068643,1791471020.506897,front_rgbd_red_sphere,True,True,True,,29.3,29.3,1791471020.50136,1791471020.4998627,1791471020.48416,1791471020.48416,1791471020.48416,0.0,1791471019.492172,1791471020.4921787,1791471020.482524,1791471020.4921787,1791471020.482524,1791471020.4921787,1791471019.492172,1791471020.4921787,1791471019.492172,1791471020.4921787,1791470991.18416,GAZEBO_CLOCK_SYSTEM_INTERPOLATION,MAPPED_EXACT,0,29.3,1791471020.48416,0.0015330314636230469,0.0,RGB,0.0,0,1,0,UNCALIBRATED,PREPARATION,FAR,STRAIGHT,1.0,46,1.0,19.221342086791992,0.3576928675174713,nan,nan,False,0.0,0.0,0.0,0.0,0,0,0,0,0,0.0,0.0,0.0,0.0,0.0,0.0,0.0,0.0,0.0,0.0,0.0,0.0,0.0,0.0,18.00476807408038,3.132158412367019,5.956335846101696,0.0,0.0,0.0,0.0,0.0,0.0,0.0,0.0,0.0,0.0,0.0,False,DISABLED,0,nan,nan,nan,nan,nan,nan,nan,nan,nan,nan,nan,nan,nan,nan,nan,nan,nan,nan,nan,nan,nan,nan,nan,nan,nan,nan,nan,nan,nan,nan,nan,nan,nan,nan,39.45204423334273,8.192904839731028,-0.1161915617563522,0.07410015143122313,0.07410015143122313,0.07410015143122313,39.44276039384329,8.35910813851397,-0.05245165918915662,0.00928383949944589,-0.16620329878294093,-0.06373990256719558,0.1664623867490281,0.1782484260279978,0.017199993133544922,False,DISABLED,none,MODEL_ORIGIN_FRAME_NOT_ESTABLISHED,nan,nan,nan,nan,nan,nan,nan,nan,nan,nan,nan,nan,nan,NOT_EVALUATED,nan,nan,nan,nan,DISABLED,nan,nan,nan,nan,nan,nan
1791471020.5361629,1791471020.5589585,1791471020.5660994,1791471020.5661213,front_rgbd_red_sphere,True,True,True,,29.352,29.352,1791471020.5589585,1791471020.5571184,1791471020.5361629,1791471020.5361629,1791471020.5361629,0.0,1791471019.5481706,1791471020.5481737,1791471020.538554,1791471020.5481737,1791471020.542554,1791471020.5521634,1791471019.5481706,1791471020.5481737,1791471019.5321887,1791471020.5521634,1791470991.1841629,GAZEBO_CLOCK_SYSTEM_INTERPOLATION,MAPPED_EXACT,0,29.352,1791471020.5361629,0.001657724380493164,0.0,RGB,0.0,0,1,0,UNCALIBRATED,PREPARATION,FAR,STRAIGHT,1.0,46,1.0,19.03929328918457,0.3561321794986725,nan,nan,False,0.0,0.0,0.0,0.0,0,0,0,0,0,0.0,0.0,0.0,0.0,0.0,0.0,0.0,0.0,0.0,0.0,0.0,0.0,0.0,0.0,17.8446224044248,3.1127306802941312,5.863023630262244,0.0,0.0,0.0,0.0,0.0,0.0,0.0,0.0,0.0,0.0,0.0,False,DISABLED,0,nan,nan,nan,nan,nan,nan,nan,nan,nan,nan,nan,nan,nan,nan,nan,nan,nan,nan,nan,nan,nan,nan,nan,nan,nan,nan,nan,nan,nan,nan,nan,nan,nan,nan,39.59632542772924,8.058362810285765,-0.12613086717890448,0.07311233789966035,0.07311233789966035,0.07311233789966035,39.59500062915719,8.217328577753069,-0.06373438471893147,0.0013247985720497013,-0.15896576746730418,-0.06239648245997301,0.15897128771487487,0.17077819340039654,0.022795677185058594,False,DISABLED,none,MODEL_ORIGIN_FRAME_NOT_ESTABLISHED,nan,nan,nan,nan,nan,nan,nan,nan,nan,nan,nan,nan,nan,NOT_EVALUATED,nan,nan,nan,nan,DISABLED,nan,nan,nan,nan,nan,nan
1791471020.5841596,1791471020.6046884,1791471020.610036,1791471020.6100564,front_rgbd_red_sphere,True,True,True,,29.4,29.4,1791471020.6046884,1791471020.6025805,1791471020.5841596,1791471020.5841596,1791471020.5841596,0.0,1791471019.5721583,1791471020.588168,1791471020.578554,1791471020.588168,1791471020.5825539,1791471020.5921652,1791471019.5721583,1791471020.588168,1791471019.5721583,1791471020.5921652,1791470991.1841595,GAZEBO_CLOCK_SYSTEM_INTERPOLATION,MAPPED_EXACT,0,29.4,1791471020.5841596,0.001001596450805664,0.0,RGB,0.0,0,1,0,UNCALIBRATED,PREPARATION,FAR,STRAIGHT,1.0,48,1.0,18.884300231933594,0.3551309108734131,nan,nan,False,0.0,0.0,0.0,0.0,0,0,0,0,0,0.0,0.0,0.0,0.0,0.0,0.0,0.0,0.0,0.0,0.0,0.0,0.0,0.0,0.0,17.70593829833113,3.106295761256554,5.785107650243406,0.0,0.0,0.0,0.0,0.0,0.0,0.0,0.0,0.0,0.0,0.0,False,DISABLED,0,nan,nan,nan,nan,nan,nan,nan,nan,nan,nan,nan,nan,nan,nan,nan,nan,nan,nan,nan,nan,nan,nan,nan,nan,nan,nan,nan,nan,nan,nan,nan,nan,nan,nan,39.74149969112044,7.922838993688196,-0.13537521298622485,0.07227655984707408,0.07227655984707408,0.07227655984707408,39.73535415044698,8.086291939050351,-0.07378317115800677,0.006145540673458072,-0.16345294536215516,-0.06159204182821808,0.16356843527322992,0.17478046983087603,0.020528793334960938,False,DISABLED,none,MODEL_ORIGIN_FRAME_NOT_ESTABLISHED,nan,nan,nan,nan,nan,nan,nan,nan,nan,nan,nan,nan,nan,NOT_EVALUATED,nan,nan,nan,nan,DISABLED,nan,nan,nan,nan,nan,nan
1791471020.6361659,1791471020.6580794,1791471020.662236,1791471020.6622572,front_rgbd_red_sphere,True,True,True,,29.452,29.452,1791471020.6580794,1791471020.6566625,1791471020.6361659,1791471020.6361659,1791471020.6361659,0.0,1791471019.6321623,1791471020.6521618,1791471020.6425538,1791471020.6521618,1791471020.6425538,1791471020.6521618,1791471019.6281674,1791471020.6521618,1791471019.6321623,1791471020.6521618,1791470991.184166,GAZEBO_CLOCK_SYSTEM_INTERPOLATION,MAPPED_EXACT,0,29.452,1791471020.6361659,0.0030171871185302734,0.0,RGB,0.0,0,1,0,UNCALIBRATED,PREPARATION,FAR,STRAIGHT,1.0,51,1.0,18.705047607421875,0.3535371720790863,nan,nan,False,0.0,0.0,0.0,0.0,0,0,0,0,0,0.0,0.0,0.0,0.0,0.0,0.0,0.0,0.0,0.0,0.0,0.0,0.0,0.0,0.0,17.548213523794374,3.086313494880777,5.693298133236995,0.0,0.0,0.0,0.0,0.0,0.0,0.0,0.0,0.0,0.0,0.0,False,DISABLED,0,nan,nan,nan,nan,nan,nan,nan,nan,nan,nan,nan,nan,nan,nan,nan,nan,nan,nan,nan,nan,nan,nan,nan,nan,nan,nan,nan,nan,nan,nan,nan,nan,nan,nan,39.88583589390905,7.7869588070608975,-0.14448637176491091,0.0713159519891788,0.0713159519891788,0.0713159519891788,39.88720457156913,7.944155448393596,-0.08418029658683729,-0.001368677660082085,-0.15719664133269884,-0.060306075178073626,0.15720259961215136,0.1683730383054301,0.021913528442382812,False,DISABLED,none,MODEL_ORIGIN_FRAME_NOT_ESTABLISHED,nan,nan,nan,nan,nan,nan,nan,nan,nan,nan,nan,nan,nan,NOT_EVALUATED,nan,nan,nan,nan,DISABLED,nan,nan,nan,nan,nan,nan
1791471020.6841595,1791471020.7042198,1791471020.7098618,1791471020.7098846,front_rgbd_red_sphere,True,True,True,,29.5,29.5,1791471020.7042198,1791471020.7022042,1791471020.6841595,1791471020.6841595,1791471020.6841595,0.0,1791471019.6721637,1791471020.6921663,1791471020.682554,1791471020.6921663,1791471020.682554,1791471020.6921663,1791471019.6681647,1791471020.6921663,1791471019.6721637,1791471020.6921663,1791470991.1841595,GAZEBO_CLOCK_SYSTEM_INTERPOLATION,MAPPED_EXACT,0,29.5,1791471020.6841595,0.0004241466522216797,0.0,RGB,0.0,0,1,0,UNCALIBRATED,PREPARATION,FAR,STRAIGHT,1.0,50,1.0,18.5520076751709,0.35252928733825684,nan,nan,False,0.0,0.0,0.0,0.0,0,0,0,0,0,0.0,0.0,0.0,0.0,0.0,0.0,0.0,0.0,0.0,0.0,0.0,0.0,0.0,0.0,17.41110332570734,3.0790188042452336,5.616945957585033,0.0,0.0,0.0,0.0,0.0,0.0,0.0,0.0,0.0,0.0,0.0,False,DISABLED,0,nan,nan,nan,nan,nan,nan,nan,nan,nan,nan,nan,nan,nan,nan,nan,nan,nan,nan,nan,nan,nan,nan,nan,nan,nan,nan,nan,nan,nan,nan,nan,nan,nan,nan,40.03024653302105,7.65126787037103,-0.15302663848166714,0.07050090671088616,0.07050090671088616,0.07050090671088616,40.02720443716388,7.812798070384612,-0.09329377750920183,0.003042095857168192,-0.16153020001358165,-0.059732860972465315,0.1615588433470353,0.1722477127383344,0.020060300827026367,False,DISABLED,none,MODEL_ORIGIN_FRAME_NOT_ESTABLISHED,nan,nan,nan,nan,nan,nan,nan,nan,nan,nan,nan,nan,nan,NOT_EVALUATED,nan,nan,nan,nan,DISABLED,nan,nan,nan,nan,nan,nan
1791471020.7361572,1791471020.768389,1791471020.7736757,1791471020.7736957,front_rgbd_red_sphere,True,True,True,,29.552,29.552,1791471020.768389,1791471020.7671704,1791471020.7361572,1791471020.7361572,1791471020.7361572,0.0,1791471019.7521634,1791471020.7481682,1791471020.738554,1791471020.7481682,1791471020.742554,1791471020.7521734,1791471019.732162,1791471020.7481682,1791471019.7521634,1791471020.7521734,1791470991.1841571,GAZEBO_CLOCK_SYSTEM_INTERPOLATION,MAPPED_EXACT,0,29.552,1791471020.7361572,0.0007007122039794922,0.0,RGB,0.0,0,1,0,UNCALIBRATED,PREPARATION,FAR,STRAIGHT,1.0,51,1.0,18.375999450683594,0.35090383887290955,nan,nan,False,0.0,0.0,0.0,0.0,0,0,0,0,0,0.0,0.0,0.0,0.0,0.0,0.0,0.0,0.0,0.0,0.0,0.0,0.0,0.0,0.0,17.25621083296884,3.058659228607997,5.526768416324135,0.0,0.0,0.0,0.0,0.0,0.0,0.0,0.0,0.0,0.0,0.0,False,DISABLED,0,nan,nan,nan,nan,nan,nan,nan,nan,nan,nan,nan,nan,nan,nan,nan,nan,nan,nan,nan,nan,nan,nan,nan,nan,nan,nan,nan,nan,nan,nan,nan,nan,nan,nan,40.17475581768686,7.515202442006231,-0.16037888208952017,0.0695693378463489,0.0695693378463489,0.0695693378463489,40.17867557280619,7.6703270985767995,-0.10254955145679179,-0.003919755119333956,-0.1551246565705684,-0.05782933063272838,0.15517417167922093,0.1655996830847262,0.032231807708740234,False,DISABLED,none,MODEL_ORIGIN_FRAME_NOT_ESTABLISHED,nan,nan,nan,nan,nan,nan,nan,nan,nan,nan,nan,nan,nan,NOT_EVALUATED,nan,nan,nan,nan,DISABLED,nan,nan,nan,nan,nan,nan
1791471020.7841597,1791471020.8040535,1791471020.8094287,1791471020.8094678,front_rgbd_red_sphere,True,True,True,,29.6,29.6,1791471020.8040535,1791471020.8023584,1791471020.7841597,1791471020.7841597,1791471020.7841597,0.0,1791471019.7721593,1791471020.7881749,1791471020.778554,1791471020.7881749,1791471020.782554,1791471020.7921731,1791471019.7721593,1791471020.7881749,1791471019.7721593,1791471020.7921731,1791470991.1841598,GAZEBO_CLOCK_SYSTEM_INTERPOLATION,MAPPED_EXACT,0,29.6,1791471020.7841597,0.0040814876556396484,0.0,RGB,0.0,0,1,0,UNCALIBRATED,PREPARATION,FAR,STRAIGHT,1.0,52,1.0,18.225675582885742,0.3498245179653168,nan,nan,False,0.0,0.0,0.0,0.0,0,0,0,0,0,0.0,0.0,0.0,0.0,0.0,0.0,0.0,0.0,0.0,0.0,0.0,0.0,0.0,0.0,17.121798394464033,3.051182684166111,5.450646232125305,0.0,0.0,0.0,0.0,0.0,0.0,0.0,0.0,0.0,0.0,0.0,False,DISABLED,0,nan,nan,nan,nan,nan,nan,nan,nan,nan,nan,nan,nan,nan,nan,nan,nan,nan,nan,nan,nan,nan,nan,nan,nan,nan,nan,nan,nan,nan,nan,nan,nan,nan,nan,40.31886656141607,7.37842848059768,-0.16747006061656483,0.06877860452857688,0.06877860452857688,0.06877860452857688,40.318465997001205,7.538542403776138,-0.11051099912524757,0.0004005644148676879,-0.16011392317845807,-0.056959061491317256,0.16011442423294545,0.16994400116926542,0.019893884658813477,False,DISABLED,none,MODEL_ORIGIN_FRAME_NOT_ESTABLISHED,nan,nan,nan,nan,nan,nan,nan,nan,nan,nan,nan,nan,nan,NOT_EVALUATED,nan,nan,nan,nan,DISABLED,nan,nan,nan,nan,nan,nan
1791471020.836161,1791471020.8680592,1791471020.8735583,1791471020.8735902,front_rgbd_red_sphere,True,True,True,,29.652,29.652,1791471020.8680592,1791471020.8668458,1791471020.836161,1791471020.836161,1791471020.836161,0.0,1791471019.8521602,1791471020.8521729,1791471020.8425539,1791471020.8521729,1791471020.8425539,1791471020.8521729,1791471019.8521602,1791471020.8521729,1791471019.8521602,1791471020.8521729,1791470991.184161,GAZEBO_CLOCK_SYSTEM_INTERPOLATION,MAPPED_EXACT,0,29.652,1791471020.836161,0.0003821849822998047,0.0,RGB,0.0,0,1,0,UNCALIBRATED,PREPARATION,FAR,STRAIGHT,1.0,52,1.0,18.0523738861084,0.34817180037498474,nan,nan,False,0.0,0.0,0.0,0.0,0,0,0,0,0,0.0,0.0,0.0,0.0,0.0,0.0,0.0,0.0,0.0,0.0,0.0,0.0,0.0,0.0,16.969196210450594,3.0309230481392504,5.361725947237806,0.0,0.0,0.0,0.0,0.0,0.0,0.0,0.0,0.0,0.0,0.0,False,DISABLED,0,nan,nan,nan,nan,nan,nan,nan,nan,nan,nan,nan,nan,nan,nan,nan,nan,nan,nan,nan,nan,nan,nan,nan,nan,nan,nan,nan,nan,nan,nan,nan,nan,nan,nan,40.46331468706214,7.241637216625298,-0.17409695867219183,0.06787262092916709,0.06787262092916709,0.06787262092916709,40.46968338132804,7.395649661969926,-0.11840352537382297,-0.006368694265901809,-0.15401244534462766,-0.05569343329836886,0.15414406763701435,0.16389677269624414,0.03189826011657715,False,DISABLED,none,MODEL_ORIGIN_FRAME_NOT_ESTABLISHED,nan,nan,nan,nan,nan,nan,nan,nan,nan,nan,nan,nan,nan,NOT_EVALUATED,nan,nan,nan,nan,DISABLED,nan,nan,nan,nan,nan,nan
1791471020.8841639,1791471020.9048197,1791471020.908405,1791471020.908515,front_rgbd_red_sphere,True,True,True,,29.7,29.7,1791471020.9048197,1791471020.9037862,1791471020.8841639,1791471020.8841639,1791471020.8841639,0.0,1791471019.872161,1791471020.8922048,1791471020.8825538,1791471020.8922048,1791471020.8825538,1791471020.8922048,1791471019.8681657,1791471020.8922048,1791471019.872161,1791471020.8922048,1791470991.1841638,GAZEBO_CLOCK_SYSTEM_INTERPOLATION,MAPPED_EXACT,0,29.7,1791471020.8841639,0.0010595321655273438,0.0,RGB,0.0,0,1,0,UNCALIBRATED,PREPARATION,FAR,STRAIGHT,1.0,54,1.0,17.9044189453125,0.3470640480518341,nan,nan,False,0.0,0.0,0.0,0.0,0,0,0,0,0,0.0,0.0,0.0,0.0,0.0,0.0,0.0,0.0,0.0,0.0,0.0,0.0,0.0,0.0,16.83687498548073,3.023944744351194,5.286172394344883,0.0,0.0,0.0,0.0,0.0,0.0,0.0,0.0,0.0,0.0,0.0,False,DISABLED,0,nan,nan,nan,nan,nan,nan,nan,nan,nan,nan,nan,nan,nan,nan,nan,nan,nan,nan,nan,nan,nan,nan,nan,nan,nan,nan,nan,nan,nan,nan,nan,nan,nan,nan,40.6068339812614,7.105350783009347,-0.17940043221340835,0.0671038923653439,0.0671038923653439,0.0671038923653439,40.60908650734355,7.2636335388604945,-0.12500560819316694,-0.002252526082145323,-0.1582827558511477,-0.0543948240202414,0.15829878291883603,0.16738369560317937,0.02065587043762207,False,DISABLED,none,MODEL_ORIGIN_FRAME_NOT_ESTABLISHED,nan,nan,nan,nan,nan,nan,nan,nan,nan,nan,nan,nan,nan,NOT_EVALUATED,nan,nan,nan,nan,DISABLED,nan,nan,nan,nan,nan,nan
1791471020.9361575,1791471020.9536357,1791471020.962148,1791471020.9621675,front_rgbd_red_sphere,True,True,True,,29.752,29.752,1791471020.9536357,1791471020.9527483,1791471020.9361575,1791471020.9361575,1791471020.9361575,0.0,1791471019.9521708,1791471020.9481616,1791471020.9385538,1791471020.9481616,1791471020.942554,1791471020.9521716,1791471019.93216,1791471020.9481616,1791471019.9521708,1791471020.9521716,1791470991.1841574,GAZEBO_CLOCK_SYSTEM_INTERPOLATION,MAPPED_EXACT,0,29.752,1791471020.9361575,0.002190113067626953,0.0,RGB,0.0,0,1,0,UNCALIBRATED,PREPARATION,FAR,STRAIGHT,1.0,56,1.0,17.734413146972656,0.3452778160572052,nan,nan,False,0.0,0.0,0.0,0.0,0,0,0,0,0,0.0,0.0,0.0,0.0,0.0,0.0,0.0,0.0,0.0,0.0,0.0,0.0,0.0,0.0,16.687753992816482,3.0046523780284886,5.196185475633399,0.0,0.0,0.0,0.0,0.0,0.0,0.0,0.0,0.0,0.0,0.0,False,DISABLED,0,nan,nan,nan,nan,nan,nan,nan,nan,nan,nan,nan,nan,nan,nan,nan,nan,nan,nan,nan,nan,nan,nan,nan,nan,nan,nan,nan,nan,nan,nan,nan,nan,nan,nan,40.75155558429051,6.969373313598257,-0.18336700510035525,0.06622600244699256,0.06622600244699256,0.06622600244699256,40.75988398177676,7.120506745902005,-0.13133192497763524,-0.00832839748625247,-0.1511334323037481,-0.05203508012272001,0.15136273175587386,0.1600572589043637,0.017478227615356445,False,DISABLED,none,MODEL_ORIGIN_FRAME_NOT_ESTABLISHED,nan,nan,nan,nan,nan,nan,nan,nan,nan,nan,nan,nan,nan,NOT_EVALUATED,nan,nan,nan,nan,DISABLED,nan,nan,nan,nan,nan,nan
1791471020.9841616,1791471021.002483,1791471021.0057774,1791471021.0057995,front_rgbd_red_sphere,True,True,True,,29.8,29.8,1791471021.002483,1791471021.0015883,1791471020.9841616,1791471020.9841616,1791471020.9841616,0.0,1791471019.988169,1791471020.9881718,1791471020.978554,1791471020.9881718,1791471020.982554,1791471020.9921663,1791471019.988169,1791471020.9881718,1791471019.972158,1791471020.9921663,1791470991.1841617,GAZEBO_CLOCK_SYSTEM_INTERPOLATION,MAPPED_EXACT,0,29.8,1791471020.9841616,0.0025386810302734375,0.0,RGB,0.0,0,1,0,UNCALIBRATED,PREPARATION,FAR,STRAIGHT,1.0,56,1.0,17.589521408081055,0.34402546286582947,nan,nan,False,0.0,0.0,0.0,0.0,0,0,0,0,0,0.0,0.0,0.0,0.0,0.0,0.0,0.0,0.0,0.0,0.0,0.0,0.0,0.0,0.0,16.558856949032233,2.9980004215433027,5.119330163661271,0.0,0.0,0.0,0.0,0.0,0.0,0.0,0.0,0.0,0.0,0.0,False,DISABLED,0,nan,nan,nan,nan,nan,nan,nan,nan,nan,nan,nan,nan,nan,nan,nan,nan,nan,nan,nan,nan,nan,nan,nan,nan,nan,nan,nan,nan,nan,nan,nan,nan,nan,nan,40.895250481436065,6.832810545938463,-0.18732683220586027,0.06548236465499396,0.06548236465499396,0.06548236465499396,40.89903373160043,6.988160790217811,-0.136419297847845,-0.0037832501643677574,-0.15535024427934818,-0.05090753435801526,0.15539630426576861,0.1635224401538573,0.01832127571105957,False,DISABLED,none,MODEL_ORIGIN_FRAME_NOT_ESTABLISHED,nan,nan,nan,nan,nan,nan,nan,nan,nan,nan,nan,nan,nan,NOT_EVALUATED,nan,nan,nan,nan,DISABLED,nan,nan,nan,nan,nan,nan
1791471021.0361624,1791471021.055876,1791471021.0632534,1791471021.0632741,front_rgbd_red_sphere,True,True,True,,29.852,29.852,1791471021.055876,1791471021.054652,1791471021.0361624,1791471021.0361624,1791471021.0361624,0.0,1791471020.0521653,1791471021.0521722,1791471021.042554,1791471021.0521722,1791471021.042554,1791471021.0521722,1791471020.0521653,1791471021.0521722,1791471020.0521653,1791471021.0521722,1791470991.1841624,GAZEBO_CLOCK_SYSTEM_INTERPOLATION,MAPPED_EXACT,0,29.852,1791471021.0361624,0.001436471939086914,0.0,RGB,0.0,0,1,0,UNCALIBRATED,PREPARATION,FAR,STRAIGHT,1.0,57,1.0,17.422832489013672,0.34214168787002563,nan,nan,False,0.0,0.0,0.0,0.0,0,0,0,0,0,0.0,0.0,0.0,0.0,0.0,0.0,0.0,0.0,0.0,0.0,0.0,0.0,0.0,0.0,16.412975939343173,2.979647475443951,5.029020322736926,0.0,0.0,0.0,0.0,0.0,0.0,0.0,0.0,0.0,0.0,0.0,False,DISABLED,0,nan,nan,nan,nan,nan,nan,nan,nan,nan,nan,nan,nan,nan,nan,nan,nan,nan,nan,nan,nan,nan,nan,nan,nan,nan,nan,nan,nan,nan,nan,nan,nan,nan,nan,41.0397781301527,6.696062785091158,-0.19009237142901453,0.06463204580633229,0.06463204580633229,0.06463204580633229,41.04954752138473,6.844700995071479,-0.1410305829363215,-0.009769391232033797,-0.14863820998032118,-0.04906178849269302,0.14895891538004224,0.15683053771922206,0.019713640213012695,False,DISABLED,none,MODEL_ORIGIN_FRAME_NOT_ESTABLISHED,nan,nan,nan,nan,nan,nan,nan,nan,nan,nan,nan,nan,nan,NOT_EVALUATED,nan,nan,nan,nan,DISABLED,nan,nan,nan,nan,nan,nan
1791471021.0841577,1791471021.1058826,1791471021.1095016,1791471021.1095207,front_rgbd_red_sphere,True,True,True,,29.9,29.9,1791471021.1058826,1791471021.104213,1791471021.0841577,1791471021.0841577,1791471021.0841577,0.0,1791471020.0921671,1791471021.0922086,1791471021.0825539,1791471021.0922086,1791471021.0825539,1791471021.0922086,1791471020.0921671,1791471021.0922086,1791471020.0921671,1791471021.0922086,1791470991.1841576,GAZEBO_CLOCK_SYSTEM_INTERPOLATION,MAPPED_EXACT,0,29.9,1791471021.0841577,0.0019805431365966797,0.0,RGB,0.0,0,1,0,UNCALIBRATED,PREPARATION,FAR,STRAIGHT,1.0,58,1.0,17.280391693115234,0.3407706022262573,nan,nan,False,0.0,0.0,0.0,0.0,0,0,0,0,0,0.0,0.0,0.0,0.0,0.0,0.0,0.0,0.0,0.0,0.0,0.0,0.0,0.0,0.0,16.286723777442432,2.972633725263858,4.951565350998305,0.0,0.0,0.0,0.0,0.0,0.0,0.0,0.0,0.0,0.0,0.0,False,DISABLED,0,nan,nan,nan,nan,nan,nan,nan,nan,nan,nan,nan,nan,nan,nan,nan,nan,nan,nan,nan,nan,nan,nan,nan,nan,nan,nan,nan,nan,nan,nan,nan,nan,nan,nan,41.182805603972426,6.560043814891831,-0.19174178577527984,0.06390981822496247,0.06390981822496247,0.06390981822496247,41.188433013103854,6.712062160085895,-0.14447565789818104,-0.005627409131427896,-0.15201834519406443,-0.0472661278770988,0.1521224671410315,0.15929636484731366,0.021724939346313477,False,DISABLED,none,MODEL_ORIGIN_FRAME_NOT_ESTABLISHED,nan,nan,nan,nan,nan,nan,nan,nan,nan,nan,nan,nan,nan,NOT_EVALUATED,nan,nan,nan,nan,DISABLED,nan,nan,nan,nan,nan,nan
1791471021.1361632,1791471021.168428,1791471021.1714787,1791471021.1715,front_rgbd_red_sphere,True,True,True,,29.952,29.952,1791471021.168428,1791471021.1676471,1791471021.1361632,1791471021.1361632,1791471021.1361632,0.0,1791471020.132161,1791471021.1481774,1791471021.1385539,1791471021.1481774,1791471021.1425538,1791471021.1521642,1791471020.132161,1791471021.1481774,1791471020.132161,1791471021.1521642,1791470991.1841633,GAZEBO_CLOCK_SYSTEM_INTERPOLATION,MAPPED_EXACT,0,29.952,1791471021.1361632,0.0005292892456054688,0.0,RGB,0.0,0,1,0,UNCALIBRATED,PREPARATION,FAR,STRAIGHT,1.0,55,1.0,17.115995407104492,0.33866944909095764,nan,nan,False,0.0,0.0,0.0,0.0,0,0,0,0,0,0.0,0.0,0.0,0.0,0.0,0.0,0.0,0.0,0.0,0.0,0.0,0.0,0.0,0.0,16.143765753969078,2.953059549006465,4.8595875470900385,0.0,0.0,0.0,0.0,0.0,0.0,0.0,0.0,0.0,0.0,0.0,False,DISABLED,0,nan,nan,nan,nan,nan,nan,nan,nan,nan,nan,nan,nan,nan,nan,nan,nan,nan,nan,nan,nan,nan,nan,nan,nan,nan,nan,nan,nan,nan,nan,nan,nan,nan,nan,41.32687303590975,6.423875120327067,-0.1921942353468244,0.06308132631057611,0.06308132631057611,0.06308132631057611,41.338797380901674,6.5681687981688,-0.1472568890880093,-0.011924344991925295,-0.1442936778417332,-0.0449373462588151,0.14478554993016512,0.15159888046210956,0.03226470947265625,False,DISABLED,none,MODEL_ORIGIN_FRAME_NOT_ESTABLISHED,nan,nan,nan,nan,nan,nan,nan,nan,nan,nan,nan,nan,nan,NOT_EVALUATED,nan,nan,nan,nan,DISABLED,nan,nan,nan,nan,nan,nan
1791471021.1841593,1791471021.2172515,1791471021.2219756,1791471021.2220159,front_rgbd_red_sphere,True,True,True,,30.0,30.0,1791471021.2172515,1791471021.2062268,1791471021.1841593,1791471021.1841593,1791471021.1841593,0.0,1791471020.1921666,1791471021.2121599,1791471021.202554,1791471021.2121599,1791471021.202554,1791471021.2121599,1791471020.1881902,1791471021.2121599,1791471020.1921666,1791471021.2121599,1791470991.1841593,GAZEBO_CLOCK_SYSTEM_INTERPOLATION,MAPPED_EXACT,0,30.0,1791471021.1841593,0.0017619132995605469,0.0,RGB,0.0,0,1,0,UNCALIBRATED,PREPARATION,FAR,STRAIGHT,1.0,54,1.0,16.977148056030273,0.3371362090110779,nan,nan,False,0.0,0.0,0.0,0.0,0,0,0,0,0,0.0,0.0,0.0,0.0,0.0,0.0,0.0,0.0,0.0,0.0,0.0,0.0,0.0,0.0,16.021433152572467,2.9458407963798336,4.781133612747464,0.0,0.0,0.0,0.0,0.0,0.0,0.0,0.0,0.0,0.0,0.0,False,DISABLED,0,nan,nan,nan,nan,nan,nan,nan,nan,nan,nan,nan,nan,nan,nan,nan,nan,nan,nan,nan,nan,nan,nan,nan,nan,nan,nan,nan,nan,nan,nan,nan,nan,nan,nan,41.47024218420816,6.286757982457187,-0.19234482388676527,0.06238578967161664,0.06238578967161664,0.06238578967161664,41.47735886100459,6.435321319308613,-0.14897498507138385,-0.007116676796428578,-0.1485633368514261,-0.04336983881538142,0.14873369539231895,0.15492790279329055,0.03309226036071777,False,DISABLED,none,MODEL_ORIGIN_FRAME_NOT_ESTABLISHED,nan,nan,nan,nan,nan,nan,nan,nan,nan,nan,nan,nan,nan,NOT_EVALUATED,nan,nan,nan,nan,DISABLED,nan,nan,nan,nan,nan,nan
1791471021.2361598,1791471021.263405,1791471021.2664907,1791471021.2665138,front_rgbd_red_sphere,True,True,True,,30.052,30.052,1791471021.263405,1791471021.2542415,1791471021.2361598,1791471021.2361598,1791471021.2361598,0.0,1791471020.2521653,1791471021.2521753,1791471021.242554,1791471021.2521753,1791471021.242554,1791471021.2521753,1791471020.2521653,1791471021.2521753,1791471020.2521653,1791471021.2521753,1791470991.1841598,GAZEBO_CLOCK_SYSTEM_INTERPOLATION,MAPPED_EXACT,0,30.052,1791471021.2361598,0.003446817398071289,0.0,RGB,0.0,0,1,0,UNCALIBRATED,PREPARATION,FAR,STRAIGHT,1.0,59,1.0,16.815776824951172,0.33491265773773193,nan,nan,False,0.0,0.0,0.0,0.0,0,0,0,0,0,0.0,0.0,0.0,0.0,0.0,0.0,0.0,0.0,0.0,0.0,0.0,0.0,0.0,0.0,15.881475441990755,2.926513090990124,4.6887732230757795,0.0,0.0,0.0,0.0,0.0,0.0,0.0,0.0,0.0,0.0,0.0,False,DISABLED,0,nan,nan,nan,nan,nan,nan,nan,nan,nan,nan,nan,nan,nan,nan,nan,nan,nan,nan,nan,nan,nan,nan,nan,nan,nan,nan,nan,nan,nan,nan,nan,nan,nan,nan,41.61405701989379,6.1498749436329545,-0.19114209860619974,0.06158227575805849,0.06158227575805849,0.06158227575805849,41.6272960770028,6.291289480875114,-0.14985517861753367,-0.013239057109011299,-0.14141453724215935,-0.04128691998866607,0.14203289751515225,0.14791197969975337,0.027245283126831055,False,DISABLED,none,MODEL_ORIGIN_FRAME_NOT_ESTABLISHED,nan,nan,nan,nan,nan,nan,nan,nan,nan,nan,nan,nan,nan,NOT_EVALUATED,nan,nan,nan,nan,DISABLED,nan,nan,nan,nan,nan,nan
1791471021.2841609,1791471021.311813,1791471021.3184547,1791471021.3185039,front_rgbd_red_sphere,True,True,True,,30.1,30.1,1791471021.311813,1791471021.300095,1791471021.2841609,1791471021.2841609,1791471021.2841609,0.0,1791471020.2721589,1791471021.292165,1791471021.282554,1791471021.292165,1791471021.282554,1791471021.292165,1791471020.2681608,1791471021.292165,1791471020.2721589,1791471021.292165,1791470991.184161,GAZEBO_CLOCK_SYSTEM_INTERPOLATION,MAPPED_EXACT,0,30.1,1791471021.2841609,0.004205465316772461,0.0,RGB,0.0,0,1,0,UNCALIBRATED,PREPARATION,FAR,STRAIGHT,1.0,63,1.0,16.680238723754883,0.33330175280570984,nan,nan,False,0.0,0.0,0.0,0.0,0,0,0,0,0,0.0,0.0,0.0,0.0,0.0,0.0,0.0,0.0,0.0,0.0,0.0,0.0,0.0,0.0,15.762280592516738,2.9198228243482376,4.610372833819314,0.0,0.0,0.0,0.0,0.0,0.0,0.0,0.0,0.0,0.0,0.0,False,DISABLED,0,nan,nan,nan,nan,nan,nan,nan,nan,nan,nan,nan,nan,nan,nan,nan,nan,nan,nan,nan,nan,nan,nan,nan,nan,nan,nan,nan,nan,nan,nan,nan,nan,nan,nan,41.7578203605094,6.012593196677523,-0.18948265297374695,0.06091142257608738,0.06091142257608738,0.06091142257608738,41.76564186528974,6.158155584861002,-0.14980562406626186,-0.007821504780338273,-0.1455623881834791,-0.03967702890748509,0.14577237320804898,0.15107564798349243,0.027652263641357422,False,DISABLED,none,MODEL_ORIGIN_FRAME_NOT_ESTABLISHED,nan,nan,nan,nan,nan,nan,nan,nan,nan,nan,nan,nan,nan,NOT_EVALUATED,nan,nan,nan,nan,DISABLED,nan,nan,nan,nan,nan,nan
1791471021.3361588,1791471021.3661153,1791471021.3712518,1791471021.371286,front_rgbd_red_sphere,True,True,True,,30.152,30.152,1791471021.3661153,1791471021.3550186,1791471021.3361588,1791471021.3361588,1791471021.3361588,0.0,1791471020.3481836,1791471021.3481839,1791471021.338554,1791471021.3481839,1791471021.3425539,1791471021.3521657,1791471020.3481836,1791471021.3481839,1791471020.3321595,1791471021.3521657,1791470991.1841588,GAZEBO_CLOCK_SYSTEM_INTERPOLATION,MAPPED_EXACT,0,30.152,1791471021.3361588,0.0023186206817626953,0.0,RGB,0.0,0,1,0,UNCALIBRATED,PREPARATION,FAR,STRAIGHT,1.0,63,1.0,16.521507263183594,0.3309820592403412,nan,nan,False,0.0,0.0,0.0,0.0,0,0,0,0,0,0.0,0.0,0.0,0.0,0.0,0.0,0.0,0.0,0.0,0.0,0.0,0.0,0.0,0.0,15.62478086092563,2.901089038091179,4.517757103138454,0.0,0.0,0.0,0.0,0.0,0.0,0.0,0.0,0.0,0.0,0.0,False,DISABLED,0,nan,nan,nan,nan,nan,nan,nan,nan,nan,nan,nan,nan,nan,nan,nan,nan,nan,nan,nan,nan,nan,nan,nan,nan,nan,nan,nan,nan,nan,nan,nan,nan,nan,nan,41.9011398060429,5.8755469304447026,-0.18671360918331364,0.060130435044979474,0.060130435044979474,0.060130435044979474,41.915326815286846,6.013845552703201,-0.14876560546986503,-0.014187009243947557,-0.13829862225849876,-0.037948003713448614,0.13902438688908786,0.1441104823936229,0.029956579208374023,False,DISABLED,none,MODEL_ORIGIN_FRAME_NOT_ESTABLISHED,nan,nan,nan,nan,nan,nan,nan,nan,nan,nan,nan,nan,nan,NOT_EVALUATED,nan,nan,nan,nan,DISABLED,nan,nan,nan,nan,nan,nan
1791471021.3841624,1791471021.4120784,1791471021.4172578,1791471021.4172778,front_rgbd_red_sphere,True,True,True,,30.2,30.2,1791471021.4120784,1791471021.4109743,1791471021.3841624,1791471021.3841624,1791471021.3841624,0.0,1791471020.3721595,1791471021.3881738,1791471021.3785539,1791471021.3881738,1791471021.3825538,1791471021.3921766,1791471020.3721595,1791471021.3881738,1791471020.3721595,1791471021.3921766,1791470991.1841624,GAZEBO_CLOCK_SYSTEM_INTERPOLATION,MAPPED_EXACT,0,30.2,1791471021.3841624,0.0004086494445800781,0.0,RGB,0.0,0,1,0,UNCALIBRATED,PREPARATION,FAR,STRAIGHT,1.0,63,1.0,16.388944625854492,0.32927483320236206,nan,nan,False,0.0,0.0,0.0,0.0,0,0,0,0,0,0.0,0.0,0.0,0.0,0.0,0.0,0.0,0.0,0.0,0.0,0.0,0.0,0.0,0.0,15.508483208497928,2.8940470106178005,4.439477798756643,0.0,0.0,0.0,0.0,0.0,0.0,0.0,0.0,0.0,0.0,0.0,False,DISABLED,0,nan,nan,nan,nan,nan,nan,nan,nan,nan,nan,nan,nan,nan,nan,nan,nan,nan,nan,nan,nan,nan,nan,nan,nan,nan,nan,nan,nan,nan,nan,nan,nan,nan,nan,42.044892719489354,5.737972091552443,-0.18347310704208825,0.05948206448211674,0.05948206448211674,0.05948206448211674,42.0532617469589,5.8806392570149635,-0.1469526090818595,-0.008369027469548485,-0.14266716546252045,-0.03652049796022874,0.1429124232594782,0.14750494057203412,0.02791595458984375,False,DISABLED,none,MODEL_ORIGIN_FRAME_NOT_ESTABLISHED,nan,nan,nan,nan,nan,nan,nan,nan,nan,nan,nan,nan,nan,NOT_EVALUATED,nan,nan,nan,nan,DISABLED,nan,nan,nan,nan,nan,nan
1791471021.4361672,1791471021.4617603,1791471021.4648266,1791471021.4648461,front_rgbd_red_sphere,True,True,True,,30.252,30.252,1791471021.453038,1791471021.4617603,1791471021.4361672,1791471021.4361672,1791471021.4361672,0.0,1791471020.43216,1791471021.4521627,1791471021.442554,1791471021.4521627,1791471021.442554,1791471021.4521627,1791471020.4281628,1791471021.4521627,1791471020.43216,1791471021.4521627,1791470991.1841671,GAZEBO_CLOCK_SYSTEM_INTERPOLATION,MAPPED_EXACT,0,30.252,1791471021.4361672,0.0017819404602050781,0.0,RGB,0.0,0,1,0,UNCALIBRATED,PREPARATION,FAR,STRAIGHT,1.0,62,1.0,16.233449935913086,0.32683873176574707,nan,nan,False,0.0,0.0,0.0,0.0,0,0,0,0,0,0.0,0.0,0.0,0.0,0.0,0.0,0.0,0.0,0.0,0.0,0.0,0.0,0.0,0.0,15.374083072151178,2.874377634063645,4.347459161211356,0.0,0.0,0.0,0.0,0.0,0.0,0.0,0.0,0.0,0.0,0.0,False,DISABLED,0,nan,nan,nan,nan,nan,nan,nan,nan,nan,nan,nan,nan,nan,nan,nan,nan,nan,nan,nan,nan,nan,nan,nan,nan,nan,nan,nan,nan,nan,nan,nan,nan,nan,nan,42.18847018001195,5.599998354821481,-0.17964970940000485,0.05872600680737592,0.05872600680737592,0.05872600680737592,42.20304903199626,5.735735086262313,-0.144010352796816,-0.014578851984310859,-0.13573673144083198,-0.03563935660318884,0.1365174098326693,0.14109276000741586,0.025593042373657227,False,DISABLED,none,MODEL_ORIGIN_FRAME_NOT_ESTABLISHED,nan,nan,nan,nan,nan,nan,nan,nan,nan,nan,nan,nan,nan,NOT_EVALUATED,nan,nan,nan,nan,DISABLED,nan,nan,nan,nan,nan,nan
1791471021.4841566,1791471021.5136306,1791471021.5179286,1791471021.5179493,front_rgbd_red_sphere,True,True,True,,30.3,30.3,1791471021.5136306,1791471021.5110683,1791471021.4841566,1791471021.4841566,1791471021.4841566,0.0,1791471020.4921787,1791471021.492181,1791471021.482554,1791471021.492181,1791471021.482554,1791471021.492181,1791471020.4921787,1791471021.492181,1791471020.4921787,1791471021.492181,1791470991.1841567,GAZEBO_CLOCK_SYSTEM_INTERPOLATION,MAPPED_EXACT,0,30.3,1791471021.4841566,0.0017769336700439453,0.0,RGB,0.0,0,1,0,UNCALIBRATED,PREPARATION,FAR,STRAIGHT,1.0,65,1.0,16.103225708007812,0.3250638246536255,nan,nan,False,0.0,0.0,0.0,0.0,0,0,0,0,0,0.0,0.0,0.0,0.0,0.0,0.0,0.0,0.0,0.0,0.0,0.0,0.0,0.0,0.0,15.259905638914836,2.8663537082683064,4.270033628654202,0.0,0.0,0.0,0.0,0.0,0.0,0.0,0.0,0.0,0.0,0.0,False,DISABLED,0,nan,nan,nan,nan,nan,nan,nan,nan,nan,nan,nan,nan,nan,nan,nan,nan,nan,nan,nan,nan,nan,nan,nan,nan,nan,nan,nan,nan,nan,nan,nan,nan,nan,nan,42.331428086215936,5.462091692910963,-0.17522933996260454,0.058096550850496316,0.058096550850496316,0.058096550850496316,42.340942424270295,5.6021235088375345,-0.14046931789842182,-0.009514338054358973,-0.1400318159265712,-0.034760022064182716,0.14035466540270666,0.1445949211909195,0.02947402000427246,False,DISABLED,none,MODEL_ORIGIN_FRAME_NOT_ESTABLISHED,nan,nan,nan,nan,nan,nan,nan,nan,nan,nan,nan,nan,nan,NOT_EVALUATED,nan,nan,nan,nan,DISABLED,nan,nan,nan,nan,nan,nan
1791471021.536158,1791471021.5671563,1791471021.572373,1791471021.5724092,front_rgbd_red_sphere,True,True,True,,30.352,30.352,1791471021.5671563,1791471021.566027,1791471021.536158,1791471021.536158,1791471021.536158,0.0,1791471020.5521634,1791471021.5481803,1791471021.538584,1791471021.5481803,1791471021.542584,1791471021.5521746,1791471020.5481737,1791471021.5481803,1791471020.5521634,1791471021.5521746,1791470991.184158,GAZEBO_CLOCK_SYSTEM_INTERPOLATION,MAPPED_EXACT,0,30.352,1791471021.536158,0.0033190250396728516,0.0,RGB,0.0,0,1,0,UNCALIBRATED,PREPARATION,FAR,STRAIGHT,1.0,66,1.0,15.950815200805664,0.3225204348564148,nan,nan,False,0.0,0.0,0.0,0.0,0,0,0,0,0,0.0,0.0,0.0,0.0,0.0,0.0,0.0,0.0,0.0,0.0,0.0,0.0,0.0,0.0,15.128384160974797,2.8460000354182142,4.178610413188901,0.0,0.0,0.0,0.0,0.0,0.0,0.0,0.0,0.0,0.0,0.0,False,DISABLED,0,nan,nan,nan,nan,nan,nan,nan,nan,nan,nan,nan,nan,nan,nan,nan,nan,nan,nan,nan,nan,nan,nan,nan,nan,nan,nan,nan,nan,nan,nan,nan,nan,nan,nan,42.47459292033834,5.3234180491764125,-0.1701347755594655,0.05736415531955611,0.05736415531955611,0.05736415531955611,42.49014621756927,5.4573158737677625,-0.1357124558698753,-0.01555329723093024,-0.13389782459135002,-0.0344223196895902,0.13479811751300388,0.13912378868425757,0.03099822998046875,False,DISABLED,none,MODEL_ORIGIN_FRAME_NOT_ESTABLISHED,nan,nan,nan,nan,nan,nan,nan,nan,nan,nan,nan,nan,nan,NOT_EVALUATED,nan,nan,nan,nan,DISABLED,nan,nan,nan,nan,nan,nan
1791471021.5841565,1791471021.6108444,1791471021.6153777,1791471021.6154027,front_rgbd_red_sphere,True,True,True,,30.4,30.4,1791471021.6108444,1791471021.5994813,1791471021.5841565,1791471021.5841565,1791471021.5841565,0.0,1791471020.5921652,1791471021.588172,1791471021.578584,1791471021.588172,1791471021.582584,1791471021.592167,1791471020.588168,1791471021.588172,1791471020.5921652,1791471021.592167,1791470991.1841564,GAZEBO_CLOCK_SYSTEM_INTERPOLATION,MAPPED_EXACT,0,30.4,1791471021.5841565,0.003061532974243164,0.0,RGB,0.0,0,1,0,UNCALIBRATED,PREPARATION,FAR,STRAIGHT,1.0,67,1.0,15.823710441589355,0.320566862821579,nan,nan,False,0.0,0.0,0.0,0.0,0,0,0,0,0,0.0,0.0,0.0,0.0,0.0,0.0,0.0,0.0,0.0,0.0,0.0,0.0,0.0,0.0,15.0176020094072,2.835824257263436,4.101162043762628,0.0,0.0,0.0,0.0,0.0,0.0,0.0,0.0,0.0,0.0,0.0,False,DISABLED,0,nan,nan,nan,nan,nan,nan,nan,nan,nan,nan,nan,nan,nan,nan,nan,nan,nan,nan,nan,nan,nan,nan,nan,nan,nan,nan,nan,nan,nan,nan,nan,nan,nan,nan,42.617123407980095,5.184933408409739,-0.1644358653178672,0.056756916008540985,0.056756916008540985,0.056756916008540985,42.6278751735673,5.323442643606096,-0.13053414986778536,-0.01075176558720159,-0.1385092351963575,-0.03390171545008183,0.13892591082271877,0.14300256993627886,0.0266878604888916,False,DISABLED,none,MODEL_ORIGIN_FRAME_NOT_ESTABLISHED,nan,nan,nan,nan,nan,nan,nan,nan,nan,nan,nan,nan,nan,NOT_EVALUATED,nan,nan,nan,nan,DISABLED,nan,nan,nan,nan,nan,nan
1791471021.6361642,1791471021.6564248,1791471021.6649046,1791471021.6649253,front_rgbd_red_sphere,True,True,True,,30.452,30.452,1791471021.6564248,1791471021.654481,1791471021.6361642,1791471021.6361642,1791471021.6361642,0.0,1791471020.6521618,1791471021.652167,1791471021.6425838,1791471021.652167,1791471021.6425838,1791471021.652167,1791471020.6521618,1791471021.652167,1791471020.6521618,1791471021.652167,1791470991.1841643,GAZEBO_CLOCK_SYSTEM_INTERPOLATION,MAPPED_EXACT,0,30.452,1791471021.6361642,0.0022754669189453125,0.0,RGB,0.0,0,1,0,UNCALIBRATED,PREPARATION,FAR,STRAIGHT,1.0,67,1.0,15.673882484436035,0.3178553581237793,nan,nan,False,0.0,0.0,0.0,0.0,0,0,0,0,0,0.0,0.0,0.0,0.0,0.0,0.0,0.0,0.0,0.0,0.0,0.0,0.0,0.0,0.0,14.888743870346737,2.813550858251336,4.009964673126635,0.0,0.0,0.0,0.0,0.0,0.0,0.0,0.0,0.0,0.0,0.0,False,DISABLED,0,nan,nan,nan,nan,nan,nan,nan,nan,nan,nan,nan,nan,nan,nan,nan,nan,nan,nan,nan,nan,nan,nan,nan,nan,nan,nan,nan,nan,nan,nan,nan,nan,nan,nan,42.759722500948364,5.046364856463259,-0.15857356678365425,0.05604526922706271,0.05604526922706271,0.05604526922706271,42.77696193498294,5.1783052522459645,-0.12406588051590901,-0.01723943403457895,-0.13194039578270544,-0.03450768626774524,0.13306188832693439,0.13746361895673592,0.02026057243347168,False,DISABLED,none,MODEL_ORIGIN_FRAME_NOT_ESTABLISHED,nan,nan,nan,nan,nan,nan,nan,nan,nan,nan,nan,nan,nan,NOT_EVALUATED,nan,nan,nan,nan,DISABLED,nan,nan,nan,nan,nan,nan
1791471021.6841614,1791471021.7024972,1791471021.705831,1791471021.705851,front_rgbd_red_sphere,True,True,True,,30.5,30.5,1791471021.7024972,1791471021.7010884,1791471021.6841614,1791471021.6841614,1791471021.6841614,0.0,1791471020.6921663,1791471021.692173,1791471021.6825838,1791471021.692173,1791471021.6825838,1791471021.692173,1791471020.6921663,1791471021.692173,1791471020.6921663,1791471021.692173,1791470991.1841614,GAZEBO_CLOCK_SYSTEM_INTERPOLATION,MAPPED_EXACT,0,30.5,1791471021.6841614,0.002605915069580078,0.0,RGB,0.0,0,1,0,UNCALIBRATED,PREPARATION,FAR,STRAIGHT,1.0,67,1.0,15.549633979797363,0.31583961844444275,nan,nan,False,0.0,0.0,0.0,0.0,0,0,0,0,0,0.0,0.0,0.0,0.0,0.0,0.0,0.0,0.0,0.0,0.0,0.0,0.0,0.0,0.0,14.780485980393902,2.802752871162273,3.9335659331201143,0.0,0.0,0.0,0.0,0.0,0.0,0.0,0.0,0.0,0.0,0.0,False,DISABLED,0,nan,nan,nan,nan,nan,nan,nan,nan,nan,nan,nan,nan,nan,nan,nan,nan,nan,nan,nan,nan,nan,nan,nan,nan,nan,nan,nan,nan,nan,nan,nan,nan,nan,nan,42.902279789057204,4.90740263490532,-0.15192920967022688,0.05545852810551328,0.05545852810551328,0.05545852810551328,42.914410660121185,5.04430721175111,-0.11738334826964031,-0.01213087106398092,-0.13690457684579016,-0.034545861400586575,0.1374409734907891,0.1417160461415867,0.018335819244384766,False,DISABLED,none,MODEL_ORIGIN_FRAME_NOT_ESTABLISHED,nan,nan,nan,nan,nan,nan,nan,nan,nan,nan,nan,nan,nan,NOT_EVALUATED,nan,nan,nan,nan,DISABLED,nan,nan,nan,nan,nan,nan
1791471021.7361763,1791471021.7672172,1791471021.77056,1791471021.7705793,front_rgbd_red_sphere,True,True,True,,30.552,30.552,1791471021.7672172,1791471021.7663693,1791471021.7361763,1791471021.7361763,1791471021.7361763,0.0,1791471020.7481682,1791471021.7481866,1791471021.7385838,1791471021.7481866,1791471021.742584,1791471021.7521718,1791471020.7481682,1791471021.7481866,1791471020.7321599,1791471021.7521718,1791470991.1841762,GAZEBO_CLOCK_SYSTEM_INTERPOLATION,MAPPED_EXACT,0,30.552,1791471021.7361763,0.0032815933227539062,0.0,RGB,0.0,0,1,0,UNCALIBRATED,PREPARATION,FAR,STRAIGHT,1.0,67,1.0,15.402776718139648,0.31304192543029785,nan,nan,False,0.0,0.0,0.0,0.0,0,0,0,0,0,0.0,0.0,0.0,0.0,0.0,0.0,0.0,0.0,0.0,0.0,0.0,0.0,0.0,0.0,14.654220406664365,2.7795937065415792,3.8435948086675964,0.0,0.0,0.0,0.0,0.0,0.0,0.0,0.0,0.0,0.0,0.0,False,DISABLED,0,nan,nan,nan,nan,nan,nan,nan,nan,nan,nan,nan,nan,nan,nan,nan,nan,nan,nan,nan,nan,nan,nan,nan,nan,nan,nan,nan,nan,nan,nan,nan,nan,nan,nan,43.04514682493472,4.768873109794636,-0.14465768571993548,0.05476899692484493,0.05476899692484493,0.05476899692484493,43.06322186231099,4.899020670151089,-0.10937188045092805,-0.018075037376270586,-0.1301475603564537,-0.03528580526900743,0.13139670636241357,0.1360521315392473,0.03104090690612793,False,DISABLED,none,MODEL_ORIGIN_FRAME_NOT_ESTABLISHED,nan,nan,nan,nan,nan,nan,nan,nan,nan,nan,nan,nan,nan,NOT_EVALUATED,nan,nan,nan,nan,DISABLED,nan,nan,nan,nan,nan,nan
1791471021.7841623,1791471021.8146248,1791471021.8188565,1791471021.8188808,front_rgbd_red_sphere,True,True,True,,30.6,30.6,1791471021.8146248,1791471021.8029144,1791471021.7841623,1791471021.7841623,1791471021.7841623,0.0,1791471020.7921731,1791471021.7881756,1791471021.778584,1791471021.7881756,1791471021.782584,1791471021.7921748,1791471020.7881749,1791471021.7881756,1791471020.7921731,1791471021.7921748,1791470991.1841624,GAZEBO_CLOCK_SYSTEM_INTERPOLATION,MAPPED_EXACT,0,30.6,1791471021.7841623,0.0027811527252197266,0.0,RGB,0.0,0,1,0,UNCALIBRATED,PREPARATION,FAR,STRAIGHT,1.0,69,1.0,15.280791282653809,0.3108454942703247,nan,nan,False,0.0,0.0,0.0,0.0,0,0,0,0,0,0.0,0.0,0.0,0.0,0.0,0.0,0.0,0.0,0.0,0.0,0.0,0.0,0.0,0.0,14.548464025778877,2.766429634212745,3.767179621660839,0.0,0.0,0.0,0.0,0.0,0.0,0.0,0.0,0.0,0.0,0.0,False,DISABLED,0,nan,nan,nan,nan,nan,nan,nan,nan,nan,nan,nan,nan,nan,nan,nan,nan,nan,nan,nan,nan,nan,nan,nan,nan,nan,nan,nan,nan,nan,nan,nan,nan,nan,nan,43.1872092528186,4.630716657436173,-0.13671219139968732,0.05419952404737752,0.05419952404737752,0.05419952404737752,43.200562430125196,4.764753480825427,-0.10134096426293168,-0.01335317730659824,-0.1340368233892546,-0.03537122713675564,0.13470032430719564,0.1392670136020143,0.03046250343322754,False,DISABLED,none,MODEL_ORIGIN_FRAME_NOT_ESTABLISHED,nan,nan,nan,nan,nan,nan,nan,nan,nan,nan,nan,nan,nan,NOT_EVALUATED,nan,nan,nan,nan,DISABLED,nan,nan,nan,nan,nan,nan
1791471021.8361762,1791471021.8614442,1791471021.8665166,1791471021.8665354,front_rgbd_red_sphere,True,True,True,,30.652,30.652,1791471021.8614442,1791471021.8570707,1791471021.8361762,1791471021.8361762,1791471021.8361762,0.0,1791471020.8521729,1791471021.8522,1791471021.842584,1791471021.8522,1791471021.842584,1791471021.8522,1791471020.8521729,1791471021.8522,1791471020.8521729,1791471021.8522,1791470991.1841762,GAZEBO_CLOCK_SYSTEM_INTERPOLATION,MAPPED_EXACT,0,30.652,1791471021.8361762,0.002406597137451172,0.0,RGB,0.0,0,1,0,UNCALIBRATED,PREPARATION,FAR,STRAIGHT,1.0,70,1.0,15.136663436889648,0.3078438639640808,nan,nan,False,0.0,0.0,0.0,0.0,0,0,0,0,0,0.0,0.0,0.0,0.0,0.0,0.0,0.0,0.0,0.0,0.0,0.0,0.0,0.0,0.0,14.425075248306245,2.7411773623511806,3.6771905230439454,0.0,0.0,0.0,0.0,0.0,0.0,0.0,0.0,0.0,0.0,0.0,False,DISABLED,0,nan,nan,nan,nan,nan,nan,nan,nan,nan,nan,nan,nan,nan,nan,nan,nan,nan,nan,nan,nan,nan,nan,nan,nan,nan,nan,nan,nan,nan,nan,nan,nan,nan,nan,43.329645139025764,4.492241918849904,-0.1281303724530493,0.05353051940629591,0.05353051940629591,0.05353051940629591,43.34921770453579,4.619226233385901,-0.0919771589177937,-0.01957256551002473,-0.12698431453599746,-0.03615321353525561,0.12848385680240668,0.13347342922000294,0.025268077850341797,False,DISABLED,none,MODEL_ORIGIN_FRAME_NOT_ESTABLISHED,nan,nan,nan,nan,nan,nan,nan,nan,nan,nan,nan,nan,nan,NOT_EVALUATED,nan,nan,nan,nan,DISABLED,nan,nan,nan,nan,nan,nan
1791471021.8841622,1791471021.9051068,1791471021.909314,1791471021.9093375,front_rgbd_red_sphere,True,True,True,,30.7,30.7,1791471021.9051068,1791471021.9029715,1791471021.8841622,1791471021.8841622,1791471021.8841622,0.0,1791471020.8721623,1791471021.89217,1791471021.8825839,1791471021.89217,1791471021.8825839,1791471021.89217,1791471020.868169,1791471021.89217,1791471020.8721623,1791471021.89217,1791470991.1841621,GAZEBO_CLOCK_SYSTEM_INTERPOLATION,MAPPED_EXACT,0,30.7,1791471021.8841622,0.001501321792602539,0.0,RGB,0.0,0,1,0,UNCALIBRATED,PREPARATION,FAR,STRAIGHT,1.0,74,1.0,15.017413139343262,0.30551066994667053,nan,nan,False,0.0,0.0,0.0,0.0,0,0,0,0,0,0.0,0.0,0.0,0.0,0.0,0.0,0.0,0.0,0.0,0.0,0.0,0.0,0.0,0.0,14.32200937348556,2.7269292003277243,3.6009184122942237,0.0,0.0,0.0,0.0,0.0,0.0,0.0,0.0,0.0,0.0,0.0,False,DISABLED,0,nan,nan,nan,nan,nan,nan,nan,nan,nan,nan,nan,nan,nan,nan,nan,nan,nan,nan,nan,nan,nan,nan,nan,nan,nan,nan,nan,nan,nan,nan,nan,nan,nan,nan,43.4714647992006,4.353549088808839,-0.11904926155669665,0.0529801325057381,0.0529801325057381,0.0529801325057381,43.4862101125145,4.484948481663517,-0.08281235721020143,-0.014745313313902386,-0.1313993928546786,-0.03623690434649522,0.13222414570456983,0.1370997372131703,0.020944595336914062,False,DISABLED,none,MODEL_ORIGIN_FRAME_NOT_ESTABLISHED,nan,nan,nan,nan,nan,nan,nan,nan,nan,nan,nan,nan,nan,NOT_EVALUATED,nan,nan,nan,nan,DISABLED,nan,nan,nan,nan,nan,nan
1791471021.936159,1791471021.9526381,1791471021.9623806,1791471021.962416,front_rgbd_red_sphere,True,True,True,,30.752,30.752,1791471021.9526381,1791471021.9510791,1791471021.936159,1791471021.936159,1791471021.936159,0.0,1791471020.9521716,1791471021.9481728,1791471021.9385839,1791471021.9481728,1791471021.942584,1791471021.9521742,1791471020.9481616,1791471021.9481728,1791471020.9521716,1791471021.9521742,1791470991.1841588,GAZEBO_CLOCK_SYSTEM_INTERPOLATION,MAPPED_EXACT,0,30.752,1791471021.936159,0.0014781951904296875,0.0,RGB,0.0,0,1,0,UNCALIBRATED,PREPARATION,FAR,STRAIGHT,1.0,75,1.0,14.875459671020508,0.30236726999282837,nan,nan,False,0.0,0.0,0.0,0.0,0,0,0,0,0,0.0,0.0,0.0,0.0,0.0,0.0,0.0,0.0,0.0,0.0,0.0,0.0,0.0,0.0,14.200623033470935,2.7007780101801373,3.5110400567142293,0.0,0.0,0.0,0.0,0.0,0.0,0.0,0.0,0.0,0.0,0.0,False,DISABLED,0,nan,nan,nan,nan,nan,nan,nan,nan,nan,nan,nan,nan,nan,nan,nan,nan,nan,nan,nan,nan,nan,nan,nan,nan,nan,nan,nan,nan,nan,nan,nan,nan,nan,nan,43.61317371318924,4.214832179362628,-0.10945206873598406,0.052328665247658473,0.052328665247658473,0.052328665247658473,43.63465051408808,4.33926347800419,-0.07233181645505095,-0.021476800898838633,-0.12443129864156166,-0.037120252280933116,0.12627114103576423,0.131614262858833,0.0164792537689209,False,DISABLED,none,MODEL_ORIGIN_FRAME_NOT_ESTABLISHED,nan,nan,nan,nan,nan,nan,nan,nan,nan,nan,nan,nan,nan,NOT_EVALUATED,nan,nan,nan,nan,DISABLED,nan,nan,nan,nan,nan,nan
1791471021.9841583,1791471022.0039804,1791471022.0074387,1791471022.0074599,front_rgbd_red_sphere,True,True,True,,30.8,30.8,1791471022.0039804,1791471022.0022583,1791471021.9841583,1791471021.9841583,1791471021.9841583,0.0,1791471020.9721594,1791471021.9881706,1791471021.9785838,1791471021.9881706,1791471021.982584,1791471021.9921656,1791471020.9721594,1791471021.9881706,1791471020.9721594,1791471021.9921656,1791470991.1841583,GAZEBO_CLOCK_SYSTEM_INTERPOLATION,MAPPED_EXACT,0,30.8,1791471021.9841583,0.00400996208190918,0.0,RGB,0.0,0,1,0,UNCALIBRATED,PREPARATION,FAR,STRAIGHT,1.0,76,1.0,14.758728981018066,0.2999022603034973,nan,nan,False,0.0,0.0,0.0,0.0,0,0,0,0,0,0.0,0.0,0.0,0.0,0.0,0.0,0.0,0.0,0.0,0.0,0.0,0.0,0.0,0.0,14.099978225870306,2.6853432105919737,3.435057153017322,0.0,0.0,0.0,0.0,0.0,0.0,0.0,0.0,0.0,0.0,0.0,False,DISABLED,0,nan,nan,nan,nan,nan,nan,nan,nan,nan,nan,nan,nan,nan,nan,nan,nan,nan,nan,nan,nan,nan,nan,nan,nan,nan,nan,nan,nan,nan,nan,nan,nan,nan,nan,43.75503463983216,4.075983719967347,-0.09951343079902125,0.051795973039480483,0.051795973039480483,0.051795973039480483,43.77162743467915,4.2046718018340155,-0.06223673942410338,-0.016592794846985726,-0.12868808186666847,-0.037276691374917875,0.12975339400322644,0.13500183322909876,0.019822120666503906,False,DISABLED,none,MODEL_ORIGIN_FRAME_NOT_ESTABLISHED,nan,nan,nan,nan,nan,nan,nan,nan,nan,nan,nan,nan,nan,NOT_EVALUATED,nan,nan,nan,nan,DISABLED,nan,nan,nan,nan,nan,nan
1791471022.0361636,1791471022.0647254,1791471022.0680451,1791471022.068065,front_rgbd_red_sphere,True,True,True,,30.852,30.852,1791471022.0647254,1791471022.0637753,1791471022.0361636,1791471022.0361636,1791471022.0361636,0.0,1791471021.03217,1791471022.0521622,1791471022.042584,1791471022.0521622,1791471022.042584,1791471022.0521622,1791471021.0282223,1791471022.0521622,1791471021.03217,1791471022.0521622,1791470991.1841636,GAZEBO_CLOCK_SYSTEM_INTERPOLATION,MAPPED_EXACT,0,30.852,1791471022.0361636,0.004837512969970703,0.0,RGB,0.0,0,1,0,UNCALIBRATED,PREPARATION,FAR,STRAIGHT,1.0,77,1.0,14.619263648986816,0.2966464161872864,nan,nan,False,0.0,0.0,0.0,0.0,0,0,0,0,0,0.0,0.0,0.0,0.0,0.0,0.0,0.0,0.0,0.0,0.0,0.0,0.0,0.0,0.0,13.980725605068876,2.6579370215814677,3.346272866411418,0.0,0.0,0.0,0.0,0.0,0.0,0.0,0.0,0.0,0.0,0.0,False,DISABLED,0,nan,nan,nan,nan,nan,nan,nan,nan,nan,nan,nan,nan,nan,nan,nan,nan,nan,nan,nan,nan,nan,nan,nan,nan,nan,nan,nan,nan,nan,nan,nan,nan,nan,nan,43.896868701429526,3.9373017260565444,-0.0889695245594781,0.05116310727246959,0.05116310727246959,0.05116310727246959,43.91995611865275,4.058752291299318,-0.05089059175955036,-0.023087417223223383,-0.12145056524277376,-0.03807893279992774,0.12362551772117453,0.12935715579360058,0.028561830520629883,False,DISABLED,none,MODEL_ORIGIN_FRAME_NOT_ESTABLISHED,nan,nan,nan,nan,nan,nan,nan,nan,nan,nan,nan,nan,nan,NOT_EVALUATED,nan,nan,nan,nan,DISABLED,nan,nan,nan,nan,nan,nan
1791471022.0841591,1791471022.1054647,1791471022.1114454,1791471022.1114888,front_rgbd_red_sphere,True,True,True,,30.9,30.9,1791471022.1054647,1791471022.1037855,1791471022.0841591,1791471022.0841591,1791471022.0841591,0.0,1791471021.0721622,1791471022.092166,1791471022.082584,1791471022.092166,1791471022.082584,1791471022.092166,1791471021.068161,1791471022.092166,1791471021.0721622,1791471022.092166,1791470991.184159,GAZEBO_CLOCK_SYSTEM_INTERPOLATION,MAPPED_EXACT,0,30.9,1791471022.0841591,0.0019109249114990234,0.0,RGB,0.0,0,1,0,UNCALIBRATED,PREPARATION,FAR,STRAIGHT,1.0,77,1.0,14.504755020141602,0.29405203461647034,nan,nan,False,0.0,0.0,0.0,0.0,0,0,0,0,0,0.0,0.0,0.0,0.0,0.0,0.0,0.0,0.0,0.0,0.0,0.0,0.0,0.0,0.0,13.882172415704819,2.640843135135711,3.270957798518543,0.0,0.0,0.0,0.0,0.0,0.0,0.0,0.0,0.0,0.0,0.0,False,DISABLED,0,nan,nan,nan,nan,nan,nan,nan,nan,nan,nan,nan,nan,nan,nan,nan,nan,nan,nan,nan,nan,nan,nan,nan,nan,nan,nan,nan,nan,nan,nan,nan,nan,nan,nan,44.03833416613121,3.7984070980250664,-0.0776923123306012,0.05064640142944112,0.05064640142944112,0.05064640142944112,44.05672139472111,3.924061806655794,-0.04012834895437803,-0.018387228589901383,-0.1256547086307278,-0.03756396337622317,0.12699289734583738,0.13243204793712368,0.021305561065673828,False,DISABLED,none,MODEL_ORIGIN_FRAME_NOT_ESTABLISHED,nan,nan,nan,nan,nan,nan,nan,nan,nan,nan,nan,nan,nan,NOT_EVALUATED,nan,nan,nan,nan,DISABLED,nan,nan,nan,nan,nan,nan
1791471022.1361623,1791471022.1667986,1791471022.1704104,1791471022.1704304,front_rgbd_red_sphere,True,True,True,,30.952,30.952,1791471022.1595569,1791471022.1667986,1791471022.1361623,1791471022.1361623,1791471022.1361623,0.0,1791471021.1521642,1791471022.1481705,1791471022.138584,1791471022.1481705,1791471022.1425838,1791471022.1521676,1791471021.1321607,1791471022.1481705,1791471021.1521642,1791471022.1521676,1791470991.1841624,GAZEBO_CLOCK_SYSTEM_INTERPOLATION,MAPPED_EXACT,0,30.952,1791471022.1361623,0.002885103225708008,0.0,RGB,0.0,0,1,0,UNCALIBRATED,PREPARATION,FAR,STRAIGHT,1.0,79,1.0,14.36773681640625,0.2905830442905426,nan,nan,False,0.0,0.0,0.0,0.0,0,0,0,0,0,0.0,0.0,0.0,0.0,0.0,0.0,0.0,0.0,0.0,0.0,0.0,0.0,0.0,0.0,13.765398347002481,2.611549812760405,3.1820567040568637,0.0,0.0,0.0,0.0,0.0,0.0,0.0,0.0,0.0,0.0,0.0,False,DISABLED,0,nan,nan,nan,nan,nan,nan,nan,nan,nan,nan,nan,nan,nan,nan,nan,nan,nan,nan,nan,nan,nan,nan,nan,nan,nan,nan,nan,nan,nan,nan,nan,nan,nan,nan,44.17996051246132,3.6598805915093795,-0.06612307980639182,0.0500315662304208,0.0500315662304208,0.0500315662304208,44.20487319419758,3.777996052853905,-0.028201503617911263,-0.024912681736260822,-0.11811546134452566,-0.03792157618848055,0.12071414134194204,0.12653043057123095,0.030636310577392578,False,DISABLED,none,MODEL_ORIGIN_FRAME_NOT_ESTABLISHED,nan,nan,nan,nan,nan,nan,nan,nan,nan,nan,nan,nan,nan,NOT_EVALUATED,nan,nan,nan,nan,DISABLED,nan,nan,nan,nan,nan,nan
1791471022.1841586,1791471022.2145116,1791471022.2181137,1791471022.218149,front_rgbd_red_sphere,True,True,True,,31.0,31.0,1791471022.2145116,1791471022.203254,1791471022.1841586,1791471022.1841586,1791471022.1841586,0.0,1791471021.1721587,1791471022.188181,1791471022.1785839,1791471022.188181,1791471022.1825838,1791471022.19217,1791471021.1721587,1791471022.188181,1791471021.1721587,1791471022.19217,1791470991.1841586,GAZEBO_CLOCK_SYSTEM_INTERPOLATION,MAPPED_EXACT,0,31.0,1791471022.1841586,0.002574920654296875,0.0,RGB,0.0,0,1,0,UNCALIBRATED,PREPARATION,FAR,STRAIGHT,1.0,79,1.0,14.255582809448242,0.2878279685974121,nan,nan,False,0.0,0.0,0.0,0.0,0,0,0,0,0,0.0,0.0,0.0,0.0,0.0,0.0,0.0,0.0,0.0,0.0,0.0,0.0,0.0,0.0,13.669146938736292,2.592721001588842,3.1070667353182433,0.0,0.0,0.0,0.0,0.0,0.0,0.0,0.0,0.0,0.0,0.0,False,DISABLED,0,nan,nan,nan,nan,nan,nan,nan,nan,nan,nan,nan,nan,nan,nan,nan,nan,nan,nan,nan,nan,nan,nan,nan,nan,nan,nan,nan,nan,nan,nan,nan,nan,nan,nan,44.32129338674146,3.5208389379684863,-0.054244630860911636,0.049531097038081146,0.049531097038081146,0.049531097038081146,44.341444362778,3.643212277777963,-0.017037386973222265,-0.020150976036539703,-0.12237333980947662,-0.03720724388768937,0.12402135352974838,0.12948233520086372,0.030353069305419922,False,DISABLED,none,MODEL_ORIGIN_FRAME_NOT_ESTABLISHED,nan,nan,nan,nan,nan,nan,nan,nan,nan,nan,nan,nan,nan,NOT_EVALUATED,nan,nan,nan,nan,DISABLED,nan,nan,nan,nan,nan,nan
1791471022.2361612,1791471022.2634087,1791471022.2667065,1791471022.2667305,front_rgbd_red_sphere,True,True,True,,31.052,31.052,1791471022.2634087,1791471022.2624931,1791471022.2361612,1791471022.2361612,1791471022.2361612,0.0,1791471021.2321591,1791471022.2521622,1791471022.242584,1791471022.2521622,1791471022.242584,1791471022.2521622,1791471021.2281601,1791471022.2521622,1791471021.2321591,1791471022.2521622,1791470991.1841612,GAZEBO_CLOCK_SYSTEM_INTERPOLATION,MAPPED_EXACT,0,31.052,1791471022.2361612,0.0034246444702148438,0.0,RGB,0.0,0,1,0,UNCALIBRATED,PREPARATION,FAR,STRAIGHT,1.0,80,1.0,14.12067699432373,0.2842220366001129,nan,nan,False,0.0,0.0,0.0,0.0,0,0,0,0,0,0.0,0.0,0.0,0.0,0.0,0.0,0.0,0.0,0.0,0.0,0.0,0.0,0.0,0.0,13.55415665991419,2.562655842812216,3.018468205648725,0.0,0.0,0.0,0.0,0.0,0.0,0.0,0.0,0.0,0.0,0.0,False,DISABLED,0,nan,nan,nan,nan,nan,nan,nan,nan,nan,nan,nan,nan,nan,nan,nan,nan,nan,nan,nan,nan,nan,nan,nan,nan,nan,nan,nan,nan,nan,nan,nan,nan,nan,nan,44.462632662633524,3.381917240265275,-0.04212106141304511,0.04893243495290321,0.04893243495290321,0.04893243495290321,44.4894523168838,3.496991963500251,-0.004822125377661192,-0.026819654250274994,-0.11507472323497625,-0.03729893603538392,0.11815873129697474,0.12390599828532248,0.02724742889404297,False,DISABLED,none,MODEL_ORIGIN_FRAME_NOT_ESTABLISHED,nan,nan,nan,nan,nan,nan,nan,nan,nan,nan,nan,nan,nan,NOT_EVALUATED,nan,nan,nan,nan,DISABLED,nan,nan,nan,nan,nan,nan
1791471022.284156,1791471022.303595,1791471022.3068252,1791471022.3068461,front_rgbd_red_sphere,True,True,True,,31.1,31.1,1791471022.303595,1791471022.3023088,1791471022.284156,1791471022.284156,1791471022.284156,0.0,1791471021.292165,1791471022.292167,1791471022.282584,1791471022.292167,1791471022.282584,1791471022.292167,1791471021.292165,1791471022.292167,1791471021.292165,1791471022.292167,1791470991.1841562,GAZEBO_CLOCK_SYSTEM_INTERPOLATION,MAPPED_EXACT,0,31.1,1791471022.284156,0.0036308765411376953,0.0,RGB,0.0,0,1,0,UNCALIBRATED,PREPARATION,FAR,STRAIGHT,1.0,82,1.0,14.010186195373535,0.28139013051986694,nan,nan,False,0.0,0.0,0.0,0.0,0,0,0,0,0,0.0,0.0,0.0,0.0,0.0,0.0,0.0,0.0,0.0,0.0,0.0,0.0,0.0,0.0,13.459170280658386,2.543622096898577,2.943813226457042,0.0,0.0,0.0,0.0,0.0,0.0,0.0,0.0,0.0,0.0,0.0,False,DISABLED,0,nan,nan,nan,nan,nan,nan,nan,nan,nan,nan,nan,nan,nan,nan,nan,nan,nan,nan,nan,nan,nan,nan,nan,nan,nan,nan,nan,nan,nan,nan,nan,nan,nan,nan,44.60333203312271,3.242756206165982,-0.030046367996116652,0.04844482917972151,0.04844482917972151,0.04844482917972151,44.625957232787286,3.3620104964804343,0.006478738692727507,-0.022625199664574325,-0.11925429031445223,-0.03652510668884416,0.12138156951640355,0.12675791429688701,0.019438982009887695,False,DISABLED,none,MODEL_ORIGIN_FRAME_NOT_ESTABLISHED,nan,nan,nan,nan,nan,nan,nan,nan,nan,nan,nan,nan,nan,NOT_EVALUATED,nan,nan,nan,nan,DISABLED,nan,nan,nan,nan,nan,nan
1791471022.3361661,1791471022.3626254,1791471022.3697515,1791471022.3697772,front_rgbd_red_sphere,True,True,True,,31.152,31.152,1791471022.3626254,1791471022.3603013,1791471022.3361661,1791471022.3361661,1791471022.3361661,0.0,1791471021.3521657,1791471022.3482316,1791471022.338584,1791471022.3482316,1791471022.342584,1791471022.3521864,1791471021.3481839,1791471022.3482316,1791471021.3521657,1791471022.3521864,1791470991.1841662,GAZEBO_CLOCK_SYSTEM_INTERPOLATION,MAPPED_EXACT,0,31.152,1791471022.3361661,0.0028214454650878906,0.0,RGB,0.0,0,1,0,UNCALIBRATED,PREPARATION,FAR,STRAIGHT,1.0,84,1.0,13.877467155456543,0.27772074937820435,nan,nan,False,0.0,0.0,0.0,0.0,0,0,0,0,0,0.0,0.0,0.0,0.0,0.0,0.0,0.0,0.0,0.0,0.0,0.0,0.0,0.0,0.0,13.345722055192752,2.5133244563075117,2.856397353291923,0.0,0.0,0.0,0.0,0.0,0.0,0.0,0.0,0.0,0.0,0.0,False,DISABLED,0,nan,nan,nan,nan,nan,nan,nan,nan,nan,nan,nan,nan,nan,nan,nan,nan,nan,nan,nan,nan,nan,nan,nan,nan,nan,nan,nan,nan,nan,nan,nan,nan,nan,nan,44.74432168556467,3.1035530183484417,-0.018544645165870344,0.047862358204349004,0.047862358204349004,0.047862358204349004,44.77369621398854,3.215783271483043,0.01867052514394586,-0.029374528423872448,-0.11223025313460155,-0.037215170309816206,0.1160107436351549,0.12183374548937687,0.026459217071533203,False,DISABLED,none,MODEL_ORIGIN_FRAME_NOT_ESTABLISHED,nan,nan,nan,nan,nan,nan,nan,nan,nan,nan,nan,nan,nan,NOT_EVALUATED,nan,nan,nan,nan,DISABLED,nan,nan,nan,nan,nan,nan
1791471022.3841739,1791471022.4075284,1791471022.411817,1791471022.411838,front_rgbd_red_sphere,True,True,True,,31.2,31.2,1791471022.4075284,1791471022.404825,1791471022.3841739,1791471022.3841739,1791471022.3841739,0.0,1791471021.3921766,1791471022.3882182,1791471022.378584,1791471022.3882182,1791471022.3825839,1791471022.3921885,1791471021.3881738,1791471022.3882182,1791471021.3921766,1791471022.3921885,1791470991.1841738,GAZEBO_CLOCK_SYSTEM_INTERPOLATION,MAPPED_EXACT,0,31.2,1791471022.3841739,0.003671884536743164,0.0,RGB,0.0,0,1,0,UNCALIBRATED,PREPARATION,FAR,STRAIGHT,1.0,82,1.0,13.76880931854248,0.27483072876930237,nan,nan,False,0.0,0.0,0.0,0.0,0,0,0,0,0,0.0,0.0,0.0,0.0,0.0,0.0,0.0,0.0,0.0,0.0,0.0,0.0,0.0,0.0,13.252082186549169,2.4932237040984084,2.7832130843447747,0.0,0.0,0.0,0.0,0.0,0.0,0.0,0.0,0.0,0.0,0.0,False,DISABLED,0,nan,nan,nan,nan,nan,nan,nan,nan,nan,nan,nan,nan,nan,nan,nan,nan,nan,nan,nan,nan,nan,nan,nan,nan,nan,nan,nan,nan,nan,nan,nan,nan,nan,nan,44.884758465860834,2.9646881449719444,-0.006933308184922937,0.04738810777086204,0.04738810777086204,0.04738810777086204,44.90997603288299,3.0807833787342314,0.029816319935657767,-0.025217567022153276,-0.11609523376228692,-0.036749628120580705,0.11880247888338373,0.12435660077309049,0.023354530334472656,False,DISABLED,none,MODEL_ORIGIN_FRAME_NOT_ESTABLISHED,nan,nan,nan,nan,nan,nan,nan,nan,nan,nan,nan,nan,nan,NOT_EVALUATED,nan,nan,nan,nan,DISABLED,nan,nan,nan,nan,nan,nan
1791471022.436158,1791471022.4575462,1791471022.4617958,1791471022.4618156,front_rgbd_red_sphere,True,True,True,,31.252,31.252,1791471022.4575462,1791471022.4553275,1791471022.436158,1791471022.436158,1791471022.436158,0.0,1791471021.4521627,1791471022.452171,1791471022.442584,1791471022.452171,1791471022.442584,1791471022.452171,1791471021.4521627,1791471022.452171,1791471021.4521627,1791471022.452171,1791470991.1841578,GAZEBO_CLOCK_SYSTEM_INTERPOLATION,MAPPED_EXACT,0,31.252,1791471022.436158,0.002482891082763672,0.0,RGB,0.0,0,1,0,UNCALIBRATED,PREPARATION,FAR,STRAIGHT,1.0,86,1.0,13.637341499328613,0.2710246443748474,nan,nan,False,0.0,0.0,0.0,0.0,0,0,0,0,0,0.0,0.0,0.0,0.0,0.0,0.0,0.0,0.0,0.0,0.0,0.0,0.0,0.0,0.0,13.139538915096765,2.4616416176790032,2.6962795920012823,0.0,0.0,0.0,0.0,0.0,0.0,0.0,0.0,0.0,0.0,0.0,False,DISABLED,0,nan,nan,nan,nan,nan,nan,nan,nan,nan,nan,nan,nan,nan,nan,nan,nan,nan,nan,nan,nan,nan,nan,nan,nan,nan,nan,nan,nan,nan,nan,nan,nan,nan,nan,45.02497043155611,2.826045947247838,0.005218978232371774,0.046817455163945594,0.046817455163945594,0.046817455163945594,45.05790536058355,2.934117549327557,0.04172057964777931,-0.03293492902743367,-0.10807160207971878,-0.036501601415407536,0.1129786737668626,0.11872888288874131,0.02138829231262207,False,DISABLED,none,MODEL_ORIGIN_FRAME_NOT_ESTABLISHED,nan,nan,nan,nan,nan,nan,nan,nan,nan,nan,nan,nan,nan,NOT_EVALUATED,nan,nan,nan,nan,DISABLED,nan,nan,nan,nan,nan,nan
1791471022.4841633,1791471022.5033846,1791471022.5067005,1791471022.506721,front_rgbd_red_sphere,True,True,True,,31.3,31.3,1791471022.5033846,1791471022.5021558,1791471022.4841633,1791471022.4841633,1791471022.4841633,0.0,1791471021.4721613,1791471022.4921806,1791471022.482584,1791471022.4921806,1791471022.482584,1791471022.4921806,1791471021.4681642,1791471022.4921806,1791471021.4721613,1791471022.4921806,1791470991.1841633,GAZEBO_CLOCK_SYSTEM_INTERPOLATION,MAPPED_EXACT,0,31.3,1791471022.4841633,0.003434896469116211,0.0,RGB,0.0,0,1,0,UNCALIBRATED,PREPARATION,FAR,STRAIGHT,1.0,86,1.0,13.530613899230957,0.26803863048553467,nan,nan,False,0.0,0.0,0.0,0.0,0,0,0,0,0,0.0,0.0,0.0,0.0,0.0,0.0,0.0,0.0,0.0,0.0,0.0,0.0,0.0,0.0,13.047465137763671,2.440490459651514,2.6239591868211907,0.0,0.0,0.0,0.0,0.0,0.0,0.0,0.0,0.0,0.0,0.0,False,DISABLED,0,nan,nan,nan,nan,nan,nan,nan,nan,nan,nan,nan,nan,nan,nan,nan,nan,nan,nan,nan,nan,nan,nan,nan,nan,nan,nan,nan,nan,nan,nan,nan,nan,nan,nan,45.165458783408404,2.686847816444243,0.016526539919125283,0.04635673182155205,0.04635673182155205,0.04635673182155205,45.194203518338796,2.798879160736562,0.05245504942783209,-0.028744734930391758,-0.11203134429231909,-0.03592850950870681,0.11566020011292831,0.1211120955383064,0.01922130584716797,False,DISABLED,none,MODEL_ORIGIN_FRAME_NOT_ESTABLISHED,nan,nan,nan,nan,nan,nan,nan,nan,nan,nan,nan,nan,nan,NOT_EVALUATED,nan,nan,nan,nan,DISABLED,nan,nan,nan,nan,nan,nan
1791471022.5361571,1791471022.5652487,1791471022.5685825,1791471022.5686028,front_rgbd_red_sphere,True,True,True,,31.352,31.352,1791471022.5652487,1791471022.5642807,1791471022.5361571,1791471022.5361571,1791471022.5361571,0.0,1791471021.5521746,1791471022.5481763,1791471022.538614,1791471022.5481763,1791471022.542614,1791471022.552193,1791471021.5321646,1791471022.5481763,1791471021.5521746,1791471022.552193,1791470991.1841571,GAZEBO_CLOCK_SYSTEM_INTERPOLATION,MAPPED_EXACT,0,31.352,1791471022.5361571,0.0012929439544677734,0.0,RGB,0.0,0,1,0,UNCALIBRATED,PREPARATION,FAR,STRAIGHT,1.0,89,1.0,13.400821685791016,0.26416292786598206,nan,nan,False,0.0,0.0,0.0,0.0,0,0,0,0,0,0.0,0.0,0.0,0.0,0.0,0.0,0.0,0.0,0.0,0.0,0.0,0.0,0.0,0.0,12.935966380060176,2.4082714753226995,2.5383137466287344,0.0,0.0,0.0,0.0,0.0,0.0,0.0,0.0,0.0,0.0,0.0,False,DISABLED,0,nan,nan,nan,nan,nan,nan,nan,nan,nan,nan,nan,nan,nan,nan,nan,nan,nan,nan,nan,nan,nan,nan,nan,nan,nan,nan,nan,nan,nan,nan,nan,nan,nan,nan,45.3054220806576,2.5480444259014856,0.027361753831871616,0.04579951888002037,0.04579951888002037,0.04579951888002037,45.34179109609539,2.6523254909061675,0.06373518370621345,-0.03636901543779203,-0.10428106500468193,-0.036373429874341834,0.11044114180152727,0.11627670533365106,0.029091596603393555,False,DISABLED,none,MODEL_ORIGIN_FRAME_NOT_ESTABLISHED,nan,nan,nan,nan,nan,nan,nan,nan,nan,nan,nan,nan,nan,NOT_EVALUATED,nan,nan,nan,nan,DISABLED,nan,nan,nan,nan,nan,nan
1791471022.5841575,1791471022.604472,1791471022.6080766,1791471022.6080966,front_rgbd_red_sphere,True,True,True,,31.4,31.4,1791471022.604472,1791471022.603254,1791471022.5841575,1791471022.5841575,1791471022.5841575,0.0,1791471021.592167,1791471022.5882409,1791471022.578614,1791471022.5882409,1791471022.582614,1791471022.5921807,1791471021.588172,1791471022.5882409,1791471021.592167,1791471022.5921807,1791470991.1841574,GAZEBO_CLOCK_SYSTEM_INTERPOLATION,MAPPED_EXACT,0,31.4,1791471022.5841575,0.00078582763671875,0.0,RGB,0.0,0,1,0,UNCALIBRATED,PREPARATION,FAR,STRAIGHT,1.0,92,1.0,13.29524040222168,0.26111599802970886,nan,nan,False,0.0,0.0,0.0,0.0,0,0,0,0,0,0.0,0.0,0.0,0.0,0.0,0.0,0.0,0.0,0.0,0.0,0.0,0.0,0.0,0.0,12.844564705885821,2.385948195240246,2.467352495832955,0.0,0.0,0.0,0.0,0.0,0.0,0.0,0.0,0.0,0.0,0.0,False,DISABLED,0,nan,nan,nan,nan,nan,nan,nan,nan,nan,nan,nan,nan,nan,nan,nan,nan,nan,nan,nan,nan,nan,nan,nan,nan,nan,nan,nan,nan,nan,nan,nan,nan,nan,nan,45.44498213193649,2.4089998862788358,0.03768085003960048,0.045348726740811265,0.045348726740811265,0.045348726740811265,45.47796440756648,2.517012006790642,0.07378167414097318,-0.032982275629990454,-0.10801212051180631,-0.036100824101372705,0.11293559528859637,0.11856524863545762,0.020314455032348633,False,DISABLED,none,MODEL_ORIGIN_FRAME_NOT_ESTABLISHED,nan,nan,nan,nan,nan,nan,nan,nan,nan,nan,nan,nan,nan,NOT_EVALUATED,nan,nan,nan,nan,DISABLED,nan,nan,nan,nan,nan,nan
1791471022.6361616,1791471022.6543832,1791471022.6611063,1791471022.661139,front_rgbd_red_sphere,True,True,True,,31.452,31.452,1791471022.6543832,1791471022.6534626,1791471022.6361616,1791471022.6361616,1791471022.6361616,0.0,1791471021.6321578,1791471022.652163,1791471022.642614,1791471022.652163,1791471022.642614,1791471022.652163,1791471021.6281612,1791471022.652163,1791471021.6321578,1791471022.652163,1791470991.1841617,GAZEBO_CLOCK_SYSTEM_INTERPOLATION,MAPPED_EXACT,0,31.452,1791471022.6361616,0.0015840530395507812,0.0,RGB,0.0,0,1,0,UNCALIBRATED,PREPARATION,FAR,STRAIGHT,1.0,91,1.0,13.166726112365723,0.25718727707862854,nan,nan,False,0.0,0.0,0.0,0.0,0,0,0,0,0,0.0,0.0,0.0,0.0,0.0,0.0,0.0,0.0,0.0,0.0,0.0,0.0,0.0,0.0,12.733662932285338,2.353036908020947,2.383218648318797,0.0,0.0,0.0,0.0,0.0,0.0,0.0,0.0,0.0,0.0,0.0,False,DISABLED,0,nan,nan,nan,nan,nan,nan,nan,nan,nan,nan,nan,nan,nan,nan,nan,nan,nan,nan,nan,nan,nan,nan,nan,nan,nan,nan,nan,nan,nan,nan,nan,nan,nan,nan,45.584563911546404,2.2698909840796206,0.047813536130376255,0.044803030873794794,0.044803030873794794,0.044803030873794794,45.62544546477307,2.370360382827893,0.08417832333745584,-0.04088155322666864,-0.10046939874827254,-0.036364787207079585,0.1084684354043347,0.11440191968529421,0.018221616744995117,False,DISABLED,none,MODEL_ORIGIN_FRAME_NOT_ESTABLISHED,nan,nan,nan,nan,nan,nan,nan,nan,nan,nan,nan,nan,nan,NOT_EVALUATED,nan,nan,nan,nan,DISABLED,nan,nan,nan,nan,nan,nan
1791471022.6841624,1791471022.706745,1791471022.7133644,1791471022.7134068,front_rgbd_red_sphere,True,True,True,,31.5,31.5,1791471022.706745,1791471022.7053237,1791471022.6841624,1791471022.6841624,1791471022.6841624,0.0,1791471021.6721616,1791471022.6921675,1791471022.6826138,1791471022.6921675,1791471022.6826138,1791471022.6921675,1791471021.6681657,1791471022.6921675,1791471021.6721616,1791471022.6921675,1791470991.1841624,GAZEBO_CLOCK_SYSTEM_INTERPOLATION,MAPPED_EXACT,0,31.5,1791471022.6841624,0.0028188228607177734,0.0,RGB,0.0,0,1,0,UNCALIBRATED,PREPARATION,FAR,STRAIGHT,1.0,89,1.0,13.062314987182617,0.25414425134658813,nan,nan,False,0.0,0.0,0.0,0.0,0,0,0,0,0,0.0,0.0,0.0,0.0,0.0,0.0,0.0,0.0,0.0,0.0,0.0,0.0,0.0,0.0,12.642737758055823,2.3303792244271655,2.3139979532352513,0.0,0.0,0.0,0.0,0.0,0.0,0.0,0.0,0.0,0.0,0.0,False,DISABLED,0,nan,nan,nan,nan,nan,nan,nan,nan,nan,nan,nan,nan,nan,nan,nan,nan,nan,nan,nan,nan,nan,nan,nan,nan,nan,nan,nan,nan,nan,nan,nan,nan,nan,nan,45.72396312158561,2.1306575825751297,0.05724697950159291,0.04436211110903953,0.04436211110903953,0.04436211110903953,45.76159937034111,2.234888182174914,0.09329620270977432,-0.03763624875549709,-0.10423059959978431,-0.03604922320818141,0.11081744047448584,0.11653347848249232,0.022582530975341797,False,DISABLED,none,MODEL_ORIGIN_FRAME_NOT_ESTABLISHED,nan,nan,nan,nan,nan,nan,nan,nan,nan,nan,nan,nan,nan,NOT_EVALUATED,nan,nan,nan,nan,DISABLED,nan,nan,nan,nan,nan,nan
1791471022.7361593,1791471022.7549343,1791471022.762223,1791471022.7622604,front_rgbd_red_sphere,True,True,True,,31.552,31.552,1791471022.7549343,1791471022.7535338,1791471022.7361593,1791471022.7361593,1791471022.7361593,0.0,1791471021.7521718,1791471022.7481794,1791471022.7386138,1791471022.7481794,1791471022.742614,1791471022.7521725,1791471021.732161,1791471022.7481794,1791471021.7521718,1791471022.7521725,1791470991.1841593,GAZEBO_CLOCK_SYSTEM_INTERPOLATION,MAPPED_EXACT,0,31.552,1791471022.7361593,0.001405954360961914,0.0,RGB,0.0,0,1,0,UNCALIBRATED,PREPARATION,FAR,STRAIGHT,1.0,93,1.0,12.935470581054688,0.2501940429210663,nan,nan,False,0.0,0.0,0.0,0.0,0,0,0,0,0,0.0,0.0,0.0,0.0,0.0,0.0,0.0,0.0,0.0,0.0,0.0,0.0,0.0,0.0,12.532716720848533,2.2971349615443017,2.231720798755765,0.0,0.0,0.0,0.0,0.0,0.0,0.0,0.0,0.0,0.0,0.0,False,DISABLED,0,nan,nan,nan,nan,nan,nan,nan,nan,nan,nan,nan,nan,nan,nan,nan,nan,nan,nan,nan,nan,nan,nan,nan,nan,nan,nan,nan,nan,nan,nan,nan,nan,nan,nan,45.86328133825101,1.991564061717848,0.06642719555670512,0.043829392198748006,0.043829392198748006,0.043829392198748006,45.90900606902923,2.088129340155053,0.10255422709360995,-0.045724730778225364,-0.09656527843720486,-0.03612703153690483,0.10684382997813253,0.11278637511714174,0.018774986267089844,False,DISABLED,none,MODEL_ORIGIN_FRAME_NOT_ESTABLISHED,nan,nan,nan,nan,nan,nan,nan,nan,nan,nan,nan,nan,nan,NOT_EVALUATED,nan,nan,nan,nan,DISABLED,nan,nan,nan,nan,nan,nan
1791471022.7841582,1791471022.8045378,1791471022.8085208,1791471022.8085482,front_rgbd_red_sphere,True,True,True,,31.6,31.6,1791471022.8045378,1791471022.8032784,1791471022.7841582,1791471022.7841582,1791471022.7841582,0.0,1791471021.7881756,1791471022.788176,1791471022.7786138,1791471022.788176,1791471022.782614,1791471022.7921739,1791471021.7881756,1791471022.788176,1791471021.7721639,1791471022.7921739,1791470991.1841583,GAZEBO_CLOCK_SYSTEM_INTERPOLATION,MAPPED_EXACT,0,31.6,1791471022.7841582,0.0007140636444091797,0.0,RGB,0.0,0,1,0,UNCALIBRATED,PREPARATION,FAR,STRAIGHT,1.0,97,1.0,12.831846237182617,0.24710102379322052,nan,nan,False,0.0,0.0,0.0,0.0,0,0,0,0,0,0.0,0.0,0.0,0.0,0.0,0.0,0.0,0.0,0.0,0.0,0.0,0.0,0.0,0.0,12.442086245007049,2.273254903464352,2.164042890118468,0.0,0.0,0.0,0.0,0.0,0.0,0.0,0.0,0.0,0.0,0.0,False,DISABLED,0,nan,nan,nan,nan,nan,nan,nan,nan,nan,nan,nan,nan,nan,nan,nan,nan,nan,nan,nan,nan,nan,nan,nan,nan,nan,nan,nan,nan,nan,nan,nan,nan,nan,nan,46.002046978526074,1.8523835923482448,0.07435037194490951,0.04339658205067159,0.04339658205067159,0.04339658205067159,46.04507123396452,1.9525883162547355,0.11051297331511724,-0.043024255438446346,-0.10020472390649071,-0.03616260137020773,0.10905078289131495,0.11489041294672615,0.02037954330444336,False,DISABLED,none,MODEL_ORIGIN_FRAME_NOT_ESTABLISHED,nan,nan,nan,nan,nan,nan,nan,nan,nan,nan,nan,nan,nan,NOT_EVALUATED,nan,nan,nan,nan,DISABLED,nan,nan,nan,nan,nan,nan
1791471022.8361592,1791471022.8670332,1791471022.8715281,1791471022.8715472,front_rgbd_red_sphere,True,True,True,,31.652,31.652,1791471022.859502,1791471022.8670332,1791471022.8361592,1791471022.8361592,1791471022.8361592,0.0,1791471021.83216,1791471022.8521638,1791471022.842614,1791471022.8521638,1791471022.842614,1791471022.8521638,1791471021.8281612,1791471022.8521638,1791471021.83216,1791471022.8521638,1791470991.1841593,GAZEBO_CLOCK_SYSTEM_INTERPOLATION,MAPPED_EXACT,0,31.652,1791471022.8361592,0.0032949447631835938,0.0,RGB,0.0,0,1,0,UNCALIBRATED,PREPARATION,FAR,STRAIGHT,1.0,97,1.0,12.706042289733887,0.24314862489700317,nan,nan,False,0.0,0.0,0.0,0.0,0,0,0,0,0,0.0,0.0,0.0,0.0,0.0,0.0,0.0,0.0,0.0,0.0,0.0,0.0,0.0,0.0,12.332290983431621,2.2396209973215235,2.0837989677358806,0.0,0.0,0.0,0.0,0.0,0.0,0.0,0.0,0.0,0.0,0.0,False,DISABLED,0,nan,nan,nan,nan,nan,nan,nan,nan,nan,nan,nan,nan,nan,nan,nan,nan,nan,nan,nan,nan,nan,nan,nan,nan,nan,nan,nan,nan,nan,nan,nan,nan,nan,nan,46.14115119715413,1.7129114538544155,0.08140791432706257,0.0428740204547444,0.0428740204547444,0.0428740204547444,46.192281028508674,1.8058671661435572,0.11839811628093799,-0.05112983135454385,-0.09295571228914179,-0.03699020195387542,0.10608969837607138,0.11235345629803424,0.030874013900756836,False,DISABLED,none,MODEL_ORIGIN_FRAME_NOT_ESTABLISHED,nan,nan,nan,nan,nan,nan,nan,nan,nan,nan,nan,nan,nan,NOT_EVALUATED,nan,nan,nan,nan,DISABLED,nan,nan,nan,nan,nan,nan
1791471022.884174,1791471022.9064457,1791471022.9099965,1791471022.9100204,front_rgbd_red_sphere,True,True,True,,31.7,31.7,1791471022.9064457,1791471022.9043462,1791471022.884174,1791471022.884174,1791471022.884174,0.0,1791471021.89217,1791471022.8921783,1791471022.882614,1791471022.8921783,1791471022.882614,1791471022.8921783,1791471021.89217,1791471022.8921783,1791471021.89217,1791471022.8921783,1791470991.184174,GAZEBO_CLOCK_SYSTEM_INTERPOLATION,MAPPED_EXACT,0,31.7,1791471022.884174,0.0024445056915283203,0.0,RGB,0.0,0,1,0,UNCALIBRATED,PREPARATION,FAR,STRAIGHT,1.0,99,1.0,12.603462219238281,0.2401123195886612,nan,nan,False,0.0,0.0,0.0,0.0,0,0,0,0,0,0.0,0.0,0.0,0.0,0.0,0.0,0.0,0.0,0.0,0.0,0.0,0.0,0.0,0.0,12.241884803003439,2.215517523768373,2.0186620046718176,0.0,0.0,0.0,0.0,0.0,0.0,0.0,0.0,0.0,0.0,0.0,False,DISABLED,0,nan,nan,nan,nan,nan,nan,nan,nan,nan,nan,nan,nan,nan,nan,nan,nan,nan,nan,nan,nan,nan,nan,nan,nan,nan,nan,nan,nan,nan,nan,nan,nan,nan,nan,46.28011361455972,1.5733865785651089,0.08745334166293356,0.042450265183207984,0.042450265183207984,0.042450265183207984,46.328399734835074,1.6701363178206825,0.12500800045923877,-0.048286120275356836,-0.09674973925557362,-0.03755465879630521,0.10812983611042656,0.11446577590954693,0.02227163314819336,False,DISABLED,none,MODEL_ORIGIN_FRAME_NOT_ESTABLISHED,nan,nan,nan,nan,nan,nan,nan,nan,nan,nan,nan,nan,nan,NOT_EVALUATED,nan,nan,nan,nan,DISABLED,nan,nan,nan,nan,nan,nan
1791471022.9361558,1791471022.9547837,1791471022.9632974,1791471022.963335,front_rgbd_red_sphere,True,True,True,,31.752,31.752,1791471022.9547837,1791471022.953116,1791471022.9361558,1791471022.9361558,1791471022.9361558,0.0,1791471021.9481728,1791471022.9481826,1791471022.938614,1791471022.9481826,1791471022.9426138,1791471022.952169,1791471021.9481728,1791471022.9481826,1791471021.9321578,1791471022.952169,1791470991.1841557,GAZEBO_CLOCK_SYSTEM_INTERPOLATION,MAPPED_EXACT,0,31.752,1791471022.9361558,0.0018770694732666016,0.0,RGB,0.0,0,1,0,UNCALIBRATED,PREPARATION,FAR,STRAIGHT,1.0,101,1.0,12.47823715209961,0.23613417148590088,nan,nan,False,0.0,0.0,0.0,0.0,0,0,0,0,0,0.0,0.0,0.0,0.0,0.0,0.0,0.0,0.0,0.0,0.0,0.0,0.0,0.0,0.0,12.13196146852187,2.18095640866758,1.9404491104815271,0.0,0.0,0.0,0.0,0.0,0.0,0.0,0.0,0.0,0.0,0.0,False,DISABLED,0,nan,nan,nan,nan,nan,nan,nan,nan,nan,nan,nan,nan,nan,nan,nan,nan,nan,nan,nan,nan,nan,nan,nan,nan,nan,nan,nan,nan,nan,nan,nan,nan,nan,nan,46.419363650411256,1.4344737857052081,0.0929445806021772,0.041935819727864004,0.041935819727864004,0.041935819727864004,46.47561039818122,1.5232781307875722,0.13133459599179362,-0.0562467477699613,-0.08880434508236412,-0.03839001538961642,0.10511854422605584,0.11190934555174667,0.01862788200378418,False,DISABLED,none,MODEL_ORIGIN_FRAME_NOT_ESTABLISHED,nan,nan,nan,nan,nan,nan,nan,nan,nan,nan,nan,nan,nan,NOT_EVALUATED,nan,nan,nan,nan,DISABLED,nan,nan,nan,nan,nan,nan
1791471022.9841566,1791471023.0019684,1791471023.0055819,1791471023.0056036,front_rgbd_red_sphere,True,True,True,,31.8,31.8,1791471023.0019684,1791471023.000102,1791471022.9841566,1791471022.9841566,1791471022.9841566,0.0,1791471021.9881706,1791471022.988174,1791471022.9786139,1791471022.988174,1791471022.9826138,1791471022.9921641,1791471021.9881706,1791471022.988174,1791471021.9721577,1791471022.9921641,1791470991.1841567,GAZEBO_CLOCK_SYSTEM_INTERPOLATION,MAPPED_EXACT,0,31.8,1791471022.9841566,0.0021758079528808594,0.0,RGB,0.0,0,1,0,UNCALIBRATED,PREPARATION,FAR,STRAIGHT,1.0,100,1.0,12.376297950744629,0.23299762606620789,nan,nan,False,0.0,0.0,0.0,0.0,0,0,0,0,0,0.0,0.0,0.0,0.0,0.0,0.0,0.0,0.0,0.0,0.0,0.0,0.0,0.0,0.0,12.04187335059658,2.1551986773171237,1.876473821481559,0.0,0.0,0.0,0.0,0.0,0.0,0.0,0.0,0.0,0.0,0.0,False,DISABLED,0,nan,nan,nan,nan,nan,nan,nan,nan,nan,nan,nan,nan,nan,nan,nan,nan,nan,nan,nan,nan,nan,nan,nan,nan,nan,nan,nan,nan,nan,nan,nan,nan,nan,nan,46.558915774626385,1.2954921949560037,0.09765975308773195,0.0415193515160691,0.0415193515160691,0.0415193515160691,46.61152638835802,1.3876338464010027,0.13642151300722663,-0.05261061373163756,-0.09214165144499908,-0.03876175991949468,0.10610353720885686,0.11296209382039542,0.01781177520751953,False,DISABLED,none,MODEL_ORIGIN_FRAME_NOT_ESTABLISHED,nan,nan,nan,nan,nan,nan,nan,nan,nan,nan,nan,nan,nan,NOT_EVALUATED,nan,nan,nan,nan,DISABLED,nan,nan,nan,nan,nan,nan
1791471023.0361612,1791471023.0561192,1791471023.0629818,1791471023.063002,front_rgbd_red_sphere,True,True,True,,31.852,31.852,1791471023.0561192,1791471023.0547845,1791471023.0361612,1791471023.0361612,1791471023.0361612,0.0,1791471022.0521622,1791471023.0521753,1791471023.042614,1791471023.0521753,1791471023.042614,1791471023.0521753,1791471022.0521622,1791471023.0521753,1791471022.0521622,1791471023.0521753,1791470991.1841612,GAZEBO_CLOCK_SYSTEM_INTERPOLATION,MAPPED_EXACT,0,31.852,1791471023.0361612,0.0023474693298339844,0.0,RGB,0.0,0,1,0,UNCALIBRATED,PREPARATION,FAR,STRAIGHT,1.0,102,1.0,12.25186538696289,0.22893451154232025,nan,nan,False,0.0,0.0,0.0,0.0,0,0,0,0,0,0.0,0.0,0.0,0.0,0.0,0.0,0.0,0.0,0.0,0.0,0.0,0.0,0.0,0.0,11.9321992135826,2.119924127814425,1.799099018824446,0.0,0.0,0.0,0.0,0.0,0.0,0.0,0.0,0.0,0.0,0.0,False,DISABLED,0,nan,nan,nan,nan,nan,nan,nan,nan,nan,nan,nan,nan,nan,nan,nan,nan,nan,nan,nan,nan,nan,nan,nan,nan,nan,nan,nan,nan,nan,nan,nan,nan,nan,nan,46.69879164110502,1.1563157354396,0.10155060391042531,0.04101380652052691,0.04101380652052691,0.04101380652052691,46.758705288184935,1.2406935703662247,0.141031903233802,-0.05991364707991664,-0.08437783492662465,-0.039481299323376684,0.10348557451800479,0.11076117157913953,0.019958019256591797,False,DISABLED,none,MODEL_ORIGIN_FRAME_NOT_ESTABLISHED,nan,nan,nan,nan,nan,nan,nan,nan,nan,nan,nan,nan,nan,NOT_EVALUATED,nan,nan,nan,nan,DISABLED,nan,nan,nan,nan,nan,nan
1791471023.084157,1791471023.1057534,1791471023.1090128,1791471023.1090336,front_rgbd_red_sphere,True,True,True,,31.9,31.9,1791471023.1057534,1791471023.1036758,1791471023.084157,1791471023.084157,1791471023.084157,0.0,1791471022.072161,1791471023.0921643,1791471023.082614,1791471023.0921643,1791471023.082614,1791471023.0921643,1791471022.0681646,1791471023.0921643,1791471022.072161,1791471023.0921643,1791470991.184157,GAZEBO_CLOCK_SYSTEM_INTERPOLATION,MAPPED_EXACT,0,31.9,1791471023.084157,0.0018146038055419922,0.0,RGB,0.0,0,1,0,UNCALIBRATED,PREPARATION,FAR,STRAIGHT,1.0,105,1.0,12.150710105895996,0.2257174551486969,nan,nan,False,0.0,0.0,0.0,0.0,0,0,0,0,0,0.0,0.0,0.0,0.0,0.0,0.0,0.0,0.0,0.0,0.0,0.0,0.0,0.0,0.0,11.842492424391981,2.0933205458256303,1.7358380127565374,0.0,0.0,0.0,0.0,0.0,0.0,0.0,0.0,0.0,0.0,0.0,False,DISABLED,0,nan,nan,nan,nan,nan,nan,nan,nan,nan,nan,nan,nan,nan,nan,nan,nan,nan,nan,nan,nan,nan,nan,nan,nan,nan,nan,nan,nan,nan,nan,nan,nan,nan,nan,46.83887625593376,1.017122009187183,0.1046788881831811,0.040605110990834185,0.040605110990834185,0.040605110990834185,46.89454341649415,1.1050319654378902,0.14447643826741047,-0.05566716056038956,-0.08790995625070708,-0.03979755008422936,0.1040528383700196,0.11140394142742063,0.021596431732177734,False,DISABLED,none,MODEL_ORIGIN_FRAME_NOT_ESTABLISHED,nan,nan,nan,nan,nan,nan,nan,nan,nan,nan,nan,nan,nan,NOT_EVALUATED,nan,nan,nan,nan,DISABLED,nan,nan,nan,nan,nan,nan
1791471023.136159,1791471023.162344,1791471023.1656146,1791471023.1656353,front_rgbd_red_sphere,True,True,True,,31.952,31.952,1791471023.162344,1791471023.160705,1791471023.136159,1791471023.136159,1791471023.136159,0.0,1791471022.1521676,1791471023.14817,1791471023.138614,1791471023.14817,1791471023.142614,1791471023.1521776,1791471022.1321597,1791471023.14817,1791471022.1521676,1791471023.1521776,1791470991.184159,GAZEBO_CLOCK_SYSTEM_INTERPOLATION,MAPPED_EXACT,0,31.952,1791471023.136159,0.0023539066314697266,0.0,RGB,0.0,0,1,0,UNCALIBRATED,PREPARATION,FAR,STRAIGHT,1.0,104,1.0,12.026754379272461,0.22149623930454254,nan,nan,False,0.0,0.0,0.0,0.0,0,0,0,0,0,0.0,0.0,0.0,0.0,0.0,0.0,0.0,0.0,0.0,0.0,0.0,0.0,0.0,0.0,11.732938634531465,2.0564458022411287,1.6589150998690059,0.0,0.0,0.0,0.0,0.0,0.0,0.0,0.0,0.0,0.0,0.0,False,DISABLED,0,nan,nan,nan,nan,nan,nan,nan,nan,nan,nan,nan,nan,nan,nan,nan,nan,nan,nan,nan,nan,nan,nan,nan,nan,nan,nan,nan,nan,nan,nan,nan,nan,nan,nan,46.97919972709115,0.8783441635684825,0.10721970235454675,0.0401070885553298,0.0401070885553298,0.0401070885553298,47.041600292543784,0.9581220564408843,0.14725542120388446,-0.06240056545263428,-0.07977789287240178,-0.04003571884933771,0.1012834772308342,0.10890914352685051,0.026185035705566406,False,DISABLED,none,MODEL_ORIGIN_FRAME_NOT_ESTABLISHED,nan,nan,nan,nan,nan,nan,nan,nan,nan,nan,nan,nan,nan,NOT_EVALUATED,nan,nan,nan,nan,DISABLED,nan,nan,nan,nan,nan,nan
1791471023.1841564,1791471023.2151074,1791471023.2183468,1791471023.2183695,front_rgbd_red_sphere,True,True,True,,32.0,32.0,1791471023.2151074,1791471023.2141643,1791471023.1841564,1791471023.1841564,1791471023.1841564,0.0,1791471022.1721592,1791471023.1881685,1791471023.178614,1791471023.1881685,1791471023.1826138,1791471023.1921678,1791471022.1721592,1791471023.1881685,1791471022.1721592,1791471023.1921678,1791470991.1841564,GAZEBO_CLOCK_SYSTEM_INTERPOLATION,MAPPED_EXACT,0,32.0,1791471023.1841564,0.003173351287841797,0.0,RGB,0.0,0,1,0,UNCALIBRATED,PREPARATION,FAR,STRAIGHT,1.0,105,1.0,11.925630569458008,0.2180950790643692,nan,nan,False,0.0,0.0,0.0,0.0,0,0,0,0,0,0.0,0.0,0.0,0.0,0.0,0.0,0.0,0.0,0.0,0.0,0.0,0.0,0.0,0.0,11.643128918396227,2.0277436577495997,1.5957658304043791,0.0,0.0,0.0,0.0,0.0,0.0,0.0,0.0,0.0,0.0,0.0,False,DISABLED,0,nan,nan,nan,nan,nan,nan,nan,nan,nan,nan,nan,nan,nan,nan,nan,nan,nan,nan,nan,nan,nan,nan,nan,nan,nan,nan,nan,nan,nan,nan,nan,nan,nan,nan,47.11931538573184,0.7395223908455648,0.10906254138296939,0.03970307526853222,0.03970307526853222,0.03970307526853222,47.177542247885164,0.8222821193249432,0.14897493270785755,-0.05822686215332595,-0.0827597284793784,-0.03991239132488816,0.10119061287591284,0.10877747522108548,0.03095102310180664,False,DISABLED,none,MODEL_ORIGIN_FRAME_NOT_ESTABLISHED,nan,nan,nan,nan,nan,nan,nan,nan,nan,nan,nan,nan,nan,NOT_EVALUATED,nan,nan,nan,nan,DISABLED,nan,nan,nan,nan,nan,nan
1791471023.2361624,1791471023.255943,1791471023.2626984,1791471023.2627325,front_rgbd_red_sphere,True,True,True,,32.052,32.052,1791471023.255943,1791471023.2547088,1791471023.2361624,1791471023.2361624,1791471023.2361624,0.0,1791471022.2521622,1791471023.2521787,1791471023.242614,1791471023.2521787,1791471023.242614,1791471023.2521787,1791471022.2521622,1791471023.2521787,1791471022.2521622,1791471023.2521787,1791470991.1841624,GAZEBO_CLOCK_SYSTEM_INTERPOLATION,MAPPED_EXACT,0,32.052,1791471023.2361624,0.0018262863159179688,0.0,RGB,0.0,0,1,0,UNCALIBRATED,PREPARATION,FAR,STRAIGHT,1.0,114,1.0,11.8019380569458,0.21373412013053894,nan,nan,False,0.0,0.0,0.0,0.0,0,0,0,0,0,0.0,0.0,0.0,0.0,0.0,0.0,0.0,0.0,0.0,0.0,0.0,0.0,0.0,0.0,11.533393160549716,1.9897019726873815,1.519102780440809,0.0,0.0,0.0,0.0,0.0,0.0,0.0,0.0,0.0,0.0,0.0,False,DISABLED,0,nan,nan,nan,nan,nan,nan,nan,nan,nan,nan,nan,nan,nan,nan,nan,nan,nan,nan,nan,nan,nan,nan,nan,nan,nan,nan,nan,nan,nan,nan,nan,nan,nan,nan,47.259798785002886,0.6005034767829924,0.11020316289792215,0.03921167560015427,0.03921167560015427,0.03921167560015427,47.32466332864404,0.6752386499019944,0.14985525001766176,-0.06486454364115701,-0.07473517311900202,-0.03965208711973961,0.09895835044554231,0.10660695632018664,0.019780635833740234,False,DISABLED,none,MODEL_ORIGIN_FRAME_NOT_ESTABLISHED,nan,nan,nan,nan,nan,nan,nan,nan,nan,nan,nan,nan,nan,NOT_EVALUATED,nan,nan,nan,nan,DISABLED,nan,nan,nan,nan,nan,nan
1791471023.2841573,1791471023.3149116,1791471023.32255,1791471023.322586,front_rgbd_red_sphere,True,True,True,,32.1,32.1,1791471023.3149116,1791471023.3030143,1791471023.2841573,1791471023.2841573,1791471023.2841573,0.0,1791471022.2721603,1791471023.2921653,1791471023.282614,1791471023.2921653,1791471023.282614,1791471023.2921653,1791471022.268162,1791471023.2921653,1791471022.2721603,1791471023.2921653,1791470991.1841574,GAZEBO_CLOCK_SYSTEM_INTERPOLATION,MAPPED_EXACT,0,32.1,1791471023.2841573,0.0034668445587158203,0.0,RGB,0.0,0,1,0,UNCALIBRATED,PREPARATION,FAR,STRAIGHT,1.0,115,1.0,11.70140552520752,0.21029062569141388,nan,nan,False,0.0,0.0,0.0,0.0,0,0,0,0,0,0.0,0.0,0.0,0.0,0.0,0.0,0.0,0.0,0.0,0.0,0.0,0.0,0.0,0.0,11.443626551934337,1.960693232612531,1.456700091585013,0.0,0.0,0.0,0.0,0.0,0.0,0.0,0.0,0.0,0.0,0.0,False,DISABLED,0,nan,nan,nan,nan,nan,nan,nan,nan,nan,nan,nan,nan,nan,nan,nan,nan,nan,nan,nan,nan,nan,nan,nan,nan,nan,nan,nan,nan,nan,nan,nan,nan,nan,nan,47.40078693047356,0.46089956825985645,0.11079624240197644,0.03881453636804925,0.03881453636804925,0.03881453636804925,47.46044019162049,0.5395095914893998,0.1498046942631824,-0.059653261146934256,-0.07861002322954336,-0.03900845186120597,0.09868154496973425,0.10611176482474365,0.03075432777404785,False,DISABLED,none,MODEL_ORIGIN_FRAME_NOT_ESTABLISHED,nan,nan,nan,nan,nan,nan,nan,nan,nan,nan,nan,nan,nan,NOT_EVALUATED,nan,nan,nan,nan,DISABLED,nan,nan,nan,nan,nan,nan
1791471023.3361585,1791471023.3542097,1791471023.3643477,1791471023.364391,front_rgbd_red_sphere,True,True,True,,32.152,32.152,1791471023.3542097,1791471023.3531966,1791471023.3361585,1791471023.3361585,1791471023.3361585,0.0,1791471022.3321643,1791471023.348171,1791471023.338614,1791471023.348171,1791471023.342614,1791471023.3521664,1791471022.3321643,1791471023.348171,1791471022.3321643,1791471023.3521664,1791470991.1841586,GAZEBO_CLOCK_SYSTEM_INTERPOLATION,MAPPED_EXACT,0,32.152,1791471023.3361585,0.0017294883728027344,0.0,RGB,0.0,0,1,0,UNCALIBRATED,PREPARATION,FAR,STRAIGHT,1.0,114,1.0,11.578208923339844,0.2058817446231842,nan,nan,False,0.0,0.0,0.0,0.0,0,0,0,0,0,0.0,0.0,0.0,0.0,0.0,0.0,0.0,0.0,0.0,0.0,0.0,0.0,0.0,0.0,11.333690134080676,1.9226135794405756,1.3805615072274877,0.0,0.0,0.0,0.0,0.0,0.0,0.0,0.0,0.0,0.0,0.0,False,DISABLED,0,nan,nan,nan,nan,nan,nan,nan,nan,nan,nan,nan,nan,nan,nan,nan,nan,nan,nan,nan,nan,nan,nan,nan,nan,nan,nan,nan,nan,nan,nan,nan,nan,nan,nan,47.54167650524102,0.32131024784098816,0.1106582379075754,0.038330627011438294,0.038330627011438294,0.038330627011438294,47.607502206240184,0.39247791258979475,0.14876445699092253,-0.06582570099916296,-0.07116766474880659,-0.03810621908334713,0.09694255731013976,0.10416306135409895,0.0180511474609375,False,DISABLED,none,MODEL_ORIGIN_FRAME_NOT_ESTABLISHED,nan,nan,nan,nan,nan,nan,nan,nan,nan,nan,nan,nan,nan,NOT_EVALUATED,nan,nan,nan,nan,DISABLED,nan,nan,nan,nan,nan,nan
1791471023.3841567,1791471023.4031267,1791471023.407573,1791471023.407599,front_rgbd_red_sphere,True,True,True,,32.2,32.2,1791471023.4031267,1791471023.4019694,1791471023.3841567,1791471023.3841567,1791471023.3841567,0.0,1791471022.372159,1791471023.3881643,1791471023.378614,1791471023.3881643,1791471023.382614,1791471023.3921645,1791471022.372159,1791471023.3881643,1791471022.372159,1791471023.3921645,1791470991.1841567,GAZEBO_CLOCK_SYSTEM_INTERPOLATION,MAPPED_EXACT,0,32.2,1791471023.3841567,0.003317117691040039,0.0,RGB,0.0,0,1,0,UNCALIBRATED,PREPARATION,FAR,STRAIGHT,1.0,117,1.0,11.477446556091309,0.20237542688846588,nan,nan,False,0.0,0.0,0.0,0.0,0,0,0,0,0,0.0,0.0,0.0,0.0,0.0,0.0,0.0,0.0,0.0,0.0,0.0,0.0,0.0,0.0,11.243214010952048,1.8928256415288587,1.3187645388599867,0.0,0.0,0.0,0.0,0.0,0.0,0.0,0.0,0.0,0.0,0.0,False,DISABLED,0,nan,nan,nan,nan,nan,nan,nan,nan,nan,nan,nan,nan,nan,nan,nan,nan,nan,nan,nan,nan,nan,nan,nan,nan,nan,nan,nan,nan,nan,nan,nan,nan,nan,nan,47.682163679143,0.1818069377997169,0.10918969490269609,0.03793709424463422,0.03793709424463422,0.03793709424463422,47.74330270582071,0.25669151421599345,0.1469461555880424,-0.061139026677707875,-0.07488457641627655,-0.0377564606853463,0.09667305916408478,0.10378453975244452,0.018970012664794922,False,DISABLED,none,MODEL_ORIGIN_FRAME_NOT_ESTABLISHED,nan,nan,nan,nan,nan,nan,nan,nan,nan,nan,nan,nan,nan,NOT_EVALUATED,nan,nan,nan,nan,DISABLED,nan,nan,nan,nan,nan,nan
1791471023.4361632,1791471023.4559672,1791471023.4619071,1791471023.4619296,front_rgbd_red_sphere,True,True,True,,32.252,32.252,1791471023.4559672,1791471023.4549656,1791471023.4361632,1791471023.4361632,1791471023.4361632,0.0,1791471022.4321556,1791471023.4521682,1791471023.4426138,1791471023.4521682,1791471023.4426138,1791471023.4521682,1791471022.4281569,1791471023.4521682,1791471022.4321556,1791471023.4521682,1791470991.184163,GAZEBO_CLOCK_SYSTEM_INTERPOLATION,MAPPED_EXACT,0,32.252,1791471023.4361632,0.0018796920776367188,0.0,RGB,0.0,0,1,0,UNCALIBRATED,PREPARATION,FAR,STRAIGHT,1.0,117,1.0,11.354545593261719,0.19796353578567505,nan,nan,False,0.0,0.0,0.0,0.0,0,0,0,0,0,0.0,0.0,0.0,0.0,0.0,0.0,0.0,0.0,0.0,0.0,0.0,0.0,0.0,0.0,11.132781769994544,1.8545318156153172,1.24402384391158,0.0,0.0,0.0,0.0,0.0,0.0,0.0,0.0,0.0,0.0,0.0,False,DISABLED,0,nan,nan,nan,nan,nan,nan,nan,nan,nan,nan,nan,nan,nan,nan,nan,nan,nan,nan,nan,nan,nan,nan,nan,nan,nan,nan,nan,nan,nan,nan,nan,nan,nan,nan,47.8229540729001,0.041856895878068734,0.1068200541952225,0.03745984485676089,0.03745984485676089,0.03745984485676089,47.890346455513935,0.10965291647209231,0.14401043154744272,-0.06739238261383207,-0.06779602059402358,-0.03719037735222022,0.09559306273341389,0.10257269524758984,0.019804000854492188,False,DISABLED,none,MODEL_ORIGIN_FRAME_NOT_ESTABLISHED,nan,nan,nan,nan,nan,nan,nan,nan,nan,nan,nan,nan,nan,NOT_EVALUATED,nan,nan,nan,nan,DISABLED,nan,nan,nan,nan,nan,nan
1791471023.484158,1791471023.5061634,1791471023.509541,1791471023.5095623,front_rgbd_red_sphere,True,True,True,,32.3,32.3,1791471023.5061634,1791471023.5048733,1791471023.484158,1791471023.484158,1791471023.484158,0.0,1791471022.472157,1791471023.4921634,1791471023.4826138,1791471023.4921634,1791471023.4826138,1791471023.4921634,1791471022.468161,1791471023.4921634,1791471022.472157,1791471023.4921634,1791470991.184158,GAZEBO_CLOCK_SYSTEM_INTERPOLATION,MAPPED_EXACT,0,32.3,1791471023.484158,0.0022110939025878906,0.0,RGB,0.0,0,1,0,UNCALIBRATED,PREPARATION,FAR,STRAIGHT,1.0,119,1.0,11.254388809204102,0.19450852274894714,nan,nan,False,0.0,0.0,0.0,0.0,0,0,0,0,0,0.0,0.0,0.0,0.0,0.0,0.0,0.0,0.0,0.0,0.0,0.0,0.0,0.0,0.0,11.042162640510686,1.8245452814488026,1.18446320903944,0.0,0.0,0.0,0.0,0.0,0.0,0.0,0.0,0.0,0.0,0.0,False,DISABLED,0,nan,nan,nan,nan,nan,nan,nan,nan,nan,nan,nan,nan,nan,nan,nan,nan,nan,nan,nan,nan,nan,nan,nan,nan,nan,nan,nan,nan,nan,nan,nan,nan,nan,nan,47.963668617886924,-0.09840598293951341,0.10316798011061051,0.037073150020087146,0.037073150020087146,0.037073150020087146,48.02599928501545,-0.02599914718849553,0.14047407593808078,-0.06233066712852775,-0.07240683575101789,-0.03730609582747027,0.09553984471497853,0.10256513400786159,0.022005319595336914,False,DISABLED,none,MODEL_ORIGIN_FRAME_NOT_ESTABLISHED,nan,nan,nan,nan,nan,nan,nan,nan,nan,nan,nan,nan,nan,NOT_EVALUATED,nan,nan,nan,nan,DISABLED,nan,nan,nan,nan,nan,nan
1791471023.5361607,1791471023.5659227,1791471023.5691605,1791471023.569188,front_rgbd_red_sphere,True,True,True,,32.352,32.352,1791471023.5569863,1791471023.5659227,1791471023.5361607,1791471023.5361607,1791471023.5361607,0.0,1791471022.5481763,1791471023.5482137,1791471023.5386438,1791471023.5482137,1791471023.542644,1791471023.5521781,1791471022.5481763,1791471023.5482137,1791471022.5321574,1791471023.5521781,1791470991.1841607,GAZEBO_CLOCK_SYSTEM_INTERPOLATION,MAPPED_EXACT,0,32.352,1791471023.5361607,0.002019166946411133,0.0,RGB,0.0,0,1,0,UNCALIBRATED,PREPARATION,FAR,STRAIGHT,1.0,121,1.0,11.131559371948242,0.19006119668483734,nan,nan,False,0.0,0.0,0.0,0.0,0,0,0,0,0,0.0,0.0,0.0,0.0,0.0,0.0,0.0,0.0,0.0,0.0,0.0,0.0,0.0,0.0,10.931109553266623,1.7851274021021517,1.1116532203206573,0.0,0.0,0.0,0.0,0.0,0.0,0.0,0.0,0.0,0.0,0.0,False,DISABLED,0,nan,nan,nan,nan,nan,nan,nan,nan,nan,nan,nan,nan,nan,nan,nan,nan,nan,nan,nan,nan,nan,nan,nan,nan,nan,nan,nan,nan,nan,nan,nan,nan,nan,nan,48.104145519386826,-0.23835458885998317,0.09865583579628551,0.036601655495920433,0.036601655495920433,0.036601655495920433,48.1731379953154,-0.1731358198712307,0.1357126405495128,-0.06899247592857449,-0.06521876898875248,-0.037056804753227285,0.09493918876398298,0.1019149466058929,0.02976202964782715,False,DISABLED,none,MODEL_ORIGIN_FRAME_NOT_ESTABLISHED,nan,nan,nan,nan,nan,nan,nan,nan,nan,nan,nan,nan,nan,NOT_EVALUATED,nan,nan,nan,nan,DISABLED,nan,nan,nan,nan,nan,nan
1791471023.584158,1791471023.60243,1791471023.606856,1791471023.606884,front_rgbd_red_sphere,True,True,True,,32.4,32.4,1791471023.60243,1791471023.601085,1791471023.584158,1791471023.584158,1791471023.584158,0.0,1791471022.572164,1791471023.58817,1791471023.578644,1791471023.58817,1791471023.582644,1791471023.5921729,1791471022.572164,1791471023.58817,1791471022.572164,1791471023.5921729,1791470991.1841578,GAZEBO_CLOCK_SYSTEM_INTERPOLATION,MAPPED_EXACT,0,32.4,1791471023.584158,0.002530813217163086,0.0,RGB,0.0,0,1,0,UNCALIBRATED,PREPARATION,FAR,STRAIGHT,1.0,119,1.0,11.031281471252441,0.1865256428718567,nan,nan,False,0.0,0.0,0.0,0.0,0,0,0,0,0,0.0,0.0,0.0,0.0,0.0,0.0,0.0,0.0,0.0,0.0,0.0,0.0,0.0,0.0,10.839937600029149,1.7532486046060392,1.0540556086562427,0.0,0.0,0.0,0.0,0.0,0.0,0.0,0.0,0.0,0.0,0.0,False,DISABLED,0,nan,nan,nan,nan,nan,nan,nan,nan,nan,nan,nan,nan,nan,nan,nan,nan,nan,nan,nan,nan,nan,nan,nan,nan,nan,nan,nan,nan,nan,nan,nan,nan,nan,nan,48.24441454611605,-0.3785953537826101,0.09326249979292373,0.036218965747959936,0.036218965747959936,0.036218965747959936,48.30900844399363,-0.30899846155593513,0.13053270585569793,-0.06459389787758596,-0.06959689222667498,-0.0372702060627742,0.09495314134156603,0.10200572195025663,0.01827216148376465,False,DISABLED,none,MODEL_ORIGIN_FRAME_NOT_ESTABLISHED,nan,nan,nan,nan,nan,nan,nan,nan,nan,nan,nan,nan,nan,NOT_EVALUATED,nan,nan,nan,nan,DISABLED,nan,nan,nan,nan,nan,nan
1791471023.6361609,1791471023.6571655,1791471023.6626415,1791471023.6626782,front_rgbd_red_sphere,True,True,True,,32.452,32.452,1791471023.6571655,1791471023.6558726,1791471023.6361609,1791471023.6361609,1791471023.6361609,0.0,1791471022.652163,1791471023.6521714,1791471023.642644,1791471023.6521714,1791471023.642644,1791471023.6521714,1791471022.652163,1791471023.6521714,1791471022.652163,1791471023.6521714,1791470991.184161,GAZEBO_CLOCK_SYSTEM_INTERPOLATION,MAPPED_EXACT,0,32.452,1791471023.6361609,0.002391815185546875,0.0,RGB,0.0,0,1,0,UNCALIBRATED,PREPARATION,FAR,STRAIGHT,1.0,128,1.0,10.908864974975586,0.18207882344722748,nan,nan,False,0.0,0.0,0.0,0.0,0,0,0,0,0,0.0,0.0,0.0,0.0,0.0,0.0,0.0,0.0,0.0,0.0,0.0,0.0,0.0,0.0,10.72853529375397,1.7130146362953091,0.983593615050264,0.0,0.0,0.0,0.0,0.0,0.0,0.0,0.0,0.0,0.0,0.0,False,DISABLED,0,nan,nan,nan,nan,nan,nan,nan,nan,nan,nan,nan,nan,nan,nan,nan,nan,nan,nan,nan,nan,nan,nan,nan,nan,nan,nan,nan,nan,nan,nan,nan,nan,nan,nan,48.38483901510251,-0.5189316953951177,0.08704175662817987,0.03575451920634065,0.03575451920634065,0.03575451920634065,48.45605329359873,-0.45602232560512534,0.12406881325710058,-0.07121427849622108,-0.0629093697899924,-0.03702705662892071,0.09502137795839073,0.10198070990002299,0.021004676818847656,False,DISABLED,none,MODEL_ORIGIN_FRAME_NOT_ESTABLISHED,nan,nan,nan,nan,nan,nan,nan,nan,nan,nan,nan,nan,nan,NOT_EVALUATED,nan,nan,nan,nan,DISABLED,nan,nan,nan,nan,nan,nan
1791471023.6841633,1791471023.702692,1791471023.7057085,1791471023.7057302,front_rgbd_red_sphere,True,True,True,,32.5,32.5,1791471023.702692,1791471023.7017221,1791471023.6841633,1791471023.6841633,1791471023.6841633,0.0,1791471022.6921675,1791471023.6921785,1791471023.682644,1791471023.6921785,1791471023.682644,1791471023.6921785,1791471022.6921675,1791471023.6921785,1791471022.6921675,1791471023.6921785,1791470991.1841633,GAZEBO_CLOCK_SYSTEM_INTERPOLATION,MAPPED_EXACT,0,32.5,1791471023.6841633,0.002703428268432617,0.0,RGB,0.0,0,1,0,UNCALIBRATED,PREPARATION,FAR,STRAIGHT,1.0,126,1.0,10.808793067932129,0.17863048613071442,nan,nan,False,0.0,0.0,0.0,0.0,0,0,0,0,0,0.0,0.0,0.0,0.0,0.0,0.0,0.0,0.0,0.0,0.0,0.0,0.0,0.0,0.0,10.63680318173651,1.681291125429805,0.9282719534343631,0.0,0.0,0.0,0.0,0.0,0.0,0.0,0.0,0.0,0.0,0.0,False,DISABLED,0,nan,nan,nan,nan,nan,nan,nan,nan,nan,nan,nan,nan,nan,nan,nan,nan,nan,nan,nan,nan,nan,nan,nan,nan,nan,nan,nan,nan,nan,nan,nan,nan,nan,nan,48.524808391582276,-0.659282056450901,0.07987541378904522,0.03537707019094188,0.03537707019094188,0.03537707019094188,48.59184031718537,-0.5917741466941798,0.11738471923710903,-0.06703192560309645,-0.06750790975672116,-0.0375093054480638,0.09513462529374185,0.10226213827696355,0.01852869987487793,False,DISABLED,none,MODEL_ORIGIN_FRAME_NOT_ESTABLISHED,nan,nan,nan,nan,nan,nan,nan,nan,nan,nan,nan,nan,nan,NOT_EVALUATED,nan,nan,nan,nan,DISABLED,nan,nan,nan,nan,nan,nan
1791471023.7361631,1791471023.7577493,1791471023.7629468,1791471023.76297,front_rgbd_red_sphere,True,True,True,,32.552,32.552,1791471023.7577493,1791471023.7559068,1791471023.7361631,1791471023.7361631,1791471023.7361631,0.0,1791471022.7321594,1791471023.748175,1791471023.738644,1791471023.748175,1791471023.7426438,1791471023.7521672,1791471022.7321594,1791471023.748175,1791471022.7321594,1791471023.7521672,1791470991.184163,GAZEBO_CLOCK_SYSTEM_INTERPOLATION,MAPPED_EXACT,0,32.552,1791471023.7361631,0.003094196319580078,0.0,RGB,0.0,0,1,0,UNCALIBRATED,PREPARATION,FAR,STRAIGHT,1.0,133,1.0,10.686466217041016,0.17429347336292267,nan,nan,False,0.0,0.0,0.0,0.0,0,0,0,0,0,0.0,0.0,0.0,0.0,0.0,0.0,0.0,0.0,0.0,0.0,0.0,0.0,0.0,0.0,10.524558491985479,1.6414423951209685,0.8601676504706717,0.0,0.0,0.0,0.0,0.0,0.0,0.0,0.0,0.0,0.0,0.0,False,DISABLED,0,nan,nan,nan,nan,nan,nan,nan,nan,nan,nan,nan,nan,nan,nan,nan,nan,nan,nan,nan,nan,nan,nan,nan,nan,nan,nan,nan,nan,nan,nan,nan,nan,nan,nan,48.66491910412724,-0.7995504243003024,0.07184266223832753,0.03491840070323588,0.03491840070323588,0.03491840070323588,48.73894363651366,-0.7388154369131088,0.10937224741493863,-0.07402453238641726,-0.06073498738719363,-0.037529585176611105,0.09575160618992408,0.1028437642809656,0.021586179733276367,False,DISABLED,none,MODEL_ORIGIN_FRAME_NOT_ESTABLISHED,nan,nan,nan,nan,nan,nan,nan,nan,nan,nan,nan,nan,nan,NOT_EVALUATED,nan,nan,nan,nan,DISABLED,nan,nan,nan,nan,nan,nan
1791471023.784175,1791471023.8167071,1791471023.822911,1791471023.8229368,front_rgbd_red_sphere,True,True,True,,32.6,32.6,1791471023.8167071,1791471023.8160558,1791471023.784175,1791471023.784175,1791471023.784175,0.0,1791471022.772181,1791471023.788166,1791471023.802644,1791471023.788166,1791471023.802644,1791471023.7921693,1791471022.772181,1791471023.788166,1791471022.772181,1791471023.7921693,1791470991.184175,GAZEBO_CLOCK_SYSTEM_INTERPOLATION,MAPPED_EXACT,0,32.6,1791471023.784175,0.005020618438720703,0.0,RGB,0.0,0,1,0,UNCALIBRATED,PREPARATION,FAR,STRAIGHT,1.0,133,1.0,10.586368560791016,0.170882448554039,nan,nan,False,0.0,0.0,0.0,0.0,0,0,0,0,0,0.0,0.0,0.0,0.0,0.0,0.0,0.0,0.0,0.0,0.0,0.0,0.0,0.0,0.0,10.432178617394248,1.609151535094668,0.8071374327830858,0.0,0.0,0.0,0.0,0.0,0.0,0.0,0.0,0.0,0.0,0.0,False,DISABLED,0,nan,nan,nan,nan,nan,nan,nan,nan,nan,nan,nan,nan,nan,nan,nan,nan,nan,nan,nan,nan,nan,nan,nan,nan,nan,nan,nan,nan,nan,nan,nan,nan,nan,nan,48.80514194030504,-0.9397353111282989,0.06303886052024327,0.034545308029835305,0.034545308029835305,0.034545308029835305,48.87475010709334,-0.8745389000420911,0.10134483847627831,-0.06960816678829929,-0.06519641108620777,-0.03830597795603505,0.09537226484754091,0.10277751139873806,0.0325322151184082,False,DISABLED,none,MODEL_ORIGIN_FRAME_NOT_ESTABLISHED,nan,nan,nan,nan,nan,nan,nan,nan,nan,nan,nan,nan,nan,NOT_EVALUATED,nan,nan,nan,nan,DISABLED,nan,nan,nan,nan,nan,nan
1791471023.8361642,1791471023.8564825,1791471023.861513,1791471023.8615382,front_rgbd_red_sphere,True,True,True,,32.652,32.652,1791471023.8564825,1791471023.8547807,1791471023.8361642,1791471023.8361642,1791471023.8361642,0.0,1791471022.8521638,1791471023.8521724,1791471023.842644,1791471023.8521724,1791471023.842644,1791471023.8521724,1791471022.8521638,1791471023.8521724,1791471022.8521638,1791471023.8521724,1791470991.1841643,GAZEBO_CLOCK_SYSTEM_INTERPOLATION,MAPPED_EXACT,0,32.652,1791471023.8361642,0.0019521713256835938,0.0,RGB,0.0,0,1,0,UNCALIBRATED,PREPARATION,FAR,STRAIGHT,1.0,134,1.0,10.464343070983887,0.16661643981933594,nan,nan,False,0.0,0.0,0.0,0.0,0,0,0,0,0,0.0,0.0,0.0,0.0,0.0,0.0,0.0,0.0,0.0,0.0,0.0,0.0,0.0,0.0,10.319428185839799,1.5694000449029275,0.7408506939985378,0.0,0.0,0.0,0.0,0.0,0.0,0.0,0.0,0.0,0.0,0.0,False,DISABLED,0,nan,nan,nan,nan,nan,nan,nan,nan,nan,nan,nan,nan,nan,nan,nan,nan,nan,nan,nan,nan,nan,nan,nan,nan,nan,nan,nan,nan,nan,nan,nan,nan,nan,nan,48.94565156848108,-1.0798079572087191,0.05388107960895733,0.03409319622677762,0.03409319622677762,0.03409319622677762,49.02187817413107,-1.0215417879156883,0.09198337176486727,-0.0762266056499854,-0.058266169293030856,-0.03810229215590995,0.09594499410079985,0.10323384406548483,0.020318269729614258,False,DISABLED,none,MODEL_ORIGIN_FRAME_NOT_ESTABLISHED,nan,nan,nan,nan,nan,nan,nan,nan,nan,nan,nan,nan,nan,NOT_EVALUATED,nan,nan,nan,nan,DISABLED,nan,nan,nan,nan,nan,nan
1791471023.8841596,1791471023.902957,1791471023.9064317,1791471023.9064546,front_rgbd_red_sphere,True,True,True,,32.7,32.7,1791471023.902957,1791471023.9019246,1791471023.8841596,1791471023.8841596,1791471023.8841596,0.0,1791471022.8721657,1791471023.8921726,1791471023.882644,1791471023.8921726,1791471023.882644,1791471023.8921726,1791471022.8681662,1791471023.8921726,1791471022.8721657,1791471023.8921726,1791470991.1841595,GAZEBO_CLOCK_SYSTEM_INTERPOLATION,MAPPED_EXACT,0,32.7,1791471023.8841596,0.0029363632202148438,0.0,RGB,0.0,0,1,0,UNCALIBRATED,PREPARATION,FAR,STRAIGHT,1.0,137,1.0,10.364439964294434,0.16333433985710144,nan,nan,False,0.0,0.0,0.0,0.0,0,0,0,0,0,0.0,0.0,0.0,0.0,0.0,0.0,0.0,0.0,0.0,0.0,0.0,0.0,0.0,0.0,10.226494786546807,1.5379393751094241,0.689313711356772,0.0,0.0,0.0,0.0,0.0,0.0,0.0,0.0,0.0,0.0,0.0,False,DISABLED,0,nan,nan,nan,nan,nan,nan,nan,nan,nan,nan,nan,nan,nan,nan,nan,nan,nan,nan,nan,nan,nan,nan,nan,nan,nan,nan,nan,nan,nan,nan,nan,nan,nan,nan,49.08614985860893,-1.2198597720077418,0.04402900588751196,0.03372526388300637,0.03372526388300637,0.03372526388300637,49.15776196379504,-1.15727424035583,0.08280686907789073,-0.07161210518611227,-0.06258553165191172,-0.038777863190378764,0.09510647917644335,0.1027081547636359,0.01879739761352539,False,DISABLED,none,MODEL_ORIGIN_FRAME_NOT_ESTABLISHED,nan,nan,nan,nan,nan,nan,nan,nan,nan,nan,nan,nan,nan,NOT_EVALUATED,nan,nan,nan,nan,DISABLED,nan,nan,nan,nan,nan,nan
1791471023.9361553,1791471023.9532611,1791471023.9604046,1791471023.960427,front_rgbd_red_sphere,True,True,True,,32.752,32.752,1791471023.9532611,1791471023.9522822,1791471023.9361553,1791471023.9361553,1791471023.9361553,0.0,1791471022.9321575,1791471023.9481742,1791471023.938644,1791471023.9481742,1791471023.942644,1791471023.9521654,1791471022.9321575,1791471023.9481742,1791471022.9321575,1791471023.9521654,1791470991.1841552,GAZEBO_CLOCK_SYSTEM_INTERPOLATION,MAPPED_EXACT,0,32.752,1791471023.9361553,0.001241922378540039,0.0,RGB,0.0,0,1,0,UNCALIBRATED,PREPARATION,FAR,STRAIGHT,1.0,140,1.0,10.243171691894531,0.15922269225120544,nan,nan,False,0.0,0.0,0.0,0.0,0,0,0,0,0,0.0,0.0,0.0,0.0,0.0,0.0,0.0,0.0,0.0,0.0,0.0,0.0,0.0,0.0,10.11360357330577,1.4993845353159827,0.6240398714183026,0.0,0.0,0.0,0.0,0.0,0.0,0.0,0.0,0.0,0.0,0.0,False,DISABLED,0,nan,nan,nan,nan,nan,nan,nan,nan,nan,nan,nan,nan,nan,nan,nan,nan,nan,nan,nan,nan,nan,nan,nan,nan,nan,nan,nan,nan,nan,nan,nan,nan,nan,nan,49.22753295002502,-1.3599140214873096,0.033971235545907474,0.0332813296770649,0.0332813296770649,0.0332813296770649,49.30485394602163,-1.3041558389033934,0.07233234005690471,-0.07732099599660813,-0.05575818258391618,-0.03836110451099724,0.09532843933983617,0.10275741183132474,0.017105817794799805,False,DISABLED,none,MODEL_ORIGIN_FRAME_NOT_ESTABLISHED,nan,nan,nan,nan,nan,nan,nan,nan,nan,nan,nan,nan,nan,NOT_EVALUATED,nan,nan,nan,nan,DISABLED,nan,nan,nan,nan,nan,nan
1791471023.9841874,1791471024.0024276,1791471024.005922,1791471024.0059438,front_rgbd_red_sphere,True,True,True,,32.8,32.8,1791471024.0024276,1791471024.0011542,1791471023.9841874,1791471023.9841874,1791471023.9841874,0.0,1791471022.9921641,1791471023.9881682,1791471023.978644,1791471023.9881682,1791471023.9826438,1791471023.9921837,1791471022.9721563,1791471023.9881682,1791471022.9921641,1791471023.9921837,1791470991.1841874,GAZEBO_CLOCK_SYSTEM_INTERPOLATION,MAPPED_EXACT,0,32.8,1791471023.9841874,0.0024521350860595703,0.0,RGB,0.0,0,1,0,UNCALIBRATED,PREPARATION,FAR,STRAIGHT,1.0,147,1.0,10.143610000610352,0.15602031350135803,nan,nan,False,0.0,0.0,0.0,0.0,0,0,0,0,0,0.0,0.0,0.0,0.0,0.0,0.0,0.0,0.0,0.0,0.0,0.0,0.0,0.0,0.0,10.020400857535398,1.4684831804665706,0.5726710441575564,0.0,0.0,0.0,0.0,0.0,0.0,0.0,0.0,0.0,0.0,0.0,False,DISABLED,0,nan,nan,nan,nan,nan,nan,nan,nan,nan,nan,nan,nan,nan,nan,nan,nan,nan,nan,nan,nan,nan,nan,nan,nan,nan,nan,nan,nan,nan,nan,nan,nan,nan,nan,49.368548609607274,-1.50009787531901,0.022992945479564375,0.03291905918627553,0.03291905918627553,0.03291905918627553,49.44082195927053,-1.4398836653202391,0.06223285495498916,-0.07227334966325571,-0.06021420999877081,-0.039239909475424786,0.09407012361702995,0.101926241238274,0.01824021339416504,False,DISABLED,none,MODEL_ORIGIN_FRAME_NOT_ESTABLISHED,nan,nan,nan,nan,nan,nan,nan,nan,nan,nan,nan,nan,nan,NOT_EVALUATED,nan,nan,nan,nan,DISABLED,nan,nan,nan,nan,nan,nan
1791471024.0362413,1791471024.0560603,1791471024.0637014,1791471024.063736,front_rgbd_red_sphere,True,True,True,,32.852,32.852,1791471024.0560603,1791471024.055105,1791471024.0362413,1791471024.0362413,1791471024.0362413,0.0,1791471023.0321696,1791471024.0521698,1791471024.042644,1791471024.0521698,1791471024.042644,1791471024.0521698,1791471023.028157,1791471024.0521698,1791471023.0321696,1791471024.0521698,1791470991.1842413,GAZEBO_CLOCK_SYSTEM_INTERPOLATION,MAPPED_EXACT,0,32.852,1791471024.0362413,0.00235748291015625,0.0,RGB,0.0,0,1,0,UNCALIBRATED,PREPARATION,FAR,STRAIGHT,1.0,143,1.0,10.022330284118652,0.15204960107803345,nan,nan,False,0.0,0.0,0.0,0.0,0,0,0,0,0,0.0,0.0,0.0,0.0,0.0,0.0,0.0,0.0,0.0,0.0,0.0,0.0,0.0,0.0,9.906700153871522,1.4307265662729982,0.5073711724544427,0.0,0.0,0.0,0.0,0.0,0.0,0.0,0.0,0.0,0.0,0.0,False,DISABLED,0,nan,nan,nan,nan,nan,nan,nan,nan,nan,nan,nan,nan,nan,nan,nan,nan,nan,nan,nan,nan,nan,nan,nan,nan,nan,nan,nan,nan,nan,nan,nan,nan,nan,nan,49.509841068123706,-1.6404254040008701,0.011651547081543312,0.032480440258816225,0.032480440258816225,0.032480440258816225,49.58828640231077,-1.5870293407053224,0.0508724623014362,-0.0784453341870659,-0.05339606329554769,-0.03922091521989289,0.0948936775090026,0.10267955113784151,0.019819021224975586,False,DISABLED,none,MODEL_ORIGIN_FRAME_NOT_ESTABLISHED,nan,nan,nan,nan,nan,nan,nan,nan,nan,nan,nan,nan,nan,NOT_EVALUATED,nan,nan,nan,nan,DISABLED,nan,nan,nan,nan,nan,nan
1791471024.0841584,1791471024.10406,1791471024.1079576,1791471024.1079803,front_rgbd_red_sphere,True,True,True,,32.9,32.9,1791471024.10406,1791471024.1029458,1791471024.0841584,1791471024.0841584,1791471024.0841584,0.0,1791471023.0921643,1791471024.0922112,1791471024.082644,1791471024.0922112,1791471024.082644,1791471024.0922112,1791471023.0921643,1791471024.0922112,1791471023.0921643,1791471024.0922112,1791470991.1841583,GAZEBO_CLOCK_SYSTEM_INTERPOLATION,MAPPED_EXACT,0,32.9,1791471024.0841584,0.004096031188964844,0.0,RGB,0.0,0,1,0,UNCALIBRATED,PREPARATION,MID,STRAIGHT,1.0,150,1.0,9.923157691955566,0.14896978437900543,nan,nan,False,0.0,0.0,0.0,0.0,0,0,0,0,0,0.0,0.0,0.0,0.0,0.0,0.0,0.0,0.0,0.0,0.0,0.0,0.0,0.0,0.0,9.813253487283024,1.400203492154251,0.4566597117743676,0.0,0.0,0.0,0.0,0.0,0.0,0.0,0.0,0.0,0.0,0.0,False,DISABLED,0,nan,nan,nan,nan,nan,nan,nan,nan,nan,nan,nan,nan,nan,nan,nan,nan,nan,nan,nan,nan,nan,nan,nan,nan,nan,nan,nan,nan,nan,nan,nan,nan,nan,nan,49.65000760062972,-1.7804827521310234,-0.0003475713143900605,0.032123956961793314,0.032123956961793314,0.032123956961793314,49.724015755010456,-1.722409786521806,0.040124250866702946,-0.07400815438073494,-0.058072965609217375,-0.040471822181093006,0.09407271788086087,0.10240920193102791,0.019901514053344727,False,DISABLED,none,MODEL_ORIGIN_FRAME_NOT_ESTABLISHED,nan,nan,nan,nan,nan,nan,nan,nan,nan,nan,nan,nan,nan,NOT_EVALUATED,nan,nan,nan,nan,DISABLED,nan,nan,nan,nan,nan,nan
1791471024.136205,1791471024.154376,1791471024.1610317,1791471024.1610537,front_rgbd_red_sphere,True,True,True,,32.952,32.952,1791471024.154376,1791471024.1530433,1791471024.136205,1791471024.136205,1791471024.136205,0.0,1791471023.14817,1791471024.1482065,1791471024.138644,1791471024.1482065,1791471024.142644,1791471024.1521735,1791471023.14817,1791471024.1482065,1791471023.1321564,1791471024.1521735,1791470991.184205,GAZEBO_CLOCK_SYSTEM_INTERPOLATION,MAPPED_EXACT,0,32.952,1791471024.136205,0.0012772083282470703,0.0,RGB,0.0,0,1,0,UNCALIBRATED,PREPARATION,MID,STRAIGHT,1.0,148,1.0,9.802436828613281,0.1451663076877594,nan,nan,False,0.0,0.0,0.0,0.0,0,0,0,0,0,0.0,0.0,0.0,0.0,0.0,0.0,0.0,0.0,0.0,0.0,0.0,0.0,0.0,0.0,9.69933310133474,1.362661323689121,0.39224020109004964,0.0,0.0,0.0,0.0,0.0,0.0,0.0,0.0,0.0,0.0,0.0,False,DISABLED,0,nan,nan,nan,nan,nan,nan,nan,nan,nan,nan,nan,nan,nan,nan,nan,nan,nan,nan,nan,nan,nan,nan,nan,nan,nan,nan,nan,nan,nan,nan,nan,nan,nan,nan,49.79114449787942,-1.9210792612084902,-0.012591579210064319,0.0316926744487576,0.0316926744487576,0.0316926744487576,49.87142659027816,-1.8693720387851858,0.0281912921842359,-0.08028209239873974,-0.05170722242330439,-0.040782871394300216,0.09549267621473835,0.10383686151755979,0.018171072006225586,False,DISABLED,none,MODEL_ORIGIN_FRAME_NOT_ESTABLISHED,nan,nan,nan,nan,nan,nan,nan,nan,nan,nan,nan,nan,nan,NOT_EVALUATED,nan,nan,nan,nan,DISABLED,nan,nan,nan,nan,nan,nan
1791471024.1841657,1791471024.2137425,1791471024.217388,1791471024.2174263,front_rgbd_red_sphere,True,True,True,,33.0,33.0,1791471024.2048187,1791471024.2137425,1791471024.1841657,1791471024.1841657,1791471024.1841657,0.0,1791471023.1921678,1791471024.1881702,1791471024.178644,1791471024.1881702,1791471024.182644,1791471024.1921709,1791471023.1881685,1791471024.1881702,1791471023.1921678,1791471024.1921709,1791470991.1841657,GAZEBO_CLOCK_SYSTEM_INTERPOLATION,MAPPED_EXACT,0,33.0,1791471024.1841657,0.001800537109375,0.0,RGB,0.0,0,1,0,UNCALIBRATED,PREPARATION,MID,STRAIGHT,1.0,157,1.0,9.704066276550293,0.1421884298324585,nan,nan,False,0.0,0.0,0.0,0.0,0,0,0,0,0,0.0,0.0,0.0,0.0,0.0,0.0,0.0,0.0,0.0,0.0,0.0,0.0,0.0,0.0,9.606134859908911,1.3318749374738204,0.3423122278697921,0.0,0.0,0.0,0.0,0.0,0.0,0.0,0.0,0.0,0.0,0.0,False,DISABLED,0,nan,nan,nan,nan,nan,nan,nan,nan,nan,nan,nan,nan,nan,nan,nan,nan,nan,nan,nan,nan,nan,nan,nan,nan,nan,nan,nan,nan,nan,nan,nan,nan,nan,nan,49.93188711874858,-2.0611691035421513,-0.025250940646855236,0.031343395024104485,0.031343395024104485,0.031343395024104485,50.00720571028683,-2.0046724937493035,0.017038724692612927,-0.07531859153825593,-0.056496609792847874,-0.042289665339468166,0.09415283930605572,0.10321420902141414,0.029576778411865234,False,DISABLED,none,MODEL_ORIGIN_FRAME_NOT_ESTABLISHED,nan,nan,nan,nan,nan,nan,nan,nan,nan,nan,nan,nan,nan,NOT_EVALUATED,nan,nan,nan,nan,DISABLED,nan,nan,nan,nan,nan,nan
1791471024.2361636,1791471024.2568638,1791471024.2636197,1791471024.263641,front_rgbd_red_sphere,True,True,True,,33.052,33.052,1791471024.2568638,1791471024.2556403,1791471024.2361636,1791471024.2361636,1791471024.2361636,0.0,1791471023.2321587,1791471024.252177,1791471024.2426438,1791471024.252177,1791471024.2426438,1791471024.252177,1791471023.2281888,1791471024.252177,1791471023.2321587,1791471024.252177,1791470991.1841636,GAZEBO_CLOCK_SYSTEM_INTERPOLATION,MAPPED_EXACT,0,33.052,1791471024.2361636,0.002437114715576172,0.0,RGB,0.0,0,1,0,UNCALIBRATED,PREPARATION,MID,STRAIGHT,1.0,160,1.0,9.583614349365234,0.1386423110961914,nan,nan,False,0.0,0.0,0.0,0.0,0,0,0,0,0,0.0,0.0,0.0,0.0,0.0,0.0,0.0,0.0,0.0,0.0,0.0,0.0,0.0,0.0,9.491655296641166,1.294770099985545,0.2787771725223873,0.0,0.0,0.0,0.0,0.0,0.0,0.0,0.0,0.0,0.0,0.0,False,DISABLED,0,nan,nan,nan,nan,nan,nan,nan,nan,nan,nan,nan,nan,nan,nan,nan,nan,nan,nan,nan,nan,nan,nan,nan,nan,nan,nan,nan,nan,nan,nan,nan,nan,nan,nan,50.07246851104644,-2.2008548362827436,-0.038278751921982435,0.030918349835139695,0.030918349835139695,0.030918349835139695,50.154633286490544,-2.1514991531512053,0.004822569479154309,-0.08216477544410594,-0.049355683131538264,-0.04310132140113675,0.09584901554612424,0.1050940421131724,0.02070021629333496,False,DISABLED,none,MODEL_ORIGIN_FRAME_NOT_ESTABLISHED,nan,nan,nan,nan,nan,nan,nan,nan,nan,nan,nan,nan,nan,NOT_EVALUATED,nan,nan,nan,nan,DISABLED,nan,nan,nan,nan,nan,nan
1791471024.2841609,1791471024.3056753,1791471024.311779,1791471024.311801,front_rgbd_red_sphere,True,True,True,,33.1,33.1,1791471024.3056753,1791471024.3046918,1791471024.2841609,1791471024.2841609,1791471024.2841609,0.0,1791471023.2921653,1791471024.2921677,1791471024.282644,1791471024.2921677,1791471024.282644,1791471024.2921677,1791471023.2921653,1791471024.2921677,1791471023.2921653,1791471024.2921677,1791470991.184161,GAZEBO_CLOCK_SYSTEM_INTERPOLATION,MAPPED_EXACT,0,33.1,1791471024.2841609,0.0020356178283691406,0.0,RGB,0.0,0,1,0,UNCALIBRATED,PREPARATION,MID,STRAIGHT,1.0,163,1.0,9.485509872436523,0.13591770827770233,nan,nan,False,0.0,0.0,0.0,0.0,0,0,0,0,0,0.0,0.0,0.0,0.0,0.0,0.0,0.0,0.0,0.0,0.0,0.0,0.0,0.0,0.0,9.398029258560582,1.2645798832335196,0.22976084502361394,0.0,0.0,0.0,0.0,0.0,0.0,0.0,0.0,0.0,0.0,0.0,False,DISABLED,0,nan,nan,nan,nan,nan,nan,nan,nan,nan,nan,nan,nan,nan,nan,nan,nan,nan,nan,nan,nan,nan,nan,nan,nan,nan,nan,nan,nan,nan,nan,nan,nan,nan,nan,50.213244795127096,-2.3408843611411934,-0.05128704538782175,0.030574307159493476,0.030574307159493476,0.030574307159493476,50.290650565445105,-2.2868863143833384,-0.006474755763308425,-0.0774057703180091,-0.05399804675785491,-0.04481228962451333,0.09437924735972344,0.10447767050226153,0.021514415740966797,False,DISABLED,none,MODEL_ORIGIN_FRAME_NOT_ESTABLISHED,nan,nan,nan,nan,nan,nan,nan,nan,nan,nan,nan,nan,nan,NOT_EVALUATED,nan,nan,nan,nan,DISABLED,nan,nan,nan,nan,nan,nan
1791471024.3361607,1791471024.3546069,1791471024.3636003,1791471024.363636,front_rgbd_red_sphere,True,True,True,,33.152,33.152,1791471024.3546069,1791471024.3533864,1791471024.3361607,1791471024.3361607,1791471024.3361607,0.0,1791471023.348171,1791471024.3481772,1791471024.338644,1791471024.3481772,1791471024.342644,1791471024.352166,1791471023.348171,1791471024.3481772,1791471023.3321588,1791471024.352166,1791470991.1841607,GAZEBO_CLOCK_SYSTEM_INTERPOLATION,MAPPED_EXACT,0,33.152,1791471024.3361607,0.002200603485107422,0.0,RGB,0.0,0,1,0,UNCALIBRATED,PREPARATION,MID,STRAIGHT,1.0,168,1.0,9.366271018981934,0.13277103006839752,nan,nan,False,0.0,0.0,0.0,0.0,0,0,0,0,0,0.0,0.0,0.0,0.0,0.0,0.0,0.0,0.0,0.0,0.0,0.0,0.0,0.0,0.0,9.283837333397196,1.2285789137406908,0.16731131112291786,0.0,0.0,0.0,0.0,0.0,0.0,0.0,0.0,0.0,0.0,0.0,False,DISABLED,0,nan,nan,nan,nan,nan,nan,nan,nan,nan,nan,nan,nan,nan,nan,nan,nan,nan,nan,nan,nan,nan,nan,nan,nan,nan,nan,nan,nan,nan,nan,nan,nan,nan,nan,50.35447641982892,-2.48126964644396,-0.064462155893457,0.030158737291325403,0.030158737291325403,0.030158737291325403,50.438228229237325,-2.4336874979537133,-0.018683447893954215,-0.08375180940840465,-0.047582148490246556,-0.04577870799950278,0.09632458893828517,0.1066495032348175,0.01844620704650879,False,DISABLED,none,MODEL_ORIGIN_FRAME_NOT_ESTABLISHED,nan,nan,nan,nan,nan,nan,nan,nan,nan,nan,nan,nan,nan,NOT_EVALUATED,nan,nan,nan,nan,DISABLED,nan,nan,nan,nan,nan,nan
1791471024.3841596,1791471024.4168584,1791471024.4237776,1791471024.423803,front_rgbd_red_sphere,True,True,True,,33.2,33.2,1791471024.4168584,1791471024.4054132,1791471024.3841596,1791471024.3841596,1791471024.3841596,0.0,1791471023.3921645,1791471024.4121563,1791471024.402644,1791471024.4121563,1791471024.402644,1791471024.4121563,1791471023.3881643,1791471024.4121563,1791471023.3921645,1791471024.4121563,1791470991.1841595,GAZEBO_CLOCK_SYSTEM_INTERPOLATION,MAPPED_EXACT,0,33.2,1791471024.3841596,0.0022211074829101562,0.0,RGB,0.0,0,1,0,UNCALIBRATED,PREPARATION,MID,STRAIGHT,1.0,170,1.0,9.269192695617676,0.13035975396633148,nan,nan,False,0.0,0.0,0.0,0.0,0,0,0,0,0,0.0,0.0,0.0,0.0,0.0,0.0,0.0,0.0,0.0,0.0,0.0,0.0,0.0,0.0,9.19054497982143,1.1990083100283968,0.11911169403018218,0.0,0.0,0.0,0.0,0.0,0.0,0.0,0.0,0.0,0.0,0.0,False,DISABLED,0,nan,nan,nan,nan,nan,nan,nan,nan,nan,nan,nan,nan,nan,nan,nan,nan,nan,nan,nan,nan,nan,nan,nan,nan,nan,nan,nan,nan,nan,nan,nan,nan,nan,nan,50.495969942546374,-2.621781538049512,-0.07723221058881874,0.029822500205145756,0.029822500205145756,0.029822500205145756,50.574261753762286,-2.568919549176036,-0.02982849676847414,-0.07829181121591233,-0.05286198887347604,-0.0474037138203446,0.09446691257327912,0.10569347025757404,0.032698869705200195,False,DISABLED,none,MODEL_ORIGIN_FRAME_NOT_ESTABLISHED,nan,nan,nan,nan,nan,nan,nan,nan,nan,nan,nan,nan,nan,NOT_EVALUATED,nan,nan,nan,nan,DISABLED,nan,nan,nan,nan,nan,nan
1791471024.4361615,1791471024.461723,1791471024.4650846,1791471024.4651096,front_rgbd_red_sphere,True,True,True,,33.252,33.252,1791471024.452587,1791471024.461723,1791471024.4361615,1791471024.4361615,1791471024.4361615,0.0,1791471023.4521682,1791471024.452171,1791471024.442644,1791471024.452171,1791471024.442644,1791471024.452171,1791471023.4521682,1791471024.452171,1791471023.4521682,1791471024.452171,1791470991.1841614,GAZEBO_CLOCK_SYSTEM_INTERPOLATION,MAPPED_EXACT,0,33.252,1791471024.4361615,0.0017499923706054688,0.0,RGB,0.0,0,1,0,UNCALIBRATED,PREPARATION,MID,STRAIGHT,1.0,174,1.0,9.150671005249023,0.12766417860984802,nan,nan,False,0.0,0.0,0.0,0.0,0,0,0,0,0,0.0,0.0,0.0,0.0,0.0,0.0,0.0,0.0,0.0,0.0,0.0,0.0,0.0,0.0,9.07620290096477,1.1636712360873567,0.05650344251713835,0.0,0.0,0.0,0.0,0.0,0.0,0.0,0.0,0.0,0.0,0.0,False,DISABLED,0,nan,nan,nan,nan,nan,nan,nan,nan,nan,nan,nan,nan,nan,nan,nan,nan,nan,nan,nan,nan,nan,nan,nan,nan,nan,nan,nan,nan,nan,nan,nan,nan,nan,nan,50.63751198303835,-2.7617920004427923,-0.08944133610065025,0.029414552087436135,0.029414552087436135,0.029414552087436135,50.721878792227095,-2.715562267019886,-0.04171909196319572,-0.08436680918874373,-0.04622973342290626,-0.04772224413745453,0.09620263377394025,0.10738882311748128,0.02556157112121582,False,DISABLED,none,MODEL_ORIGIN_FRAME_NOT_ESTABLISHED,nan,nan,nan,nan,nan,nan,nan,nan,nan,nan,nan,nan,nan,NOT_EVALUATED,nan,nan,nan,nan,DISABLED,nan,nan,nan,nan,nan,nan
1791471024.4841628,1791471024.5042791,1791471024.508292,1791471024.508319,front_rgbd_red_sphere,True,True,True,,33.3,33.3,1791471024.5042791,1791471024.5033488,1791471024.4841628,1791471024.4841628,1791471024.4841628,0.0,1791471023.4921634,1791471024.4921772,1791471024.4826438,1791471024.4921772,1791471024.4826438,1791471024.4921772,1791471023.4921634,1791471024.4921772,1791471023.4921634,1791471024.4921772,1791470991.1841629,GAZEBO_CLOCK_SYSTEM_INTERPOLATION,MAPPED_EXACT,0,33.3,1791471024.4841628,0.0004673004150390625,0.0,RGB,0.0,0,1,0,UNCALIBRATED,PREPARATION,MID,STRAIGHT,1.0,179,1.0,9.054086685180664,0.12564842402935028,nan,nan,False,0.0,0.0,0.0,0.0,0,0,0,0,0,0.0,0.0,0.0,0.0,0.0,0.0,0.0,0.0,0.0,0.0,0.0,0.0,0.0,0.0,8.982709376367504,1.1346134361651998,0.007862418098573958,0.0,0.0,0.0,0.0,0.0,0.0,0.0,0.0,0.0,0.0,0.0,False,DISABLED,0,nan,nan,nan,nan,nan,nan,nan,nan,nan,nan,nan,nan,nan,nan,nan,nan,nan,nan,nan,nan,nan,nan,nan,nan,nan,nan,nan,nan,nan,nan,nan,nan,nan,nan,50.77936331855677,-2.9019626215629946,-0.1014665991082308,0.029084185666401273,0.029084185666401273,0.029084185666401273,50.85811815927828,-2.850806369318305,-0.0524515611620648,-0.0787548407215084,-0.05115625224468978,-0.049015037946166004,0.09391105941683592,0.10593281373425602,0.020116329193115234,False,DISABLED,none,MODEL_ORIGIN_FRAME_NOT_ESTABLISHED,nan,nan,nan,nan,nan,nan,nan,nan,nan,nan,nan,nan,nan,NOT_EVALUATED,nan,nan,nan,nan,DISABLED,nan,nan,nan,nan,nan,nan
1791471024.5361595,1791471024.5650327,1791471024.5705862,1791471024.5706096,front_rgbd_red_sphere,True,True,True,,33.352,33.352,1791471024.5650327,1791471024.553317,1791471024.5361595,1791471024.5361595,1791471024.5361595,0.0,1791471023.5521781,1791471024.5482156,1791471024.5386739,1791471024.5482156,1791471024.5426738,1791471024.552198,1791471023.5482137,1791471024.5482156,1791471023.5521781,1791471024.552198,1791470991.1841595,GAZEBO_CLOCK_SYSTEM_INTERPOLATION,MAPPED_EXACT,0,33.352,1791471024.5361595,0.0020728111267089844,0.0,RGB,0.0,0,1,0,UNCALIBRATED,PREPARATION,MID,STRAIGHT,1.0,182,1.0,8.936712265014648,0.12355797737836838,nan,nan,False,0.0,0.0,0.0,0.0,0,0,0,0,0,0.0,0.0,0.0,0.0,0.0,0.0,0.0,0.0,0.0,0.0,0.0,0.0,0.0,0.0,8.868582541593927,1.0999986916063236,-0.05543508999576652,0.0,0.0,0.0,0.0,0.0,0.0,0.0,0.0,0.0,0.0,0.0,False,DISABLED,0,nan,nan,nan,nan,nan,nan,nan,nan,nan,nan,nan,nan,nan,nan,nan,nan,nan,nan,nan,nan,nan,nan,nan,nan,nan,nan,nan,nan,nan,nan,nan,nan,nan,nan,50.92159918961038,-3.0418165193703195,-0.1124903849985825,0.02868522230304288,0.02868522230304288,0.02868522230304288,51.00576821924168,-2.997261616816531,-0.06373045511700995,-0.08416902963129758,-0.044554902553788356,-0.048759929881572545,0.09523426321787672,0.10699110081080433,0.028873205184936523,False,DISABLED,none,MODEL_ORIGIN_FRAME_NOT_ESTABLISHED,nan,nan,nan,nan,nan,nan,nan,nan,nan,nan,nan,nan,nan,NOT_EVALUATED,nan,nan,nan,nan,DISABLED,nan,nan,nan,nan,nan,nan
1791471024.5841644,1791471024.609151,1791471024.6144104,1791471024.614445,front_rgbd_red_sphere,True,True,True,,33.4,33.4,1791471024.6002197,1791471024.609151,1791471024.5841644,1791471024.5841644,1791471024.5841644,0.0,1791471023.5921729,1791471024.5881753,1791471024.5786738,1791471024.5881753,1791471024.582674,1791471024.592178,1791471023.58817,1791471024.5881753,1791471023.5921729,1791471024.592178,1791470991.1841643,GAZEBO_CLOCK_SYSTEM_INTERPOLATION,MAPPED_EXACT,0,33.4,1791471024.5841644,0.0013048648834228516,0.0,RGB,0.0,0,1,0,UNCALIBRATED,PREPARATION,MID,STRAIGHT,1.0,186,1.0,8.841557502746582,0.12205882370471954,nan,nan,False,0.0,0.0,0.0,0.0,0,0,0,0,0,0.0,0.0,0.0,0.0,0.0,0.0,0.0,0.0,0.0,0.0,0.0,0.0,0.0,0.0,8.77577713369018,1.0713009090299295,-0.10579902204421332,0.0,0.0,0.0,0.0,0.0,0.0,0.0,0.0,0.0,0.0,0.0,False,DISABLED,0,nan,nan,nan,nan,nan,nan,nan,nan,nan,nan,nan,nan,nan,nan,nan,nan,nan,nan,nan,nan,nan,nan,nan,nan,nan,nan,nan,nan,nan,nan,nan,nan,nan,nan,51.06397741182386,-3.1821941389064756,-0.1231613996595246,0.028363806730252038,0.028363806730252038,0.028363806730252038,51.1419770853799,-3.1322621642503874,-0.0737677896043175,-0.07799967355603599,-0.04993197465608823,-0.04939361005520711,0.09261291037379409,0.10496132564992819,0.02498650550842285,False,DISABLED,none,MODEL_ORIGIN_FRAME_NOT_ESTABLISHED,nan,nan,nan,nan,nan,nan,nan,nan,nan,nan,nan,nan,nan,NOT_EVALUATED,nan,nan,nan,nan,DISABLED,nan,nan,nan,nan,nan,nan
1791471024.6361651,1791471024.6662807,1791471024.6693904,1791471024.6694107,front_rgbd_red_sphere,True,True,True,,33.452,33.452,1791471024.6662807,1791471024.6554322,1791471024.6361651,1791471024.6361651,1791471024.6361651,0.0,1791471023.6321595,1791471024.6521695,1791471024.642674,1791471024.6521695,1791471024.642674,1791471024.6521695,1791471023.628161,1791471024.6521695,1791471023.6321595,1791471024.6521695,1791470991.1841652,GAZEBO_CLOCK_SYSTEM_INTERPOLATION,MAPPED_EXACT,0,33.452,1791471024.6361651,0.0023467540740966797,0.0,RGB,0.0,0,1,0,UNCALIBRATED,PREPARATION,MID,STRAIGHT,1.0,192,1.0,8.725179672241211,0.12098994851112366,nan,nan,False,0.0,0.0,0.0,0.0,0,0,0,0,0,0.0,0.0,0.0,0.0,0.0,0.0,0.0,0.0,0.0,0.0,0.0,0.0,0.0,0.0,8.66139546141457,1.0367029221750563,-0.18502918016375647,0.0,0.0,0.0,0.0,0.0,0.0,0.0,0.0,0.0,0.0,0.0,False,DISABLED,0,nan,nan,nan,nan,nan,nan,nan,nan,nan,nan,nan,nan,nan,nan,nan,nan,nan,nan,nan,nan,nan,nan,nan,nan,nan,nan,nan,nan,nan,nan,nan,nan,nan,nan,51.20532742424986,-3.320944680591851,-0.13250049448724516,0.02797316346326207,0.02797316346326207,0.02797316346326207,51.2900128491594,-3.2788561238932648,-0.08418154428211488,-0.08468542490954434,-0.042088556698586466,-0.04831895020513027,0.09456779471405792,0.10619693378815633,0.030115604400634766,False,DISABLED,none,MODEL_ORIGIN_FRAME_NOT_ESTABLISHED,nan,nan,nan,nan,nan,nan,nan,nan,nan,nan,nan,nan,nan,NOT_EVALUATED,nan,nan,nan,nan,DISABLED,nan,nan,nan,nan,nan,nan
1791471024.6841598,1791471024.7061572,1791471024.709637,1791471024.7096617,front_rgbd_red_sphere,True,True,True,,33.5,33.5,1791471024.7061572,1791471024.7039707,1791471024.6841598,1791471024.6841598,1791471024.6841598,0.0,1791471023.6921785,1791471024.6921809,1791471024.682674,1791471024.6921809,1791471024.682674,1791471024.6921809,1791471023.6921785,1791471024.6921809,1791471023.6921785,1791471024.6921809,1791470991.1841598,GAZEBO_CLOCK_SYSTEM_INTERPOLATION,MAPPED_EXACT,0,33.5,1791471024.6841598,0.002208709716796875,0.0,RGB,0.0,0,1,0,UNCALIBRATED,PREPARATION,MID,STRAIGHT,1.0,196,1.0,8.631742477416992,0.12092814594507217,nan,nan,False,0.0,0.0,0.0,0.0,0,0,0,0,0,0.0,0.0,0.0,0.0,0.0,0.0,0.0,0.0,0.0,0.0,0.0,0.0,0.0,0.0,8.568705461071405,1.007187294036708,-0.26426211778778397,0.0,0.0,0.0,0.0,0.0,0.0,0.0,0.0,0.0,0.0,0.0,False,DISABLED,0,nan,nan,nan,nan,nan,nan,nan,nan,nan,nan,nan,nan,nan,nan,nan,nan,nan,nan,nan,nan,nan,nan,nan,nan,nan,nan,nan,nan,nan,nan,nan,nan,nan,nan,51.3470839311246,-3.4598140996322866,-0.1415923969554313,0.027661484973155685,0.027661484973155685,0.027661484973155685,51.42651257958591,-3.41390956648863,-0.09329697983684344,-0.07942864846130959,-0.0459045331436565,-0.048295417118587855,0.0917395027211689,0.10367537641207648,0.021997451782226562,False,DISABLED,none,MODEL_ORIGIN_FRAME_NOT_ESTABLISHED,nan,nan,nan,nan,nan,nan,nan,nan,nan,nan,nan,nan,nan,NOT_EVALUATED,nan,nan,nan,nan,DISABLED,nan,nan,nan,nan,nan,nan
1791471024.7361586,1791471024.753863,1791471024.7635045,1791471024.7635412,front_rgbd_red_sphere,True,True,True,,33.552,33.552,1791471024.753863,1791471024.7522814,1791471024.7361586,1791471024.7361586,1791471024.7361586,0.0,1791471023.7521672,1791471024.7481837,1791471024.738674,1791471024.7481837,1791471024.7426739,1791471024.7521694,1791471023.748175,1791471024.7481837,1791471023.7521672,1791471024.7521694,1791470991.1841586,GAZEBO_CLOCK_SYSTEM_INTERPOLATION,MAPPED_EXACT,0,33.552,1791471024.7361586,0.0021207332611083984,0.0,RGB,0.0,0,1,0,UNCALIBRATED,PREPARATION,MID,STRAIGHT,1.0,199,1.0,8.518232345581055,0.12270576506853104,nan,nan,False,0.0,0.0,0.0,0.0,0,0,0,0,0,0.0,0.0,0.0,0.0,0.0,0.0,0.0,0.0,0.0,0.0,0.0,0.0,0.0,0.0,8.454184158954597,0.9719949176388312,-0.3771899731374253,0.0,0.0,0.0,0.0,0.0,0.0,0.0,0.0,0.0,0.0,0.0,False,DISABLED,0,nan,nan,nan,nan,nan,nan,nan,nan,nan,nan,nan,nan,nan,nan,nan,nan,nan,nan,nan,nan,nan,nan,nan,nan,nan,nan,nan,nan,nan,nan,nan,nan,nan,nan,51.488342331095915,-3.597838981207254,-0.14939824355498382,0.027285198798589073,0.027285198798589073,0.027285198798589073,51.57450035495243,-3.5601893253285173,-0.10255805477885128,-0.0861580238565125,-0.0376496558787367,-0.04684018877613254,0.09402500551792949,0.10504620386872818,0.017704486846923828,False,DISABLED,none,MODEL_ORIGIN_FRAME_NOT_ESTABLISHED,nan,nan,nan,nan,nan,nan,nan,nan,nan,nan,nan,nan,nan,NOT_EVALUATED,nan,nan,nan,nan,DISABLED,nan,nan,nan,nan,nan,nan
1791471024.7841597,1791471024.8034115,1791471024.806579,1791471024.8065999,front_rgbd_red_sphere,True,True,True,,33.6,33.6,1791471024.8034115,1791471024.801427,1791471024.7841597,1791471024.7841597,1791471024.7841597,0.0,1791471023.788166,1791471024.7881758,1791471024.778674,1791471024.7881758,1791471024.7826738,1791471024.7921693,1791471023.788166,1791471024.7881758,1791471023.7721589,1791471024.7921693,1791470991.1841598,GAZEBO_CLOCK_SYSTEM_INTERPOLATION,MAPPED_EXACT,0,33.6,1791471024.7841597,0.003413677215576172,0.0,RGB,0.0,0,1,0,UNCALIBRATED,PREPARATION,MID,STRAIGHT,1.0,205,1.0,8.427445411682129,0.12625528872013092,nan,nan,False,0.0,0.0,0.0,0.0,0,0,0,0,0,0.0,0.0,0.0,0.0,0.0,0.0,0.0,0.0,0.0,0.0,0.0,0.0,0.0,0.0,8.360366392424803,0.9416107639075975,-0.48936988481721677,0.0,0.0,0.0,0.0,0.0,0.0,0.0,0.0,0.0,0.0,0.0,False,DISABLED,0,nan,nan,nan,nan,nan,nan,nan,nan,nan,nan,nan,nan,nan,nan,nan,nan,nan,nan,nan,nan,nan,nan,nan,nan,nan,nan,nan,nan,nan,nan,nan,nan,nan,nan,51.6299131956513,-3.7359026723087516,-0.15686407382865303,0.026986097009005842,0.026986097009005842,0.026986097009005842,51.71108549700406,-3.6950707214001444,-0.11051292167898392,-0.08117230135276543,-0.04083195090860725,-0.0463511521496691,0.0908635830347179,0.10200303930525234,0.01925182342529297,False,DISABLED,none,MODEL_ORIGIN_FRAME_NOT_ESTABLISHED,nan,nan,nan,nan,nan,nan,nan,nan,nan,nan,nan,nan,nan,NOT_EVALUATED,nan,nan,nan,nan,DISABLED,nan,nan,nan,nan,nan,nan
1791471024.836161,1791471024.8600032,1791471024.8632903,1791471024.863313,front_rgbd_red_sphere,True,True,True,,33.652,33.652,1791471024.8600032,1791471024.8573198,1791471024.836161,1791471024.836161,1791471024.836161,0.0,1791471023.8321588,1791471024.8521695,1791471024.842674,1791471024.8521695,1791471024.842674,1791471024.8521695,1791471023.8281631,1791471024.8521695,1791471023.8321588,1791471024.8521695,1791470991.184161,GAZEBO_CLOCK_SYSTEM_INTERPOLATION,MAPPED_EXACT,0,33.652,1791471024.836161,0.004018068313598633,0.0,RGB,0.0,0,1,0,UNCALIBRATED,PREPARATION,MID,STRAIGHT,1.0,212,1.0,8.317584991455078,0.13343240320682526,nan,nan,False,0.0,0.0,0.0,0.0,0,0,0,0,0,0.0,0.0,0.0,0.0,0.0,0.0,0.0,0.0,0.0,0.0,0.0,0.0,0.0,0.0,8.243651196763246,0.905625678502485,-0.6358334084871693,0.0,0.0,0.0,0.0,0.0,0.0,0.0,0.0,0.0,0.0,0.0,False,DISABLED,0,nan,nan,nan,nan,nan,nan,nan,nan,nan,nan,nan,nan,nan,nan,nan,nan,nan,nan,nan,nan,nan,nan,nan,nan,nan,nan,nan,nan,nan,nan,nan,nan,nan,nan,51.77125852549051,-3.8735680164999993,-0.16356523744258927,0.026626359360119315,0.026626359360119315,0.026626359360119315,51.859068281605296,-3.841055996522454,-0.11839945671222743,-0.08780975611478681,-0.03251201997754505,-0.04516578073036184,0.0936353817312592,0.10395928270694134,0.023842334747314453,False,DISABLED,none,MODEL_ORIGIN_FRAME_NOT_ESTABLISHED,nan,nan,nan,nan,nan,nan,nan,nan,nan,nan,nan,nan,nan,NOT_EVALUATED,nan,nan,nan,nan,DISABLED,nan,nan,nan,nan,nan,nan
1791471024.884161,1791471024.9011009,1791471024.9044611,1791471024.9044838,front_rgbd_red_sphere,True,True,True,,33.7,33.7,1791471024.9011009,1791471024.900358,1791471024.884161,1791471024.884161,1791471024.884161,0.0,1791471023.872159,1791471024.8921692,1791471024.882674,1791471024.8921692,1791471024.882674,1791471024.8921692,1791471023.8681602,1791471024.8921692,1791471023.872159,1791471024.8921692,1791470991.184161,GAZEBO_CLOCK_SYSTEM_INTERPOLATION,MAPPED_EXACT,0,33.7,1791471024.884161,0.0011501312255859375,0.0,RGB,0.0,0,1,0,UNCALIBRATED,PREPARATION,MID,STRAIGHT,1.0,217,1.0,8.229483604431152,0.14248548448085785,nan,nan,False,0.0,0.0,0.0,0.0,0,0,0,0,0,0.0,0.0,0.0,0.0,0.0,0.0,0.0,0.0,0.0,0.0,0.0,0.0,0.0,0.0,8.146086850063746,0.8741383596221937,-0.7755971254383649,0.0,0.0,0.0,0.0,0.0,0.0,0.0,0.0,0.0,0.0,0.0,False,DISABLED,0,nan,nan,nan,nan,nan,nan,nan,nan,nan,nan,nan,nan,nan,nan,nan,nan,nan,nan,nan,nan,nan,nan,nan,nan,nan,nan,nan,nan,nan,nan,nan,nan,nan,nan,51.91205488621005,-4.01034763942721,-0.16996627365741096,0.026339613677660176,0.026339613677660176,0.026339613677660176,51.995937724239774,-3.9759394263800796,-0.12500702180236545,-0.08388283802972296,-0.0344082130471306,-0.04495925185504551,0.0906656254653188,0.10120074094779583,0.016939878463745117,False,DISABLED,none,MODEL_ORIGIN_FRAME_NOT_ESTABLISHED,nan,nan,nan,nan,nan,nan,nan,nan,nan,nan,nan,nan,nan,NOT_EVALUATED,nan,nan,nan,nan,DISABLED,nan,nan,nan,nan,nan,nan
1791471024.9361563,1791471024.9617257,1791471024.9650424,1791471024.9650784,front_rgbd_red_sphere,True,True,True,,33.752,33.752,1791471024.9617257,1791471024.9607203,1791471024.9361563,1791471024.9361563,1791471024.9361563,0.0,1791471023.932158,1791471024.9481611,1791471024.938674,1791471024.9481611,1791471024.942674,1791471024.9521651,1791471023.932158,1791471024.9481611,1791471023.932158,1791471024.9521651,1791470991.1841562,GAZEBO_CLOCK_SYSTEM_INTERPOLATION,MAPPED_EXACT,0,33.752,1791471024.9361563,0.0017249584197998047,0.0,RGB,0.0,0,1,0,UNCALIBRATED,PREPARATION,MID,STRAIGHT,1.0,227,1.0,8.123701095581055,0.15621615946292877,nan,nan,False,0.0,0.0,0.0,0.0,0,0,0,0,0,0.0,0.0,0.0,0.0,0.0,0.0,0.0,0.0,0.0,0.0,0.0,0.0,0.0,0.0,8.02477939010487,0.8380141265009691,-0.9461347567329526,0.0,0.0,0.0,0.0,0.0,0.0,0.0,0.0,0.0,0.0,0.0,False,DISABLED,0,nan,nan,nan,nan,nan,nan,nan,nan,nan,nan,nan,nan,nan,nan,nan,nan,nan,nan,nan,nan,nan,nan,nan,nan,nan,nan,nan,nan,nan,nan,nan,nan,nan,nan,52.05323736072191,-4.146615495985776,-0.17532257510702992,0.02599737438147503,0.02599737438147503,0.02599737438147503,52.1440753170323,-4.1217637925934,-0.13133205348183247,-0.09083795631039493,-0.024851703392375413,-0.043990521625197454,0.09417611941544322,0.10394377066957301,0.025569438934326172,False,DISABLED,none,MODEL_ORIGIN_FRAME_NOT_ESTABLISHED,nan,nan,nan,nan,nan,nan,nan,nan,nan,nan,nan,nan,nan,NOT_EVALUATED,nan,nan,nan,nan,DISABLED,nan,nan,nan,nan,nan,nan
1791471024.9841576,1791471025.005339,1791471025.009808,1791471025.0098302,front_rgbd_red_sphere,True,True,True,,33.8,33.8,1791471025.005339,1791471025.0041022,1791471024.9841576,1791471024.9841576,1791471024.9841576,0.0,1791471023.9921837,1791471024.9881766,1791471024.978674,1791471024.9881766,1791471024.982674,1791471024.9922154,1791471023.9881682,1791471024.9881766,1791471023.9921837,1791471024.9922154,1791470991.1841576,GAZEBO_CLOCK_SYSTEM_INTERPOLATION,MAPPED_EXACT,0,33.8,1791471024.9841576,0.001644134521484375,0.0,RGB,0.0,0,1,0,UNCALIBRATED,PREPARATION,MID,STRAIGHT,1.0,229,1.0,8.04013442993164,0.17020352184772491,nan,nan,False,0.0,0.0,0.0,0.0,0,0,0,0,0,0.0,0.0,0.0,0.0,0.0,0.0,0.0,0.0,0.0,0.0,0.0,0.0,0.0,0.0,7.923956663981248,0.807357783163468,-1.0967406465548475,0.0,0.0,0.0,0.0,0.0,0.0,0.0,0.0,0.0,0.0,0.0,False,DISABLED,0,nan,nan,nan,nan,nan,nan,nan,nan,nan,nan,nan,nan,nan,nan,nan,nan,nan,nan,nan,nan,nan,nan,nan,nan,nan,nan,nan,nan,nan,nan,nan,nan,nan,nan,52.194536162794506,-4.28326113582174,-0.180433618554324,0.02572859009534865,0.02572859009534865,0.02572859009534865,52.28097458983189,-4.256376583334169,-0.13641865944027992,-0.08643842703738613,-0.026884552487571156,-0.04401495911404407,0.09052281939463935,0.10065633341705561,0.021181344985961914,False,DISABLED,none,MODEL_ORIGIN_FRAME_NOT_ESTABLISHED,nan,nan,nan,nan,nan,nan,nan,nan,nan,nan,nan,nan,nan,NOT_EVALUATED,nan,nan,nan,nan,DISABLED,nan,nan,nan,nan,nan,nan
1791471025.0361724,1791471025.0544763,1791471025.0626018,1791471025.0626373,front_rgbd_red_sphere,True,True,True,,33.852,33.852,1791471025.0544763,1791471025.0532496,1791471025.0361724,1791471025.0361724,1791471025.0361724,0.0,1791471024.0521698,1791471025.0521727,1791471025.0426738,1791471025.0521727,1791471025.0426738,1791471025.0521727,1791471024.0521698,1791471025.0521727,1791471024.0521698,1791471025.0521727,1791470991.1841724,GAZEBO_CLOCK_SYSTEM_INTERPOLATION,MAPPED_EXACT,0,33.852,1791471025.0361724,0.001642465591430664,0.0,RGB,0.0,0,1,0,UNCALIBRATED,PREPARATION,MID,STRAIGHT,1.0,236,1.0,7.9389472007751465,0.18777069449424744,nan,nan,False,0.0,0.0,0.0,0.0,0,0,0,0,0,0.0,0.0,0.0,0.0,0.0,0.0,0.0,0.0,0.0,0.0,0.0,0.0,0.0,0.0,7.799402818558984,0.7729085414763794,-1.2644404306436137,0.0,0.0,0.0,0.0,0.0,0.0,0.0,0.0,0.0,0.0,0.0,False,DISABLED,0,nan,nan,nan,nan,nan,nan,nan,nan,nan,nan,nan,nan,nan,nan,nan,nan,nan,nan,nan,nan,nan,nan,nan,nan,nan,nan,nan,nan,nan,nan,nan,nan,nan,nan,52.3365345027481,-4.419625527264113,-0.18492143668506061,0.0254050035631695,0.0254050035631695,0.0254050035631695,52.42937677258116,-4.402123833305909,-0.1410304221299503,-0.09284226983305643,-0.017501693958204,-0.043891014555110325,0.09447749128316593,0.10417493709063423,0.018303871154785156,False,DISABLED,none,MODEL_ORIGIN_FRAME_NOT_ESTABLISHED,nan,nan,nan,nan,nan,nan,nan,nan,nan,nan,nan,nan,nan,NOT_EVALUATED,nan,nan,nan,nan,DISABLED,nan,nan,nan,nan,nan,nan
1791471025.0841615,1791471025.115598,1791471025.121596,1791471025.1216385,front_rgbd_red_sphere,True,True,True,,33.9,33.9,1791471025.115598,1791471025.1143856,1791471025.0841615,1791471025.0841615,1791471025.0841615,0.0,1791471024.0922112,1791471025.092229,1791471025.082674,1791471025.092229,1791471025.082674,1791471025.092229,1791471024.0922112,1791471025.092229,1791471024.0922112,1791471025.092229,1791470991.1841614,GAZEBO_CLOCK_SYSTEM_INTERPOLATION,MAPPED_EXACT,0,33.9,1791471025.0841615,0.003735780715942383,0.0,RGB,0.0,0,1,0,UNCALIBRATED,PREPARATION,MID,STRAIGHT,1.0,245,1.0,7.86005973815918,0.20393158495426178,nan,nan,False,0.0,0.0,0.0,0.0,0,0,0,0,0,0.0,0.0,0.0,0.0,0.0,0.0,0.0,0.0,0.0,0.0,0.0,0.0,0.0,0.0,7.697183053054887,0.7440000668553104,-1.4072589733302543,0.0,0.0,0.0,0.0,0.0,0.0,0.0,0.0,0.0,0.0,0.0,False,DISABLED,0,nan,nan,nan,nan,nan,nan,nan,nan,nan,nan,nan,nan,nan,nan,nan,nan,nan,nan,nan,nan,nan,nan,nan,nan,nan,nan,nan,nan,nan,nan,nan,nan,nan,nan,52.47837565316943,-4.55625532957324,-0.18848443050685398,0.02515414984943172,0.02515414984943172,0.02515414984943172,52.56642661740746,-4.536562257333746,-0.14447531696113572,-0.08805096423802894,-0.01969307223949368,-0.044009113545718265,0.09022632319604168,0.10038720771371465,0.03143644332885742,False,DISABLED,none,MODEL_ORIGIN_FRAME_NOT_ESTABLISHED,nan,nan,nan,nan,nan,nan,nan,nan,nan,nan,nan,nan,nan,NOT_EVALUATED,nan,nan,nan,nan,DISABLED,nan,nan,nan,nan,nan,nan
1791471025.1361566,1791471025.1642773,1791471025.1691833,1791471025.1692028,front_rgbd_red_sphere,True,True,True,,33.952,33.952,1791471025.1642773,1791471025.1540585,1791471025.1361566,1791471025.1361566,1791471025.1361566,0.0,1791471024.1321561,1791471025.1481814,1791471025.138674,1791471025.1481814,1791471025.142674,1791471025.1521704,1791471024.1321561,1791471025.1481814,1791471024.1321561,1791471025.1521704,1791470991.1841567,GAZEBO_CLOCK_SYSTEM_INTERPOLATION,MAPPED_EXACT,0,33.952,1791471025.1361566,0.0005981922149658203,0.0,RGB,0.0,0,1,0,UNCALIBRATED,PREPARATION,MID,STRAIGHT,1.0,255,1.0,7.76453971862793,0.22293022274971008,nan,nan,False,0.0,0.0,0.0,0.0,0,0,0,0,0,0.0,0.0,0.0,0.0,0.0,0.0,0.0,0.0,0.0,0.0,0.0,0.0,0.0,0.0,7.572396860750321,0.7117148599373841,-1.5621602928147862,0.0,0.0,0.0,0.0,0.0,0.0,0.0,0.0,0.0,0.0,0.0,False,DISABLED,0,nan,nan,nan,nan,nan,nan,nan,nan,nan,nan,nan,nan,nan,nan,nan,nan,nan,nan,nan,nan,nan,nan,nan,nan,nan,nan,nan,nan,nan,nan,nan,nan,nan,nan,52.62114585660295,-4.69308276150929,-0.19089710136596322,0.024852071253380917,0.024852071253380917,0.024852071253380917,52.71504555444483,-4.682160338033284,-0.1472559202650845,-0.09389969784187713,-0.010922423476006138,-0.04364118110087872,0.09453281223673098,0.10412014827719335,0.028120756149291992,False,DISABLED,none,MODEL_ORIGIN_FRAME_NOT_ESTABLISHED,nan,nan,nan,nan,nan,nan,nan,nan,nan,nan,nan,nan,nan,NOT_EVALUATED,nan,nan,nan,nan,DISABLED,nan,nan,nan,nan,nan,nan
1791471025.1841602,1791471025.2141004,1791471025.2175066,1791471025.2175293,front_rgbd_red_sphere,True,True,True,,34.0,34.0,1791471025.2048824,1791471025.2141004,1791471025.1841602,1791471025.1841602,1791471025.1841602,0.0,1791471024.1921709,1791471025.1881752,1791471025.178674,1791471025.1881752,1791471025.182674,1791471025.1921759,1791471024.1881702,1791471025.1881752,1791471024.1921709,1791471025.1921759,1791470991.1841602,GAZEBO_CLOCK_SYSTEM_INTERPOLATION,MAPPED_EXACT,0,34.0,1791471025.1841602,0.0021147727966308594,0.0,RGB,0.0,0,1,0,UNCALIBRATED,PREPARATION,MID,STRAIGHT,1.0,266,1.0,7.691120147705078,0.23929207026958466,nan,nan,False,0.0,0.0,0.0,0.0,0,0,0,0,0,0.0,0.0,0.0,0.0,0.0,0.0,0.0,0.0,0.0,0.0,0.0,0.0,0.0,0.0,7.471969232199527,0.6846804989977482,-1.6894419938281526,0.0,0.0,0.0,0.0,0.0,0.0,0.0,0.0,0.0,0.0,0.0,False,DISABLED,0,nan,nan,nan,nan,nan,nan,nan,nan,nan,nan,nan,nan,nan,nan,nan,nan,nan,nan,nan,nan,nan,nan,nan,nan,nan,nan,nan,nan,nan,nan,nan,nan,nan,nan,52.7639907265062,-4.830083116779926,-0.19252727001178277,0.02462112447912962,0.02462112447912962,0.02462112447912962,52.852275424419794,-4.816430416091485,-0.14897463649439785,-0.08828469791359339,-0.013652700688441044,-0.04355263351738492,0.089334115106059,0.09938519008424866,0.029940128326416016,False,DISABLED,none,MODEL_ORIGIN_FRAME_NOT_ESTABLISHED,nan,nan,nan,nan,nan,nan,nan,nan,nan,nan,nan,nan,nan,NOT_EVALUATED,nan,nan,nan,nan,DISABLED,nan,nan,nan,nan,nan,nan
1791471025.2361567,1791471025.2625072,1791471025.2655284,1791471025.2655475,front_rgbd_red_sphere,True,True,True,,34.052,34.052,1791471025.2625072,1791471025.2517242,1791471025.2361567,1791471025.2361567,1791471025.2361567,0.0,1791471024.232161,1791471025.252169,1791471025.2426739,1791471025.252169,1791471025.2426739,1791471025.252169,1791471024.2281582,1791471025.252169,1791471024.232161,1791471025.252169,1791470991.1841567,GAZEBO_CLOCK_SYSTEM_INTERPOLATION,MAPPED_EXACT,0,34.052,1791471025.2361567,0.002526998519897461,0.0,RGB,0.0,0,1,0,UNCALIBRATED,PREPARATION,MID,STRAIGHT,1.0,276,1.0,7.602167129516602,0.2578042447566986,nan,nan,False,0.0,0.0,0.0,0.0,0,0,0,0,0,0.0,0.0,0.0,0.0,0.0,0.0,0.0,0.0,0.0,0.0,0.0,0.0,0.0,0.0,7.350931604658737,0.65428435258133,-1.82446151925528,0.0,0.0,0.0,0.0,0.0,0.0,0.0,0.0,0.0,0.0,0.0,False,DISABLED,0,nan,nan,nan,nan,nan,nan,nan,nan,nan,nan,nan,nan,nan,nan,nan,nan,nan,nan,nan,nan,nan,nan,nan,nan,nan,nan,nan,nan,nan,nan,nan,nan,nan,nan,52.90723079837266,-4.967425156909779,-0.19292164758986446,0.02434276155263814,0.02434276155263814,0.02434276155263814,53.00102009197893,-4.9617655008703165,-0.14985514580588258,-0.09378929360627097,-0.005659656039462391,-0.043066501783981886,0.09395990262685634,0.10335950308296785,0.02635049819946289,False,DISABLED,none,MODEL_ORIGIN_FRAME_NOT_ESTABLISHED,nan,nan,nan,nan,nan,nan,nan,nan,nan,nan,nan,nan,nan,NOT_EVALUATED,nan,nan,nan,nan,DISABLED,nan,nan,nan,nan,nan,nan
1791471025.2841566,1791471025.3067253,1791471025.3122554,1791471025.3122766,front_rgbd_red_sphere,True,True,True,,34.1,34.1,1791471025.3067253,1791471025.304791,1791471025.2841566,1791471025.2841566,1791471025.2841566,0.0,1791471024.2921677,1791471025.2922394,1791471025.2826738,1791471025.2922394,1791471025.2826738,1791471025.2922394,1791471024.2921677,1791471025.2922394,1791471024.2921677,1791471025.2922394,1791470991.1841567,GAZEBO_CLOCK_SYSTEM_INTERPOLATION,MAPPED_EXACT,0,34.1,1791471025.2841566,0.002854585647583008,0.0,RGB,0.0,0,1,0,UNCALIBRATED,PREPARATION,MID,STRAIGHT,1.0,278,1.0,7.535217761993408,0.27313005924224854,nan,nan,False,0.0,0.0,0.0,0.0,0,0,0,0,0,0.0,0.0,0.0,0.0,0.0,0.0,0.0,0.0,0.0,0.0,0.0,0.0,0.0,0.0,7.255897115085328,0.6285872897920299,-1.9329625024951183,0.0,0.0,0.0,0.0,0.0,0.0,0.0,0.0,0.0,0.0,0.0,False,DISABLED,0,nan,nan,nan,nan,nan,nan,nan,nan,nan,nan,nan,nan,nan,nan,nan,nan,nan,nan,nan,nan,nan,nan,nan,nan,nan,nan,nan,nan,nan,nan,nan,nan,nan,nan,53.05065922856732,-5.10486311234078,-0.19248172914167666,0.024134299553274813,0.024134299553274813,0.024134299553274813,53.138430569286676,-5.095844787160354,-0.14980603749050705,-0.08777134071935677,-0.00901832518042589,-0.042675691651169606,0.0882334315366535,0.09801200487001083,0.022568702697753906,False,DISABLED,none,MODEL_ORIGIN_FRAME_NOT_ESTABLISHED,nan,nan,nan,nan,nan,nan,nan,nan,nan,nan,nan,nan,nan,NOT_EVALUATED,nan,nan,nan,nan,DISABLED,nan,nan,nan,nan,nan,nan
1791471025.3361638,1791471025.3594856,1791471025.3626902,1791471025.3627095,front_rgbd_red_sphere,True,True,True,,34.152,34.152,1791471025.3594856,1791471025.3567727,1791471025.3361638,1791471025.3361638,1791471025.3361638,0.0,1791471024.352166,1791471025.3481765,1791471025.3386738,1791471025.3481765,1791471025.342674,1791471025.3521805,1791471024.3321579,1791471025.3481765,1791471024.352166,1791471025.3521805,1791470991.1841638,GAZEBO_CLOCK_SYSTEM_INTERPOLATION,MAPPED_EXACT,0,34.152,1791471025.3361638,0.0035178661346435547,0.0,RGB,0.0,0,1,0,UNCALIBRATED,PREPARATION,MID,STRAIGHT,1.0,295,1.0,7.453110694885254,0.29010388255119324,nan,nan,False,0.0,0.0,0.0,0.0,0,0,0,0,0,0.0,0.0,0.0,0.0,0.0,0.0,0.0,0.0,0.0,0.0,0.0,0.0,0.0,0.0,7.141676178672574,0.5990025309616982,-2.0460976111310742,0.0,0.0,0.0,0.0,0.0,0.0,0.0,0.0,0.0,0.0,0.0,False,DISABLED,0,nan,nan,nan,nan,nan,nan,nan,nan,nan,nan,nan,nan,nan,nan,nan,nan,nan,nan,nan,nan,nan,nan,nan,nan,nan,nan,nan,nan,nan,nan,nan,nan,nan,nan,53.194860890273844,-5.24217280605096,-0.1911614318477674,0.023879862823502532,0.023879862823502532,0.023879862823502532,53.28746413643589,-5.241050722753907,-0.14876448233494735,-0.0926032461620423,-0.0011220832970533223,-0.042396949512820054,0.09261004411333215,0.10185343194348406,0.023321866989135742,False,DISABLED,none,MODEL_ORIGIN_FRAME_NOT_ESTABLISHED,nan,nan,nan,nan,nan,nan,nan,nan,nan,nan,nan,nan,nan,NOT_EVALUATED,nan,nan,nan,nan,DISABLED,nan,nan,nan,nan,nan,nan
1791471025.3841584,1791471025.4117124,1791471025.4177225,1791471025.417745,front_rgbd_red_sphere,True,True,True,,34.2,34.2,1791471025.4117124,1791471025.4106781,1791471025.3841584,1791471025.3841584,1791471025.3841584,0.0,1791471024.392173,1791471025.3881676,1791471025.378674,1791471025.3881676,1791471025.382674,1791471025.3921762,1791471024.3881588,1791471025.3881676,1791471024.392173,1791471025.3921762,1791470991.1841583,GAZEBO_CLOCK_SYSTEM_INTERPOLATION,MAPPED_EXACT,0,34.2,1791471025.3841584,0.003899097442626953,0.0,RGB,0.0,0,1,0,UNCALIBRATED,PREPARATION,MID,STRAIGHT,1.0,301,1.0,7.392816543579102,0.3036559224128723,nan,nan,False,0.0,0.0,0.0,0.0,0,0,0,0,0,0.0,0.0,0.0,0.0,0.0,0.0,0.0,0.0,0.0,0.0,0.0,0.0,0.0,0.0,7.054593020900221,0.5732238983894149,-2.134916500871676,0.0,0.0,0.0,0.0,0.0,0.0,0.0,0.0,0.0,0.0,0.0,False,DISABLED,0,nan,nan,nan,nan,nan,nan,nan,nan,nan,nan,nan,nan,nan,nan,nan,nan,nan,nan,nan,nan,nan,nan,nan,nan,nan,nan,nan,nan,nan,nan,nan,nan,nan,nan,53.33919538253433,-5.379616556637975,-0.18923300679377147,0.023693880186656593,0.023693880186656593,0.023693880186656593,53.42502520419231,-5.3748862913077495,-0.14694837858769144,-0.08582982165798114,-0.004730265330225691,-0.04228462820608003,0.08596007035790038,0.0957973041294044,0.027554035186767578,False,DISABLED,none,MODEL_ORIGIN_FRAME_NOT_ESTABLISHED,nan,nan,nan,nan,nan,nan,nan,nan,nan,nan,nan,nan,nan,NOT_EVALUATED,nan,nan,nan,nan,DISABLED,nan,nan,nan,nan,nan,nan
1791471025.4361587,1791471025.4632134,1791471025.4672382,1791471025.4672592,front_rgbd_red_sphere,True,True,True,,34.252,34.252,1791471025.4632134,1791471025.4530747,1791471025.4361587,1791471025.4361587,1791471025.4361587,0.0,1791471024.4321618,1791471025.4521637,1791471025.442674,1791471025.4521637,1791471025.442674,1791471025.4521637,1791471024.4281604,1791471025.4521637,1791471024.4321618,1791471025.4521637,1791470991.1841586,GAZEBO_CLOCK_SYSTEM_INTERPOLATION,MAPPED_EXACT,0,34.252,1791471025.4361587,0.003355264663696289,0.0,RGB,0.0,0,1,0,UNCALIBRATED,PREPARATION,MID,STRAIGHT,1.0,311,1.0,7.318790912628174,0.31919634342193604,nan,nan,False,0.0,0.0,0.0,0.0,0,0,0,0,0,0.0,0.0,0.0,0.0,0.0,0.0,0.0,0.0,0.0,0.0,0.0,0.0,0.0,0.0,6.949103582928894,0.5434086629280745,-2.231449639622353,0.0,0.0,0.0,0.0,0.0,0.0,0.0,0.0,0.0,0.0,0.0,False,DISABLED,0,nan,nan,nan,nan,nan,nan,nan,nan,nan,nan,nan,nan,nan,nan,nan,nan,nan,nan,nan,nan,nan,nan,nan,nan,nan,nan,nan,nan,nan,nan,nan,nan,nan,nan,53.48385883277282,-5.516732708319613,-0.1863389186951973,0.023466535639080837,0.023466535639080837,0.023466535639080837,53.57425231610323,-5.51984462394735,-0.14401195121871266,-0.0903934833304092,0.0031119156277368276,-0.04232696747648465,0.0904470333813062,0.09986109364129009,0.027054786682128906,False,DISABLED,none,MODEL_ORIGIN_FRAME_NOT_ESTABLISHED,nan,nan,nan,nan,nan,nan,nan,nan,nan,nan,nan,nan,nan,NOT_EVALUATED,nan,nan,nan,nan,DISABLED,nan,nan,nan,nan,nan,nan
1791471025.4841576,1791471025.5163612,1791471025.5239737,1791471025.5240138,front_rgbd_red_sphere,True,True,True,,34.3,34.3,1791471025.5163612,1791471025.504692,1791471025.4841576,1791471025.4841576,1791471025.4841576,0.0,1791471024.4921772,1791471025.5081635,1791471025.498674,1791471025.5081635,1791471025.5026739,1791471025.5121577,1791471024.4921772,1791471025.5081635,1791471024.4921772,1791471025.5121577,1791470991.1841576,GAZEBO_CLOCK_SYSTEM_INTERPOLATION,MAPPED_EXACT,0,34.3,1791471025.4841576,0.0023598670959472656,0.0,RGB,0.0,0,1,0,UNCALIBRATED,PREPARATION,MID,STRAIGHT,1.0,321,1.0,7.26535177230835,0.3317067325115204,nan,nan,False,0.0,0.0,0.0,0.0,0,0,0,0,0,0.0,0.0,0.0,0.0,0.0,0.0,0.0,0.0,0.0,0.0,0.0,0.0,0.0,0.0,6.869302435612559,0.517044573512436,-2.3088281516819107,0.0,0.0,0.0,0.0,0.0,0.0,0.0,0.0,0.0,0.0,0.0,False,DISABLED,0,nan,nan,nan,nan,nan,nan,nan,nan,nan,nan,nan,nan,nan,nan,nan,nan,nan,nan,nan,nan,nan,nan,nan,nan,nan,nan,nan,nan,nan,nan,nan,nan,nan,nan,53.62813577092736,-5.653716498982314,-0.1828630219694966,0.02330309691478692,0.02330309691478692,0.02330309691478692,53.7120745772366,-5.6535198759254754,-0.14047130247042633,-0.08393880630924144,-0.00019662305683887382,-0.04239171949907028,0.08393903659946803,0.09403626825504449,0.03220367431640625,False,DISABLED,none,MODEL_ORIGIN_FRAME_NOT_ESTABLISHED,nan,nan,nan,nan,nan,nan,nan,nan,nan,nan,nan,nan,nan,NOT_EVALUATED,nan,nan,nan,nan,DISABLED,nan,nan,nan,nan,nan,nan
1791471025.5361617,1791471025.5590916,1791471025.5626667,1791471025.562696,front_rgbd_red_sphere,True,True,True,,34.352,34.352,1791471025.5590916,1791471025.5563822,1791471025.5361617,1791471025.5361617,1791471025.5361617,0.0,1791471024.5321593,1791471025.5481822,1791471025.5386739,1791471025.5481822,1791471025.5426738,1791471025.5521648,1791471024.5321593,1791471025.5481822,1791471024.5321593,1791471025.5521648,1791470991.1841617,GAZEBO_CLOCK_SYSTEM_INTERPOLATION,MAPPED_EXACT,0,34.352,1791471025.5361617,0.0030975341796875,0.0,RGB,0.0,0,1,0,UNCALIBRATED,PREPARATION,MID,STRAIGHT,1.0,334,1.0,7.199233055114746,0.34508177638053894,nan,nan,False,0.0,0.0,0.0,0.0,0,0,0,0,0,0.0,0.0,0.0,0.0,0.0,0.0,0.0,0.0,0.0,0.0,0.0,0.0,0.0,0.0,6.774822248067877,0.4870407696206325,-2.3861117987871996,0.0,0.0,0.0,0.0,0.0,0.0,0.0,0.0,0.0,0.0,0.0,False,DISABLED,0,nan,nan,nan,nan,nan,nan,nan,nan,nan,nan,nan,nan,nan,nan,nan,nan,nan,nan,nan,nan,nan,nan,nan,nan,nan,nan,nan,nan,nan,nan,nan,nan,nan,nan,53.77356254301512,-5.791422564647772,-0.17862366124325652,0.023101668153394057,0.023101668153394057,0.023101668153394057,53.861477936675755,-5.798187620908976,-0.1357128633802169,-0.08791539366063716,0.006765056261204272,-0.04291079786303961,0.08817529375466839,0.09806232203025128,0.022929906845092773,False,DISABLED,none,MODEL_ORIGIN_FRAME_NOT_ESTABLISHED,nan,nan,nan,nan,nan,nan,nan,nan,nan,nan,nan,nan,nan,NOT_EVALUATED,nan,nan,nan,nan,DISABLED,nan,nan,nan,nan,nan,nan
1791471025.5841615,1791471025.602254,1791471025.605687,1791471025.6057122,front_rgbd_red_sphere,True,True,True,,34.4,34.4,1791471025.602254,1791471025.6004386,1791471025.5841615,1791471025.5841615,1791471025.5841615,0.0,1791471024.5721643,1791471025.5881732,1791471025.5787039,1791471025.5881732,1791471025.5827038,1791471025.5921743,1791471024.5721643,1791471025.5881732,1791471024.5721643,1791471025.5921743,1791470991.1841614,GAZEBO_CLOCK_SYSTEM_INTERPOLATION,MAPPED_EXACT,0,34.4,1791471025.5841615,0.0023114681243896484,0.0,RGB,0.0,0,1,0,UNCALIBRATED,PREPARATION,MID,STRAIGHT,1.0,339,1.0,7.153067588806152,0.354585736989975,nan,nan,False,0.0,0.0,0.0,0.0,0,0,0,0,0,0.0,0.0,0.0,0.0,0.0,0.0,0.0,0.0,0.0,0.0,0.0,0.0,0.0,0.0,6.708078064248917,0.46062206822900187,-2.440469376416047,0.0,0.0,0.0,0.0,0.0,0.0,0.0,0.0,0.0,0.0,0.0,False,DISABLED,0,nan,nan,nan,nan,nan,nan,nan,nan,nan,nan,nan,nan,nan,nan,nan,nan,nan,nan,nan,nan,nan,nan,nan,nan,nan,nan,nan,nan,nan,nan,nan,nan,nan,nan,53.9186305575967,-5.929465494288773,-0.17357283627320713,0.022961545492110543,0.022961545492110543,0.022961545492110543,53.999552396047264,-5.931669545281371,-0.13053579604090557,-0.08092183845056411,0.0022040509925975726,-0.043037040232301566,0.08095184852118675,0.0916809064688712,0.01809239387512207,False,DISABLED,none,MODEL_ORIGIN_FRAME_NOT_ESTABLISHED,nan,nan,nan,nan,nan,nan,nan,nan,nan,nan,nan,nan,nan,NOT_EVALUATED,nan,nan,nan,nan,DISABLED,nan,nan,nan,nan,nan,nan
1791471025.636162,1791471025.6615696,1791471025.6647935,1791471025.6648133,front_rgbd_red_sphere,True,True,True,,34.452,34.452,1791471025.6615696,1791471025.6602244,1791471025.636162,1791471025.636162,1791471025.636162,0.0,1791471024.6521695,1791471025.6521769,1791471025.642704,1791471025.6521769,1791471025.642704,1791471025.6521769,1791471024.6521695,1791471025.6521769,1791471024.6521695,1791471025.6521769,1791470991.1841621,GAZEBO_CLOCK_SYSTEM_INTERPOLATION,MAPPED_EXACT,0,34.452,1791471025.636162,0.0015687942504882812,0.0,RGB,0.0,0,1,0,UNCALIBRATED,PREPARATION,MID,STRAIGHT,1.0,348,1.0,7.094710826873779,0.36512330174446106,nan,nan,False,0.0,0.0,0.0,0.0,0,0,0,0,0,0.0,0.0,0.0,0.0,0.0,0.0,0.0,0.0,0.0,0.0,0.0,0.0,0.0,0.0,6.627025453894945,0.4308077473282568,-2.496368749449849,0.0,0.0,0.0,0.0,0.0,0.0,0.0,0.0,0.0,0.0,0.0,False,DISABLED,0,nan,nan,nan,nan,nan,nan,nan,nan,nan,nan,nan,nan,nan,nan,nan,nan,nan,nan,nan,nan,nan,nan,nan,nan,nan,nan,nan,nan,nan,nan,nan,nan,nan,nan,54.06439776463965,-6.067835205348085,-0.1674162394281548,0.022785028834712204,0.022785028834712204,0.022785028834712204,54.149146274338875,-6.076034302550652,-0.1240740157294581,-0.08474850969922443,0.008199097202567174,-0.04334222369869671,0.0851442017472516,0.09554100400521522,0.02540755271911621,False,DISABLED,none,MODEL_ORIGIN_FRAME_NOT_ESTABLISHED,nan,nan,nan,nan,nan,nan,nan,nan,nan,nan,nan,nan,nan,NOT_EVALUATED,nan,nan,nan,nan,DISABLED,nan,nan,nan,nan,nan,nan
1791471025.6841562,1791471025.7039635,1791471025.7075891,1791471025.7076108,front_rgbd_red_sphere,True,True,True,,34.5,34.5,1791471025.7039635,1791471025.7015812,1791471025.6841562,1791471025.6841562,1791471025.6841562,0.0,1791471024.6721637,1791471025.6921663,1791471025.682704,1791471025.6921663,1791471025.682704,1791471025.6921663,1791471024.6681693,1791471025.6921663,1791471024.6721637,1791471025.6921663,1791470991.1841562,GAZEBO_CLOCK_SYSTEM_INTERPOLATION,MAPPED_EXACT,0,34.5,1791471025.6841562,0.004058837890625,0.0,RGB,0.0,0,1,0,UNCALIBRATED,PREPARATION,MID,STRAIGHT,1.0,354,1.0,7.055849552154541,0.37279823422431946,nan,nan,False,0.0,0.0,0.0,0.0,0,0,0,0,0,0.0,0.0,0.0,0.0,0.0,0.0,0.0,0.0,0.0,0.0,0.0,0.0,0.0,0.0,6.571196099942885,0.4040971386466463,-2.5379324297253154,0.0,0.0,0.0,0.0,0.0,0.0,0.0,0.0,0.0,0.0,0.0,False,DISABLED,0,nan,nan,nan,nan,nan,nan,nan,nan,nan,nan,nan,nan,nan,nan,nan,nan,nan,nan,nan,nan,nan,nan,nan,nan,nan,nan,nan,nan,nan,nan,nan,nan,nan,nan,54.20990334256017,-6.206014488084904,-0.16051753791110096,0.022667860743686118,0.022667860743686118,0.022667860743686118,54.287465360039114,-6.209290579635726,-0.11738803577073835,-0.07756201747894664,0.0032760915508225352,-0.04312950214036261,0.07763117499596277,0.08880739432124635,0.01980733871459961,False,DISABLED,none,MODEL_ORIGIN_FRAME_NOT_ESTABLISHED,nan,nan,nan,nan,nan,nan,nan,nan,nan,nan,nan,nan,nan,NOT_EVALUATED,nan,nan,nan,nan,DISABLED,nan,nan,nan,nan,nan,nan
1791471025.7361588,1791471025.753703,1791471025.760687,1791471025.760709,front_rgbd_red_sphere,True,True,True,,34.552,34.552,1791471025.753703,1791471025.752636,1791471025.7361588,1791471025.7361588,1791471025.7361588,0.0,1791471024.73216,1791471025.7481709,1791471025.738704,1791471025.7481709,1791471025.742704,1791471025.752165,1791471024.73216,1791471025.7481709,1791471024.73216,1791471025.752165,1791470991.1841588,GAZEBO_CLOCK_SYSTEM_INTERPOLATION,MAPPED_EXACT,0,34.552,1791471025.7361588,0.0012409687042236328,0.0,RGB,0.0,0,1,0,UNCALIBRATED,PREPARATION,MID,STRAIGHT,1.0,363,1.0,7.00528621673584,0.3819846212863922,nan,nan,False,0.0,0.0,0.0,0.0,0,0,0,0,0,0.0,0.0,0.0,0.0,0.0,0.0,0.0,0.0,0.0,0.0,0.0,0.0,0.0,0.0,6.500391826943048,0.3736491376095721,-2.5844391272775447,0.0,0.0,0.0,0.0,0.0,0.0,0.0,0.0,0.0,0.0,0.0,False,DISABLED,0,nan,nan,nan,nan,nan,nan,nan,nan,nan,nan,nan,nan,nan,nan,nan,nan,nan,nan,nan,nan,nan,nan,nan,nan,nan,nan,nan,nan,nan,nan,nan,nan,nan,nan,54.35592288821972,-6.344094508087395,-0.15270808511592898,0.02251586106035061,0.02251586106035061,0.02251586106035061,54.43741857336466,-6.353487653009263,-0.1093740184941041,-0.08149568514493666,0.009393144921867602,-0.04333406662182489,0.08203522334196364,0.09277725582679526,0.017544269561767578,False,DISABLED,none,MODEL_ORIGIN_FRAME_NOT_ESTABLISHED,nan,nan,nan,nan,nan,nan,nan,nan,nan,nan,nan,nan,nan,NOT_EVALUATED,nan,nan,nan,nan,DISABLED,nan,nan,nan,nan,nan,nan
1791471025.7841604,1791471025.8030381,1791471025.8085485,1791471025.8085868,front_rgbd_red_sphere,True,True,True,,34.6,34.6,1791471025.8030381,1791471025.801279,1791471025.7841604,1791471025.7841604,1791471025.7841604,0.0,1791471024.772158,1791471025.7881684,1791471025.778704,1791471025.7881684,1791471025.7827039,1791471025.7921662,1791471024.772158,1791471025.7881684,1791471024.772158,1791471025.7921662,1791470991.1841605,GAZEBO_CLOCK_SYSTEM_INTERPOLATION,MAPPED_EXACT,0,34.6,1791471025.7841604,0.003186464309692383,0.0,RGB,0.0,0,1,0,UNCALIBRATED,PREPARATION,MID,STRAIGHT,1.0,366,1.0,6.9736528396606445,0.38793039321899414,nan,nan,False,0.0,0.0,0.0,0.0,0,0,0,0,0,0.0,0.0,0.0,0.0,0.0,0.0,0.0,0.0,0.0,0.0,0.0,0.0,0.0,0.0,6.455467858980167,0.34611759225938243,-2.6151421092186276,0.0,0.0,0.0,0.0,0.0,0.0,0.0,0.0,0.0,0.0,0.0,False,DISABLED,0,nan,nan,nan,nan,nan,nan,nan,nan,nan,nan,nan,nan,nan,nan,nan,nan,nan,nan,nan,nan,nan,nan,nan,nan,nan,nan,nan,nan,nan,nan,nan,nan,nan,nan,54.50189108890994,-6.482314661562826,-0.14424227841751408,0.022421027289817517,0.022421027289817517,0.022421027289817517,54.575939746964984,-6.48645195064325,-0.10134627634172103,-0.07404865805504102,0.004137289080423656,-0.042896002075793055,0.07416414848622874,0.08567606383800452,0.018877744674682617,False,DISABLED,none,MODEL_ORIGIN_FRAME_NOT_ESTABLISHED,nan,nan,nan,nan,nan,nan,nan,nan,nan,nan,nan,nan,nan,NOT_EVALUATED,nan,nan,nan,nan,DISABLED,nan,nan,nan,nan,nan,nan
1791471025.8361633,1791471025.8538752,1791471025.8611841,1791471025.861214,front_rgbd_red_sphere,True,True,True,,34.652,34.652,1791471025.8538752,1791471025.8527937,1791471025.8361633,1791471025.8361633,1791471025.8361633,0.0,1791471024.8521695,1791471025.8521717,1791471025.8427038,1791471025.8521717,1791471025.8427038,1791471025.8521717,1791471024.8521695,1791471025.8521717,1791471024.8521695,1791471025.8521717,1791470991.1841633,GAZEBO_CLOCK_SYSTEM_INTERPOLATION,MAPPED_EXACT,0,34.652,1791471025.8361633,0.0018315315246582031,0.0,RGB,0.0,0,1,0,UNCALIBRATED,PREPARATION,MID,STRAIGHT,1.0,379,1.0,6.93079948425293,0.39500051736831665,nan,nan,False,0.0,0.0,0.0,0.0,0,0,0,0,0,0.0,0.0,0.0,0.0,0.0,0.0,0.0,0.0,0.0,0.0,0.0,0.0,0.0,0.0,6.397102905181041,0.3153947716474885,-2.6483173028773033,0.0,0.0,0.0,0.0,0.0,0.0,0.0,0.0,0.0,0.0,0.0,False,DISABLED,0,nan,nan,nan,nan,nan,nan,nan,nan,nan,nan,nan,nan,nan,nan,nan,nan,nan,nan,nan,nan,nan,nan,nan,nan,nan,nan,nan,nan,nan,nan,nan,nan,nan,nan,54.64823201820283,-6.620349948909323,-0.13486159234671996,0.02229287785971855,0.02229287785971855,0.02229287785971855,54.72613558076158,-6.630341395520835,-0.09198424126981475,-0.07790356255874542,0.009991446611512522,-0.04287735107690521,0.07854167088071826,0.08948330179484468,0.017711877822875977,False,DISABLED,none,MODEL_ORIGIN_FRAME_NOT_ESTABLISHED,nan,nan,nan,nan,nan,nan,nan,nan,nan,nan,nan,nan,nan,NOT_EVALUATED,nan,nan,nan,nan,DISABLED,nan,nan,nan,nan,nan,nan
1791471025.884158,1791471025.912517,1791471025.9167364,1791471025.9167576,front_rgbd_red_sphere,True,True,True,,34.7,34.7,1791471025.912517,1791471025.9010832,1791471025.884158,1791471025.884158,1791471025.884158,0.0,1791471024.8921692,1791471025.8921769,1791471025.882704,1791471025.8921769,1791471025.882704,1791471025.8921769,1791471024.8921692,1791471025.8921769,1791471024.8921692,1791471025.8921769,1791470991.1841578,GAZEBO_CLOCK_SYSTEM_INTERPOLATION,MAPPED_EXACT,0,34.7,1791471025.884158,0.0008547306060791016,0.0,RGB,0.0,0,1,0,UNCALIBRATED,PREPARATION,MID,STRAIGHT,1.0,384,1.0,6.906138896942139,0.3992604613304138,nan,nan,False,0.0,0.0,0.0,0.0,0,0,0,0,0,0.0,0.0,0.0,0.0,0.0,0.0,0.0,0.0,0.0,0.0,0.0,0.0,0.0,0.0,6.362962184949269,0.28777397874111976,-2.6692041254817793,0.0,0.0,0.0,0.0,0.0,0.0,0.0,0.0,0.0,0.0,0.0,False,DISABLED,0,nan,nan,nan,nan,nan,nan,nan,nan,nan,nan,nan,nan,nan,nan,nan,nan,nan,nan,nan,nan,nan,nan,nan,nan,nan,nan,nan,nan,nan,nan,nan,nan,nan,nan,54.794620051581155,-6.7581495392427815,-0.12518503410350762,0.022219297213029048,0.022219297213029048,0.022219297213029048,54.86495663442576,-6.7630817954401286,-0.08280761377294527,-0.07033658284460387,0.004932256197347051,-0.042377420330562354,0.07050930461614334,0.08226425585468607,0.028359174728393555,False,DISABLED,none,MODEL_ORIGIN_FRAME_NOT_ESTABLISHED,nan,nan,nan,nan,nan,nan,nan,nan,nan,nan,nan,nan,nan,NOT_EVALUATED,nan,nan,nan,nan,DISABLED,nan,nan,nan,nan,nan,nan
1791471025.9361594,1791471025.9538238,1791471025.96163,1791471025.9616673,front_rgbd_red_sphere,True,True,True,,34.752,34.752,1791471025.9538238,1791471025.9525516,1791471025.9361594,1791471025.9361594,1791471025.9361594,0.0,1791471024.9521651,1791471025.9481757,1791471025.938704,1791471025.9481757,1791471025.942704,1791471025.9521747,1791471024.9481611,1791471025.9481757,1791471024.9521651,1791471025.9521747,1791470991.1841593,GAZEBO_CLOCK_SYSTEM_INTERPOLATION,MAPPED_EXACT,0,34.752,1791471025.9361594,0.001157522201538086,0.0,RGB,0.0,0,1,0,UNCALIBRATED,PREPARATION,MID,STRAIGHT,1.0,389,1.0,6.870390892028809,0.40410134196281433,nan,nan,False,0.0,0.0,0.0,0.0,0,0,0,0,0,0.0,0.0,0.0,0.0,0.0,0.0,0.0,0.0,0.0,0.0,0.0,0.0,0.0,0.0,6.317022996216192,0.25748879920335543,-2.6890875692651477,0.0,0.0,0.0,0.0,0.0,0.0,0.0,0.0,0.0,0.0,0.0,False,DISABLED,0,nan,nan,nan,nan,nan,nan,nan,nan,nan,nan,nan,nan,nan,nan,nan,nan,nan,nan,nan,nan,nan,nan,nan,nan,nan,nan,nan,nan,nan,nan,nan,nan,nan,nan,54.941335817995444,-6.895867060800592,-0.1151120093439974,0.022112852736464562,0.022112852736464562,0.022112852736464562,55.01539431344252,-6.906634744724368,-0.07232927910214537,-0.07405849544707621,0.010767683923775806,-0.04278273024185203,0.07483718170112333,0.086203049667132,0.017664432525634766,False,DISABLED,none,MODEL_ORIGIN_FRAME_NOT_ESTABLISHED,nan,nan,nan,nan,nan,nan,nan,nan,nan,nan,nan,nan,nan,NOT_EVALUATED,nan,nan,nan,nan,DISABLED,nan,nan,nan,nan,nan,nan
1791471025.984156,1791471026.0099635,1791471026.0132344,1791471026.0132535,front_rgbd_red_sphere,True,True,True,,34.8,34.8,1791471026.0099635,1791471025.9985116,1791471025.984156,1791471025.984156,1791471025.984156,0.0,1791471024.9721577,1791471025.9881732,1791471025.978704,1791471025.9881732,1791471025.982704,1791471025.992165,1791471024.9721577,1791471025.9881732,1791471024.9721577,1791471025.992165,1791470991.184156,GAZEBO_CLOCK_SYSTEM_INTERPOLATION,MAPPED_EXACT,0,34.8,1791471025.984156,0.0020813941955566406,0.0,RGB,0.0,0,1,0,UNCALIBRATED,PREPARATION,MID,STRAIGHT,1.0,391,1.0,6.851592063903809,0.40582194924354553,nan,nan,False,0.0,0.0,0.0,0.0,0,0,0,0,0,0.0,0.0,0.0,0.0,0.0,0.0,0.0,0.0,0.0,0.0,0.0,0.0,0.0,0.0,6.295093471599995,0.2306905423359087,-2.694975391821629,0.0,0.0,0.0,0.0,0.0,0.0,0.0,0.0,0.0,0.0,0.0,False,DISABLED,0,nan,nan,nan,nan,nan,nan,nan,nan,nan,nan,nan,nan,nan,nan,nan,nan,nan,nan,nan,nan,nan,nan,nan,nan,nan,nan,nan,nan,nan,nan,nan,nan,nan,nan,55.08780548055066,-7.033332782121553,-0.10483707729122033,0.022056978357009167,0.022056978357009167,0.022056978357009167,55.15448988762206,-7.03910019560045,-0.062231528324421845,-0.06668440707140633,0.005767413478896977,-0.04260554896679848,0.0669333489727026,0.07934296444842386,0.025807619094848633,False,DISABLED,none,MODEL_ORIGIN_FRAME_NOT_ESTABLISHED,nan,nan,nan,nan,nan,nan,nan,nan,nan,nan,nan,nan,nan,NOT_EVALUATED,nan,nan,nan,nan,DISABLED,nan,nan,nan,nan,nan,nan
1791471026.0361714,1791471026.0651689,1791471026.0682821,1791471026.0683026,front_rgbd_red_sphere,True,True,True,,34.852,34.852,1791471026.0651689,1791471026.0544546,1791471026.0361714,1791471026.0361714,1791471026.0361714,0.0,1791471025.0321586,1791471026.0521681,1791471026.0427039,1791471026.0521681,1791471026.0427039,1791471026.0521681,1791471025.0281563,1791471026.0521681,1791471025.0321586,1791471026.0521681,1791470991.1841714,GAZEBO_CLOCK_SYSTEM_INTERPOLATION,MAPPED_EXACT,0,34.852,1791471026.0361714,0.0012319087982177734,0.0,RGB,0.0,0,1,0,UNCALIBRATED,PREPARATION,MID,STRAIGHT,1.0,399,1.0,6.822577476501465,0.40810826420783997,nan,nan,False,0.0,0.0,0.0,0.0,0,0,0,0,0,0.0,0.0,0.0,0.0,0.0,0.0,0.0,0.0,0.0,0.0,0.0,0.0,0.0,0.0,6.262261153810887,0.2018992580799983,-2.7001634640929506,0.0,0.0,0.0,0.0,0.0,0.0,0.0,0.0,0.0,0.0,0.0,False,DISABLED,0,nan,nan,nan,nan,nan,nan,nan,nan,nan,nan,nan,nan,nan,nan,nan,nan,nan,nan,nan,nan,nan,nan,nan,nan,nan,nan,nan,nan,nan,nan,nan,nan,nan,nan,55.23503161465235,-7.170906335896587,-0.09403816372675772,0.021970879735234483,0.021970879735234483,0.021970879735234483,55.30530888906676,-7.182420644979625,-0.050886070364301525,-0.07027727441440845,0.01151430908303741,-0.04315209336245619,0.07121428657774918,0.08326810778647442,0.028997421264648438,False,DISABLED,none,MODEL_ORIGIN_FRAME_NOT_ESTABLISHED,nan,nan,nan,nan,nan,nan,nan,nan,nan,nan,nan,nan,nan,NOT_EVALUATED,nan,nan,nan,nan,DISABLED,nan,nan,nan,nan,nan,nan
1791471026.0841606,1791471026.102668,1791471026.1059012,1791471026.1059227,front_rgbd_red_sphere,True,True,True,,34.9,34.9,1791471026.102668,1791471026.1016717,1791471026.0841606,1791471026.0841606,1791471026.0841606,0.0,1791471025.072158,1791471026.092171,1791471026.0827038,1791471026.092171,1791471026.0827038,1791471026.092171,1791471025.0681608,1791471026.092171,1791471025.072158,1791471026.092171,1791470991.1841605,GAZEBO_CLOCK_SYSTEM_INTERPOLATION,MAPPED_EXACT,0,34.9,1791471026.0841606,0.0027081966400146484,0.0,RGB,0.0,0,1,0,UNCALIBRATED,PREPARATION,MID,STRAIGHT,1.0,400,1.0,6.809982776641846,0.4079577326774597,nan,nan,False,0.0,0.0,0.0,0.0,0,0,0,0,0,0.0,0.0,0.0,0.0,0.0,0.0,0.0,0.0,0.0,0.0,0.0,0.0,0.0,0.0,6.251107583128129,0.17648171894597553,-2.6959915778608945,0.0,0.0,0.0,0.0,0.0,0.0,0.0,0.0,0.0,0.0,0.0,False,DISABLED,0,nan,nan,nan,nan,nan,nan,nan,nan,nan,nan,nan,nan,nan,nan,nan,nan,nan,nan,nan,nan,nan,nan,nan,nan,nan,nan,nan,nan,nan,nan,nan,nan,nan,nan,55.38209068554224,-7.308149112931319,-0.08295722482945139,0.021933558328257222,0.021933558328257222,0.021933558328257222,55.44452420207519,-7.314437872750025,-0.0401293370902148,-0.06243351653295548,0.0062887598187062466,-0.04282788773923659,0.0627494421228444,0.07597183988118789,0.01850748062133789,False,DISABLED,none,MODEL_ORIGIN_FRAME_NOT_ESTABLISHED,nan,nan,nan,nan,nan,nan,nan,nan,nan,nan,nan,nan,nan,NOT_EVALUATED,nan,nan,nan,nan,DISABLED,nan,nan,nan,nan,nan,nan
1791471026.1361718,1791471026.1667278,1791471026.1699073,1791471026.169927,front_rgbd_red_sphere,True,True,True,,34.952,34.952,1791471026.1667278,1791471026.1660676,1791471026.1361718,1791471026.1361718,1791471026.1361718,0.0,1791471025.1521704,1791471026.1481853,1791471026.1387038,1791471026.1481853,1791471026.142704,1791471026.152173,1791471025.1481814,1791471026.1481853,1791471025.1521704,1791471026.152173,1791470991.184172,GAZEBO_CLOCK_SYSTEM_INTERPOLATION,MAPPED_EXACT,0,34.952,1791471026.1361718,0.002742290496826172,0.0,RGB,0.0,0,1,0,UNCALIBRATED,PREPARATION,MID,STRAIGHT,1.0,401,1.0,6.787236213684082,0.4085310101509094,nan,nan,False,0.0,0.0,0.0,0.0,0,0,0,0,0,0.0,0.0,0.0,0.0,0.0,0.0,0.0,0.0,0.0,0.0,0.0,0.0,0.0,0.0,6.228683232571561,0.14921361382457032,-2.6921768442549325,0.0,0.0,0.0,0.0,0.0,0.0,0.0,0.0,0.0,0.0,0.0,False,DISABLED,0,nan,nan,nan,nan,nan,nan,nan,nan,nan,nan,nan,nan,nan,nan,nan,nan,nan,nan,nan,nan,nan,nan,nan,nan,nan,nan,nan,nan,nan,nan,nan,nan,nan,nan,55.52988343683934,-7.445597950073304,-0.07178191618945723,0.021866235539412755,0.021866235539412755,0.021866235539412755,55.59563270997484,-7.457409370038783,-0.028204068523254855,-0.06574927313550205,0.011811419965479075,-0.043577847666202374,0.0668017706310826,0.07975904567299254,0.03055596351623535,False,DISABLED,none,MODEL_ORIGIN_FRAME_NOT_ESTABLISHED,nan,nan,nan,nan,nan,nan,nan,nan,nan,nan,nan,nan,nan,NOT_EVALUATED,nan,nan,nan,nan,DISABLED,nan,nan,nan,nan,nan,nan
1791471026.1841595,1791471026.2052913,1791471026.2089474,1791471026.2089684,front_rgbd_red_sphere,True,True,True,,35.0,35.0,1791471026.2052913,1791471026.2037508,1791471026.1841595,1791471026.1841595,1791471026.1841595,0.0,1791471025.1881752,1791471026.188176,1791471026.178704,1791471026.188176,1791471026.182704,1791471026.1921754,1791471025.1881752,1791471026.188176,1791471025.1721628,1791471026.1921754,1791470991.1841595,GAZEBO_CLOCK_SYSTEM_INTERPOLATION,MAPPED_EXACT,0,35.0,1791471026.1841595,0.0013661384582519531,0.0,RGB,0.0,0,1,0,UNCALIBRATED,PREPARATION,MID,STRAIGHT,1.0,401,1.0,6.7794623374938965,0.40659603476524353,nan,nan,False,0.0,0.0,0.0,0.0,0,0,0,0,0,0.0,0.0,0.0,0.0,0.0,0.0,0.0,0.0,0.0,0.0,0.0,0.0,0.0,0.0,6.226748591257256,0.12524496563295973,-2.678249939844723,0.0,0.0,0.0,0.0,0.0,0.0,0.0,0.0,0.0,0.0,0.0,False,DISABLED,0,nan,nan,nan,nan,nan,nan,nan,nan,nan,nan,nan,nan,nan,nan,nan,nan,nan,nan,nan,nan,nan,nan,nan,nan,nan,nan,nan,nan,nan,nan,nan,nan,nan,nan,55.67695872728356,-7.582618762486002,-0.06083092679621499,0.021843250148064028,0.021843250148064028,0.021843250148064028,55.735289896718605,-7.5892557547622355,-0.017029198461959365,-0.058331169435042796,0.006636992276233045,-0.04380172833425562,0.05870753779655938,0.07324729619038767,0.02113175392150879,False,DISABLED,none,MODEL_ORIGIN_FRAME_NOT_ESTABLISHED,nan,nan,nan,nan,nan,nan,nan,nan,nan,nan,nan,nan,nan,NOT_EVALUATED,nan,nan,nan,nan,DISABLED,nan,nan,nan,nan,nan,nan
1791471026.2361612,1791471026.2639823,1791471026.2679484,1791471026.2679698,front_rgbd_red_sphere,True,True,True,,35.052,35.052,1791471026.2639823,1791471026.2529056,1791471026.2361612,1791471026.2361612,1791471026.2361612,0.0,1791471025.252169,1791471026.2521725,1791471026.242704,1791471026.2521725,1791471026.242704,1791471026.2521725,1791471025.252169,1791471026.2521725,1791471025.252169,1791471026.2521725,1791470991.1841612,GAZEBO_CLOCK_SYSTEM_INTERPOLATION,MAPPED_EXACT,0,35.052,1791471026.2361612,0.004187583923339844,0.0,RGB,0.0,0,1,0,UNCALIBRATED,PREPARATION,MID,STRAIGHT,1.0,402,1.0,6.762032985687256,0.40590062737464905,nan,nan,False,0.0,0.0,0.0,0.0,0,0,0,0,0,0.0,0.0,0.0,0.0,0.0,0.0,0.0,0.0,0.0,0.0,0.0,0.0,0.0,0.0,6.212598590774882,0.10079487403829379,-2.6680609525955647,0.0,0.0,0.0,0.0,0.0,0.0,0.0,0.0,0.0,0.0,0.0,False,DISABLED,0,nan,nan,nan,nan,nan,nan,nan,nan,nan,nan,nan,nan,nan,nan,nan,nan,nan,nan,nan,nan,nan,nan,nan,nan,nan,nan,nan,nan,nan,nan,nan,nan,nan,nan,55.824308624962086,-7.7197537913932965,-0.04947490103853619,0.021791761787919216,0.021791761787919216,0.021791761787919216,55.8867029505307,-7.731861683585489,-0.004817377705261376,-0.062394325568611464,0.012107892192192438,-0.044657523333274815,0.06355826395127259,0.07767848676925691,0.027821063995361328,False,DISABLED,none,MODEL_ORIGIN_FRAME_NOT_ESTABLISHED,nan,nan,nan,nan,nan,nan,nan,nan,nan,nan,nan,nan,nan,NOT_EVALUATED,nan,nan,nan,nan,DISABLED,nan,nan,nan,nan,nan,nan
1791471026.2841585,1791471026.30147,1791471026.3049462,1791471026.3049643,front_rgbd_red_sphere,True,True,True,,35.1,35.1,1791471026.30147,1791471026.299632,1791471026.2841585,1791471026.2841585,1791471026.2841585,0.0,1791471025.2721593,1791471026.2921817,1791471026.2827039,1791471026.2921817,1791471026.2827039,1791471026.2921817,1791471025.2681646,1791471026.2921817,1791471025.2721593,1791471026.2921817,1791470991.1841586,GAZEBO_CLOCK_SYSTEM_INTERPOLATION,MAPPED_EXACT,0,35.1,1791471026.2841585,0.001531839370727539,0.0,RGB,0.0,0,1,0,UNCALIBRATED,PREPARATION,MID,STRAIGHT,1.0,407,1.0,6.759368419647217,0.40333351492881775,nan,nan,False,0.0,0.0,0.0,0.0,0,0,0,0,0,0.0,0.0,0.0,0.0,0.0,0.0,0.0,0.0,0.0,0.0,0.0,0.0,0.0,0.0,6.21698139576707,0.0788421482336501,-2.6517894287428962,0.0,0.0,0.0,0.0,0.0,0.0,0.0,0.0,0.0,0.0,0.0,False,DISABLED,0,nan,nan,nan,nan,nan,nan,nan,nan,nan,nan,nan,nan,nan,nan,nan,nan,nan,nan,nan,nan,nan,nan,nan,nan,nan,nan,nan,nan,nan,nan,nan,nan,nan,nan,55.971613210284154,-7.856503666608891,-0.03848762846153869,0.021783895505842827,0.021783895505842827,0.021783895505842827,56.02663204034249,-7.8633487044796,0.006485843467914793,-0.05501883005833719,0.006845037870709447,-0.04497347192945349,0.05544299959814254,0.07139005100032479,0.017311573028564453,False,DISABLED,none,MODEL_ORIGIN_FRAME_NOT_ESTABLISHED,nan,nan,nan,nan,nan,nan,nan,nan,nan,nan,nan,nan,nan,NOT_EVALUATED,nan,nan,nan,nan,DISABLED,nan,nan,nan,nan,nan,nan
1791471026.33616,1791471026.3598466,1791471026.3632953,1791471026.363317,front_rgbd_red_sphere,True,True,True,,35.152,35.152,1791471026.3598466,1791471026.3566751,1791471026.33616,1791471026.33616,1791471026.33616,0.0,1791471025.3321626,1791471026.3481717,1791471026.3387039,1791471026.3481717,1791471026.3427038,1791471026.3521707,1791471025.3321626,1791471026.3481717,1791471025.3321626,1791471026.3521707,1791470991.18416,GAZEBO_CLOCK_SYSTEM_INTERPOLATION,MAPPED_EXACT,0,35.152,1791471026.33616,0.003934621810913086,0.0,RGB,0.0,0,1,0,UNCALIBRATED,PREPARATION,MID,STRAIGHT,1.0,403,1.0,6.7464599609375,0.4015628695487976,nan,nan,False,0.0,0.0,0.0,0.0,0,0,0,0,0,0.0,0.0,0.0,0.0,0.0,0.0,0.0,0.0,0.0,0.0,0.0,0.0,0.0,0.0,6.209787399111673,0.055941460142950206,-2.636309959894425,0.0,0.0,0.0,0.0,0.0,0.0,0.0,0.0,0.0,0.0,0.0,False,DISABLED,0,nan,nan,nan,nan,nan,nan,nan,nan,nan,nan,nan,nan,nan,nan,nan,nan,nan,nan,nan,nan,nan,nan,nan,nan,nan,nan,nan,nan,nan,nan,nan,nan,nan,nan,56.1190482953131,-7.993045058719923,-0.02775169250165893,0.02174580752357422,0.02174580752357422,0.02174580752357422,56.178379822810406,-8.005586853222425,0.01868448687604154,-0.059331527497306524,0.01254179450250259,-0.046436179377700476,0.0606426150863124,0.07637961455587884,0.023686647415161133,False,DISABLED,none,MODEL_ORIGIN_FRAME_NOT_ESTABLISHED,nan,nan,nan,nan,nan,nan,nan,nan,nan,nan,nan,nan,nan,NOT_EVALUATED,nan,nan,nan,nan,DISABLED,nan,nan,nan,nan,nan,nan
1791471026.384158,1791471026.4122834,1791471026.416197,1791471026.4162252,front_rgbd_red_sphere,True,True,True,,35.2,35.2,1791471026.4122834,1791471026.4006798,1791471026.384158,1791471026.384158,1791471026.384158,0.0,1791471025.3721585,1791471026.3881676,1791471026.3787038,1791471026.3881676,1791471026.382704,1791471026.3921666,1791471025.3721585,1791471026.3881676,1791471025.3721585,1791471026.3921666,1791470991.1841578,GAZEBO_CLOCK_SYSTEM_INTERPOLATION,MAPPED_EXACT,0,35.2,1791471026.384158,0.0005502700805664062,0.0,RGB,0.0,0,1,0,UNCALIBRATED,PREPARATION,MID,STRAIGHT,1.0,404,1.0,6.747872352600098,0.39784878492355347,nan,nan,False,0.0,0.0,0.0,0.0,0,0,0,0,0,0.0,0.0,0.0,0.0,0.0,0.0,0.0,0.0,0.0,0.0,0.0,0.0,0.0,0.0,6.220840443721485,0.03597482713725508,-2.6141213637956175,0.0,0.0,0.0,0.0,0.0,0.0,0.0,0.0,0.0,0.0,0.0,False,DISABLED,0,nan,nan,nan,nan,nan,nan,nan,nan,nan,nan,nan,nan,nan,nan,nan,nan,nan,nan,nan,nan,nan,nan,nan,nan,nan,nan,nan,nan,nan,nan,nan,nan,nan,nan,56.266703500750125,-8.129478422679359,-0.01701107489000181,0.021749973725028775,0.021749973725028775,0.021749973725028775,56.31854513814149,-8.136652632167033,0.02983407849055776,-0.05184163739136238,0.007174209487674332,-0.04684515338055957,0.052335691924255086,0.07023882860952829,0.028125524520874023,False,DISABLED,none,MODEL_ORIGIN_FRAME_NOT_ESTABLISHED,nan,nan,nan,nan,nan,nan,nan,nan,nan,nan,nan,nan,nan,NOT_EVALUATED,nan,nan,nan,nan,DISABLED,nan,nan,nan,nan,nan,nan
1791471026.436157,1791471026.4663215,1791471026.4723258,1791471026.4723783,front_rgbd_red_sphere,True,True,True,,35.252,35.252,1791471026.4663215,1791471026.4558613,1791471026.436157,1791471026.436157,1791471026.436157,0.0,1791471025.4521637,1791471026.4521642,1791471026.442704,1791471026.4521642,1791471026.442704,1791471026.4521642,1791471025.4521637,1791471026.4521642,1791471025.4521637,1791471026.4521642,1791470991.184157,GAZEBO_CLOCK_SYSTEM_INTERPOLATION,MAPPED_EXACT,0,35.252,1791471026.436157,0.0024309158325195312,0.0,RGB,0.0,0,1,0,UNCALIBRATED,PREPARATION,MID,STRAIGHT,1.0,402,1.0,6.739343643188477,0.3955765962600708,nan,nan,False,0.0,0.0,0.0,0.0,0,0,0,0,0,0.0,0.0,0.0,0.0,0.0,0.0,0.0,0.0,0.0,0.0,0.0,0.0,0.0,0.0,6.218894839477764,0.015158461123855993,-2.5968967409132713,0.0,0.0,0.0,0.0,0.0,0.0,0.0,0.0,0.0,0.0,0.0,False,DISABLED,0,nan,nan,nan,nan,nan,nan,nan,nan,nan,nan,nan,nan,nan,nan,nan,nan,nan,nan,nan,nan,nan,nan,nan,nan,nan,nan,nan,nan,nan,nan,nan,nan,nan,nan,56.41444026864807,-8.265342443878563,-0.006175866869048308,0.02172482570363701,0.02172482570363701,0.02172482570363701,56.470633923835685,-8.278497808125946,0.041718771558740465,-0.05619365518761299,0.013155364247383616,-0.04789463842778877,0.05771300106410759,0.07499791251731147,0.030164480209350586,False,DISABLED,none,MODEL_ORIGIN_FRAME_NOT_ESTABLISHED,nan,nan,nan,nan,nan,nan,nan,nan,nan,nan,nan,nan,nan,NOT_EVALUATED,nan,nan,nan,nan,DISABLED,nan,nan,nan,nan,nan,nan
1791471026.4841611,1791471026.5026975,1791471026.5072746,1791471026.507296,front_rgbd_red_sphere,True,True,True,,35.3,35.3,1791471026.5026975,1791471026.5007553,1791471026.4841611,1791471026.4841611,1791471026.4841611,0.0,1791471025.492162,1791471026.492164,1791471026.482704,1791471026.492164,1791471026.482704,1791471026.492164,1791471025.492162,1791471026.492164,1791471025.492162,1791471026.492164,1791470991.1841612,GAZEBO_CLOCK_SYSTEM_INTERPOLATION,MAPPED_EXACT,0,35.3,1791471026.4841611,0.0028023719787597656,0.0,RGB,0.0,0,1,0,UNCALIBRATED,PREPARATION,MID,STRAIGHT,1.0,396,1.0,6.744112491607666,0.3919142782688141,nan,nan,False,0.0,0.0,0.0,0.0,0,0,0,0,0,0.0,0.0,0.0,0.0,0.0,0.0,0.0,0.0,0.0,0.0,0.0,0.0,0.0,0.0,6.232771199199475,-0.002796710727948515,-2.575968003649953,0.0,0.0,0.0,0.0,0.0,0.0,0.0,0.0,0.0,0.0,0.0,False,DISABLED,0,nan,nan,nan,nan,nan,nan,nan,nan,nan,nan,nan,nan,nan,nan,nan,nan,nan,nan,nan,nan,nan,nan,nan,nan,nan,nan,nan,nan,nan,nan,nan,nan,nan,nan,56.56226108230272,-8.40116980186584,0.004379750342217881,0.021738885862970573,0.021738885862970573,0.021738885862970573,56.61127492324658,-8.409335964796137,0.05245767362826116,-0.049013840943864295,0.00816616293029604,-0.04807792328604328,0.04968946388395199,0.06914137349354026,0.01853632926940918,False,DISABLED,none,MODEL_ORIGIN_FRAME_NOT_ESTABLISHED,nan,nan,nan,nan,nan,nan,nan,nan,nan,nan,nan,nan,nan,NOT_EVALUATED,nan,nan,nan,nan,DISABLED,nan,nan,nan,nan,nan,nan
1791471026.5361567,1791471026.5715725,1791471026.5760434,1791471026.57607,front_rgbd_red_sphere,True,True,True,,35.352,35.352,1791471026.5715725,1791471026.5610151,1791471026.5361567,1791471026.5361567,1791471026.5361567,0.0,1791471025.5521648,1791471026.5481887,1791471026.538704,1791471026.5481887,1791471026.5427039,1791471026.5521772,1791471025.5481822,1791471026.5481887,1791471025.5521648,1791471026.5521772,1791470991.1841567,GAZEBO_CLOCK_SYSTEM_INTERPOLATION,MAPPED_EXACT,0,35.352,1791471026.5361567,0.0036973953247070312,0.0,RGB,0.0,0,1,0,UNCALIBRATED,PREPARATION,MID,STRAIGHT,1.0,396,1.0,6.7388224601745605,0.38890886306762695,nan,nan,False,0.0,0.0,0.0,0.0,0,0,0,0,0,0.0,0.0,0.0,0.0,0.0,0.0,0.0,0.0,0.0,0.0,0.0,0.0,0.0,0.0,6.235589769826476,-0.021213854718709513,-2.5551318039552733,0.0,0.0,0.0,0.0,0.0,0.0,0.0,0.0,0.0,0.0,0.0,False,DISABLED,0,nan,nan,nan,nan,nan,nan,nan,nan,nan,nan,nan,nan,nan,nan,nan,nan,nan,nan,nan,nan,nan,nan,nan,nan,nan,nan,nan,nan,nan,nan,nan,nan,nan,nan,56.710487653210706,-8.53679413227823,0.014567379200814357,0.021723288793035155,0.021723288793035155,0.021723288793035155,56.76373899820941,-8.550787185880644,0.06373701814765445,-0.05325134499870643,0.013993053602414207,-0.049169638946840094,0.05505916175616274,0.07381845763394076,0.0354158878326416,False,DISABLED,none,MODEL_ORIGIN_FRAME_NOT_ESTABLISHED,nan,nan,nan,nan,nan,nan,nan,nan,nan,nan,nan,nan,nan,NOT_EVALUATED,nan,nan,nan,nan,DISABLED,nan,nan,nan,nan,nan,nan
1791471026.5841675,1791471026.602188,1791471026.6058164,1791471026.6058369,front_rgbd_red_sphere,True,True,True,,35.4,35.4,1791471026.602188,1791471026.6007478,1791471026.5841675,1791471026.5841675,1791471026.5841675,0.0,1791471025.5921743,1791471026.588175,1791471026.578733,1791471026.588175,1791471026.582733,1791471026.5921776,1791471025.5881732,1791471026.588175,1791471025.5921743,1791471026.5921776,1791470991.1841674,GAZEBO_CLOCK_SYSTEM_INTERPOLATION,MAPPED_EXACT,0,35.4,1791471026.5841675,0.0021886825561523438,0.0,RGB,0.0,0,1,0,UNCALIBRATED,PREPARATION,MID,STRAIGHT,1.0,397,1.0,6.745967864990234,0.38367682695388794,nan,nan,False,0.0,0.0,0.0,0.0,0,0,0,0,0,0.0,0.0,0.0,0.0,0.0,0.0,0.0,0.0,0.0,0.0,0.0,0.0,0.0,0.0,6.255499074576044,-0.03713252494016306,-2.524961975965507,0.0,0.0,0.0,0.0,0.0,0.0,0.0,0.0,0.0,0.0,0.0,False,DISABLED,0,nan,nan,nan,nan,nan,nan,nan,nan,nan,nan,nan,nan,nan,nan,nan,nan,nan,nan,nan,nan,nan,nan,nan,nan,nan,nan,nan,nan,nan,nan,nan,nan,nan,nan,56.8589144970323,-8.672354398488869,0.024128029829276143,0.02174435639932049,0.02174435639932049,0.02174435639932049,56.90467437885405,-8.681198300414522,0.07378568641327464,-0.04575988182174484,0.008843901925652986,-0.0496576565839985,0.04660666675069804,0.06810333503599476,0.0180206298828125,False,DISABLED,none,MODEL_ORIGIN_FRAME_NOT_ESTABLISHED,nan,nan,nan,nan,nan,nan,nan,nan,nan,nan,nan,nan,nan,NOT_EVALUATED,nan,nan,nan,nan,DISABLED,nan,nan,nan,nan,nan,nan
1791471026.6361806,1791471026.656247,1791471026.6628916,1791471026.6629171,front_rgbd_red_sphere,True,True,True,,35.452,35.452,1791471026.656247,1791471026.6554124,1791471026.6361806,1791471026.6361806,1791471026.6361806,0.0,1791471025.6321595,1791471026.652166,1791471026.6427329,1791471026.652166,1791471026.6427329,1791471026.652166,1791471025.6281664,1791471026.652166,1791471025.6321595,1791471026.652166,1791470991.1841807,GAZEBO_CLOCK_SYSTEM_INTERPOLATION,MAPPED_EXACT,0,35.452,1791471026.6361806,0.0020933151245117188,0.0,RGB,0.0,0,1,0,UNCALIBRATED,PREPARATION,MID,STRAIGHT,1.0,394,1.0,6.743338108062744,0.3799246847629547,nan,nan,False,0.0,0.0,0.0,0.0,0,0,0,0,0,0.0,0.0,0.0,0.0,0.0,0.0,0.0,0.0,0.0,0.0,0.0,0.0,0.0,0.0,6.262488014420803,-0.05373897477217593,-2.5001931002153626,0.0,0.0,0.0,0.0,0.0,0.0,0.0,0.0,0.0,0.0,0.0,False,DISABLED,0,nan,nan,nan,nan,nan,nan,nan,nan,nan,nan,nan,nan,nan,nan,nan,nan,nan,nan,nan,nan,nan,nan,nan,nan,nan,nan,nan,nan,nan,nan,nan,nan,nan,nan,57.007222251046834,-8.807363000937666,0.033749992249974936,0.02173660201141619,0.02173660201141619,0.02173660201141619,57.05762730611614,-8.822326949032664,0.08418842009705613,-0.05040505506930515,0.014963948094997903,-0.05043842784708119,0.05257936210272502,0.07286030690859524,0.020066261291503906,False,DISABLED,none,MODEL_ORIGIN_FRAME_NOT_ESTABLISHED,nan,nan,nan,nan,nan,nan,nan,nan,nan,nan,nan,nan,nan,NOT_EVALUATED,nan,nan,nan,nan,DISABLED,nan,nan,nan,nan,nan,nan
1791471026.6841588,1791471026.7101805,1791471026.7151883,1791471026.7152088,front_rgbd_red_sphere,True,True,True,,35.5,35.5,1791471026.7101805,1791471026.7084587,1791471026.6841588,1791471026.6841588,1791471026.6841588,0.0,1791471025.6721578,1791471026.692163,1791471026.6827328,1791471026.692163,1791471026.6827328,1791471026.692163,1791471025.668162,1791471026.692163,1791471025.6721578,1791471026.692163,1791470991.1841588,GAZEBO_CLOCK_SYSTEM_INTERPOLATION,MAPPED_EXACT,0,35.5,1791471026.6841588,0.0023610591888427734,0.0,RGB,0.0,0,1,0,UNCALIBRATED,PREPARATION,MID,STRAIGHT,1.0,388,1.0,6.752573013305664,0.37474188208580017,nan,nan,False,0.0,0.0,0.0,0.0,0,0,0,0,0,0.0,0.0,0.0,0.0,0.0,0.0,0.0,0.0,0.0,0.0,0.0,0.0,0.0,0.0,6.283958863971877,-0.06829121727030074,-2.470716537713633,0.0,0.0,0.0,0.0,0.0,0.0,0.0,0.0,0.0,0.0,0.0,False,DISABLED,0,nan,nan,nan,nan,nan,nan,nan,nan,nan,nan,nan,nan,nan,nan,nan,nan,nan,nan,nan,nan,nan,nan,nan,nan,nan,nan,nan,nan,nan,nan,nan,nan,nan,nan,57.155492902346126,-8.942419189703774,0.04237720315383703,0.021763841183283165,0.021763841183283165,0.021763841183283165,57.19885947487436,-8.952282450672328,0.0932989825589364,-0.04336657252823528,0.0098632609685545,-0.05092177940509937,0.044474077053723124,0.06760895759854683,0.026021718978881836,False,DISABLED,none,MODEL_ORIGIN_FRAME_NOT_ESTABLISHED,nan,nan,nan,nan,nan,nan,nan,nan,nan,nan,nan,nan,nan,NOT_EVALUATED,nan,nan,nan,nan,DISABLED,nan,nan,nan,nan,nan,nan
1791471026.736159,1791471026.763401,1791471026.7677476,1791471026.767783,front_rgbd_red_sphere,True,True,True,,35.552,35.552,1791471026.763401,1791471026.7624488,1791471026.736159,1791471026.736159,1791471026.736159,0.0,1791471025.752165,1791471026.7482073,1791471026.7387328,1791471026.7482073,1791471026.742733,1791471026.752175,1791471025.7481709,1791471026.7482073,1791471025.752165,1791471026.752175,1791470991.184159,GAZEBO_CLOCK_SYSTEM_INTERPOLATION,MAPPED_EXACT,0,35.552,1791471026.736159,0.0035240650177001953,0.0,RGB,0.0,0,1,0,UNCALIBRATED,PREPARATION,MID,STRAIGHT,1.0,391,1.0,6.751999378204346,0.37074074149131775,nan,nan,False,0.0,0.0,0.0,0.0,0,0,0,0,0,0.0,0.0,0.0,0.0,0.0,0.0,0.0,0.0,0.0,0.0,0.0,0.0,0.0,0.0,6.293263475813281,-0.08362379479358051,-2.4448597968715706,0.0,0.0,0.0,0.0,0.0,0.0,0.0,0.0,0.0,0.0,0.0,False,DISABLED,0,nan,nan,nan,nan,nan,nan,nan,nan,nan,nan,nan,nan,nan,nan,nan,nan,nan,nan,nan,nan,nan,nan,nan,nan,nan,nan,nan,nan,nan,nan,nan,nan,nan,nan,57.304138924509154,-9.077346300763699,0.05074896958823155,0.02176214898890738,0.02176214898890738,0.02176214898890738,57.35206937736005,-9.09284098151658,0.1025532861019803,-0.04793045285089903,0.015494680752881962,-0.051804316513748755,0.05037274503266608,0.07225718408284845,0.027241945266723633,False,DISABLED,none,MODEL_ORIGIN_FRAME_NOT_ESTABLISHED,nan,nan,nan,nan,nan,nan,nan,nan,nan,nan,nan,nan,nan,NOT_EVALUATED,nan,nan,nan,nan,DISABLED,nan,nan,nan,nan,nan,nan
1791471026.7841604,1791471026.8024104,1791471026.806708,1791471026.8067276,front_rgbd_red_sphere,True,True,True,,35.6,35.6,1791471026.8024104,1791471026.8010957,1791471026.7841604,1791471026.7841604,1791471026.7841604,0.0,1791471025.7881684,1791471026.788169,1791471026.778733,1791471026.788169,1791471026.782733,1791471026.7921653,1791471025.7881684,1791471026.788169,1791471025.7721624,1791471026.7921653,1791470991.1841605,GAZEBO_CLOCK_SYSTEM_INTERPOLATION,MAPPED_EXACT,0,35.6,1791471026.7841604,0.0025429725646972656,0.0,RGB,0.0,0,1,0,UNCALIBRATED,PREPARATION,MID,STRAIGHT,1.0,379,1.0,6.762964725494385,0.3657655119895935,nan,nan,False,0.0,0.0,0.0,0.0,0,0,0,0,0,0.0,0.0,0.0,0.0,0.0,0.0,0.0,0.0,0.0,0.0,0.0,0.0,0.0,0.0,6.315596334165801,-0.09725770246916454,-2.416914932564495,0.0,0.0,0.0,0.0,0.0,0.0,0.0,0.0,0.0,0.0,0.0,False,DISABLED,0,nan,nan,nan,nan,nan,nan,nan,nan,nan,nan,nan,nan,nan,nan,nan,nan,nan,nan,nan,nan,nan,nan,nan,nan,nan,nan,nan,nan,nan,nan,nan,nan,nan,nan,57.45269867828531,-9.21211518978821,0.058507998645557946,0.021794513191704674,0.021794513191704674,0.021794513191704674,57.493812078685714,-9.222505475335039,0.1105141370851131,-0.04111340040040545,0.010390285546828082,-0.05200613843955515,0.04240601049649311,0.06710371198095422,0.018249988555908203,False,DISABLED,none,MODEL_ORIGIN_FRAME_NOT_ESTABLISHED,nan,nan,nan,nan,nan,nan,nan,nan,nan,nan,nan,nan,nan,NOT_EVALUATED,nan,nan,nan,nan,DISABLED,nan,nan,nan,nan,nan,nan
1791471026.8361595,1791471026.8540232,1791471026.8633237,1791471026.8633585,front_rgbd_red_sphere,True,True,True,,35.652,35.652,1791471026.8540232,1791471026.8523772,1791471026.8361595,1791471026.8361595,1791471026.8361595,0.0,1791471025.8521717,1791471026.8521912,1791471026.842733,1791471026.8521912,1791471026.842733,1791471026.8521912,1791471025.8521717,1791471026.8521912,1791471025.8521717,1791471026.8521912,1791470991.1841595,GAZEBO_CLOCK_SYSTEM_INTERPOLATION,MAPPED_EXACT,0,35.652,1791471026.8361595,0.001971006393432617,0.0,RGB,0.0,0,1,0,UNCALIBRATED,PREPARATION,MID,STRAIGHT,1.0,381,1.0,6.76381254196167,0.3620772659778595,nan,nan,False,0.0,0.0,0.0,0.0,0,0,0,0,0,0.0,0.0,0.0,0.0,0.0,0.0,0.0,0.0,0.0,0.0,0.0,0.0,0.0,0.0,6.325267382583276,-0.11198831517962038,-2.3932424767082248,0.0,0.0,0.0,0.0,0.0,0.0,0.0,0.0,0.0,0.0,0.0,False,DISABLED,0,nan,nan,nan,nan,nan,nan,nan,nan,nan,nan,nan,nan,nan,nan,nan,nan,nan,nan,nan,nan,nan,nan,nan,nan,nan,nan,nan,nan,nan,nan,nan,nan,nan,nan,57.60163851968236,-9.346326136692449,0.06547493149462907,0.021797015704914623,0.021797015704914623,0.021797015704914623,57.647426834696965,-9.362594733655634,0.11840077203191661,-0.045788315014604564,0.016268596963184834,-0.052925840537287536,0.048592561560666964,0.07184971562647688,0.017863750457763672,False,DISABLED,none,MODEL_ORIGIN_FRAME_NOT_ESTABLISHED,nan,nan,nan,nan,nan,nan,nan,nan,nan,nan,nan,nan,nan,NOT_EVALUATED,nan,nan,nan,nan,DISABLED,nan,nan,nan,nan,nan,nan
1791471026.8841681,1791471026.9051204,1791471026.9090164,1791471026.9090378,front_rgbd_red_sphere,True,True,True,,35.7,35.7,1791471026.9051204,1791471026.9036891,1791471026.8841681,1791471026.8841681,1791471026.8841681,0.0,1791471025.8921769,1791471026.8921783,1791471026.8827329,1791471026.8921783,1791471026.8827329,1791471026.8921783,1791471025.8921769,1791471026.8921783,1791471025.8921769,1791471026.8921783,1791470991.184168,GAZEBO_CLOCK_SYSTEM_INTERPOLATION,MAPPED_EXACT,0,35.7,1791471026.8841681,0.0012409687042236328,0.0,RGB,0.0,0,1,0,UNCALIBRATED,PREPARATION,MID,STRAIGHT,1.0,374,1.0,6.775698184967041,0.35691070556640625,nan,nan,False,0.0,0.0,0.0,0.0,0,0,0,0,0,0.0,0.0,0.0,0.0,0.0,0.0,0.0,0.0,0.0,0.0,0.0,0.0,0.0,0.0,6.348697846164602,-0.1255565181864986,-2.3639701889561007,0.0,0.0,0.0,0.0,0.0,0.0,0.0,0.0,0.0,0.0,0.0,False,DISABLED,0,nan,nan,nan,nan,nan,nan,nan,nan,nan,nan,nan,nan,nan,nan,nan,nan,nan,nan,nan,nan,nan,nan,nan,nan,nan,nan,nan,nan,nan,nan,nan,nan,nan,nan,57.75067286932269,-9.480510982078899,0.07166147061812739,0.02183212523646402,0.02183212523646402,0.02183212523646402,57.78958001209839,-9.49184245688993,0.1250074879207002,-0.038907142775698844,0.011331474811031583,-0.053346017302572823,0.04052367308576134,0.0669922804687828,0.020952224731445312,False,DISABLED,none,MODEL_ORIGIN_FRAME_NOT_ESTABLISHED,nan,nan,nan,nan,nan,nan,nan,nan,nan,nan,nan,nan,nan,NOT_EVALUATED,nan,nan,nan,nan,DISABLED,nan,nan,nan,nan,nan,nan
1791471026.9361615,1791471026.9554513,1791471026.9609947,1791471026.9610164,front_rgbd_red_sphere,True,True,True,,35.752,35.752,1791471026.9554513,1791471026.9542904,1791471026.9361615,1791471026.9361615,1791471026.9361615,0.0,1791471025.9521747,1791471026.9481714,1791471026.9387329,1791471026.9481714,1791471026.9427328,1791471026.952195,1791471025.932174,1791471026.9481714,1791471025.9521747,1791471026.952195,1791470991.1841614,GAZEBO_CLOCK_SYSTEM_INTERPOLATION,MAPPED_EXACT,0,35.752,1791471026.9361615,0.0016391277313232422,0.0,RGB,0.0,0,1,0,UNCALIBRATED,PREPARATION,MID,STRAIGHT,1.0,373,1.0,6.777598857879639,0.35316789150238037,nan,nan,False,0.0,0.0,0.0,0.0,0,0,0,0,0,0.0,0.0,0.0,0.0,0.0,0.0,0.0,0.0,0.0,0.0,0.0,0.0,0.0,0.0,6.359297300370409,-0.1398551074463832,-2.340005425638961,0.0,0.0,0.0,0.0,0.0,0.0,0.0,0.0,0.0,0.0,0.0,False,DISABLED,0,nan,nan,nan,nan,nan,nan,nan,nan,nan,nan,nan,nan,nan,nan,nan,nan,nan,nan,nan,nan,nan,nan,nan,nan,nan,nan,nan,nan,nan,nan,nan,nan,nan,nan,57.89990488249642,-9.614573647466193,0.07699790468413698,0.021837742957266294,0.021837742957266294,0.021837742957266294,57.943614060222984,-9.631439623467434,0.1313326651011631,-0.04370917772656213,0.016865976001241734,-0.05433476041702612,0.046850329390588676,0.07174412556845533,0.019289731979370117,False,DISABLED,none,MODEL_ORIGIN_FRAME_NOT_ESTABLISHED,nan,nan,nan,nan,nan,nan,nan,nan,nan,nan,nan,nan,nan,NOT_EVALUATED,nan,nan,nan,nan,DISABLED,nan,nan,nan,nan,nan,nan
1791471026.984161,1791471027.001157,1791471027.0067587,1791471027.0067942,front_rgbd_red_sphere,True,True,True,,35.8,35.8,1791471027.001157,1791471026.9992423,1791471026.984161,1791471026.984161,1791471026.984161,0.0,1791471025.992165,1791471026.9881697,1791471026.9787328,1791471026.9881697,1791471026.982733,1791471026.992166,1791471025.9721546,1791471026.9881697,1791471025.992165,1791471026.992166,1791470991.184161,GAZEBO_CLOCK_SYSTEM_INTERPOLATION,MAPPED_EXACT,0,35.8,1791471026.984161,0.0013339519500732422,0.0,RGB,0.0,0,1,0,UNCALIBRATED,PREPARATION,MID,STRAIGHT,1.0,374,1.0,6.790043830871582,0.34813058376312256,nan,nan,False,0.0,0.0,0.0,0.0,0,0,0,0,0,0.0,0.0,0.0,0.0,0.0,0.0,0.0,0.0,0.0,0.0,0.0,0.0,0.0,0.0,6.38272337032919,-0.15309686553661717,-2.3112984607908142,0.0,0.0,0.0,0.0,0.0,0.0,0.0,0.0,0.0,0.0,0.0,False,DISABLED,0,nan,nan,nan,nan,nan,nan,nan,nan,nan,nan,nan,nan,nan,nan,nan,nan,nan,nan,nan,nan,nan,nan,nan,nan,nan,nan,nan,nan,nan,nan,nan,nan,nan,nan,58.04916029404627,-9.748251940765021,0.08147841699479047,0.021874540005231077,0.021874540005231077,0.021874540005231077,58.08614686097362,-9.76020903562066,0.13642138929763967,-0.03698656692735369,0.011957094855638672,-0.0549429723028492,0.03887130368868987,0.06730310881326367,0.016996145248413086,False,DISABLED,none,MODEL_ORIGIN_FRAME_NOT_ESTABLISHED,nan,nan,nan,nan,nan,nan,nan,nan,nan,nan,nan,nan,nan,NOT_EVALUATED,nan,nan,nan,nan,DISABLED,nan,nan,nan,nan,nan,nan
1791471027.0361836,1791471027.0557802,1791471027.0610528,1791471027.0610728,front_rgbd_red_sphere,True,True,True,,35.852,35.852,1791471027.0557802,1791471027.0546272,1791471027.0361836,1791471027.0361836,1791471027.0361836,0.0,1791471026.0521681,1791471027.0521724,1791471027.042733,1791471027.0521724,1791471027.042733,1791471027.0521724,1791471026.0521681,1791471027.0521724,1791471026.0521681,1791471027.0521724,1791470991.1841836,GAZEBO_CLOCK_SYSTEM_INTERPOLATION,MAPPED_EXACT,0,35.852,1791471027.0361836,0.0011148452758789062,0.0,RGB,0.0,0,1,0,UNCALIBRATED,PREPARATION,MID,STRAIGHT,1.0,372,1.0,6.792393684387207,0.3445679247379303,nan,nan,False,0.0,0.0,0.0,0.0,0,0,0,0,0,0.0,0.0,0.0,0.0,0.0,0.0,0.0,0.0,0.0,0.0,0.0,0.0,0.0,0.0,6.39314691330171,-0.1673278428084748,-2.288293132014294,0.0,0.0,0.0,0.0,0.0,0.0,0.0,0.0,0.0,0.0,0.0,False,DISABLED,0,nan,nan,nan,nan,nan,nan,nan,nan,nan,nan,nan,nan,nan,nan,nan,nan,nan,nan,nan,nan,nan,nan,nan,nan,nan,nan,nan,nan,nan,nan,nan,nan,nan,nan,58.198573683618264,-9.88156882783237,0.0856254295167807,0.02188149099477418,0.02188149099477418,0.02188149099477418,58.24072410574521,-9.899388369183969,0.1410325080504475,-0.04215042212694442,0.017819541351599355,-0.055407078533666804,0.045762365973154896,0.0718619404907555,0.019596576690673828,False,DISABLED,none,MODEL_ORIGIN_FRAME_NOT_ESTABLISHED,nan,nan,nan,nan,nan,nan,nan,nan,nan,nan,nan,nan,nan,NOT_EVALUATED,nan,nan,nan,nan,DISABLED,nan,nan,nan,nan,nan,nan
1791471027.0841618,1791471027.1143177,1791471027.1215913,1791471027.1216328,front_rgbd_red_sphere,True,True,True,,35.9,35.9,1791471027.1056092,1791471027.1143177,1791471027.0841618,1791471027.0841618,1791471027.0841618,0.0,1791471026.0721614,1791471027.0921695,1791471027.082733,1791471027.0921695,1791471027.082733,1791471027.0921695,1791471026.0681696,1791471027.0921695,1791471026.0721614,1791471027.0921695,1791470991.1841617,GAZEBO_CLOCK_SYSTEM_INTERPOLATION,MAPPED_EXACT,0,35.9,1791471027.0841618,0.002613544464111328,0.0,RGB,0.0,0,1,0,UNCALIBRATED,PREPARATION,MID,STRAIGHT,1.0,367,1.0,6.804839134216309,0.33987775444984436,nan,nan,False,0.0,0.0,0.0,0.0,0,0,0,0,0,0.0,0.0,0.0,0.0,0.0,0.0,0.0,0.0,0.0,0.0,0.0,0.0,0.0,0.0,6.4155712565423455,-0.18057614457853077,-2.261343319768609,0.0,0.0,0.0,0.0,0.0,0.0,0.0,0.0,0.0,0.0,0.0,False,DISABLED,0,nan,nan,nan,nan,nan,nan,nan,nan,nan,nan,nan,nan,nan,nan,nan,nan,nan,nan,nan,nan,nan,nan,nan,nan,nan,nan,nan,nan,nan,nan,nan,nan,nan,nan,58.34769958643171,-10.014311932366725,0.08874077870150293,0.021918326235365018,0.021918326235365018,0.021918326235365018,58.38358064377559,-10.027594312139799,0.14447611590843856,-0.03588105734387881,0.013282379773073671,-0.05573533720693563,0.03826057877961174,0.06760399176174214,0.03015589714050293,False,DISABLED,none,MODEL_ORIGIN_FRAME_NOT_ESTABLISHED,nan,nan,nan,nan,nan,nan,nan,nan,nan,nan,nan,nan,nan,NOT_EVALUATED,nan,nan,nan,nan,DISABLED,nan,nan,nan,nan,nan,nan
1791471027.1361563,1791471027.1595225,1791471027.165118,1791471027.165164,front_rgbd_red_sphere,True,True,True,,35.952,35.952,1791471027.1595225,1791471027.1558647,1791471027.1361563,1791471027.1361563,1791471027.1361563,0.0,1791471026.152173,1791471027.148186,1791471027.138733,1791471027.148186,1791471027.1427329,1791471027.1521795,1791471026.1481853,1791471027.148186,1791471026.152173,1791471027.1521795,1791470991.1841564,GAZEBO_CLOCK_SYSTEM_INTERPOLATION,MAPPED_EXACT,0,35.952,1791471027.1361563,0.004000186920166016,0.0,RGB,0.0,0,1,0,UNCALIBRATED,PREPARATION,MID,STRAIGHT,1.0,369,1.0,6.807337760925293,0.33636122941970825,nan,nan,False,0.0,0.0,0.0,0.0,0,0,0,0,0,0.0,0.0,0.0,0.0,0.0,0.0,0.0,0.0,0.0,0.0,0.0,0.0,0.0,0.0,6.425867411298302,-0.19482371169882207,-2.2383292403941697,0.0,0.0,0.0,0.0,0.0,0.0,0.0,0.0,0.0,0.0,0.0,False,DISABLED,0,nan,nan,nan,nan,nan,nan,nan,nan,nan,nan,nan,nan,nan,nan,nan,nan,nan,nan,nan,nan,nan,nan,nan,nan,nan,nan,nan,nan,nan,nan,nan,nan,nan,nan,58.49758776756023,-10.147045080708384,0.09119005526373597,0.02192572486585523,0.02192572486585523,0.02192572486585523,58.53833039339932,-10.165985638265363,0.14725225045202417,-0.040742625839087054,0.018940557556978987,-0.0560621951882882,0.044930015366490564,0.07184480503253386,0.023366212844848633,False,DISABLED,none,MODEL_ORIGIN_FRAME_NOT_ESTABLISHED,nan,nan,nan,nan,nan,nan,nan,nan,nan,nan,nan,nan,nan,NOT_EVALUATED,nan,nan,nan,nan,DISABLED,nan,nan,nan,nan,nan,nan
1791471027.1841607,1791471027.2060077,1791471027.2094467,1791471027.2094693,front_rgbd_red_sphere,True,True,True,,36.0,36.0,1791471027.2060077,1791471027.204756,1791471027.1841607,1791471027.1841607,1791471027.1841607,0.0,1791471026.1921754,1791471027.1881764,1791471027.1787329,1791471027.1881764,1791471027.1827328,1791471027.192178,1791471026.188176,1791471027.1881764,1791471026.1921754,1791471027.192178,1791470991.1841607,GAZEBO_CLOCK_SYSTEM_INTERPOLATION,MAPPED_EXACT,0,36.0,1791471027.1841607,0.002081632614135742,0.0,RGB,0.0,0,1,0,UNCALIBRATED,PREPARATION,MID,STRAIGHT,1.0,363,1.0,6.820113658905029,0.3310883939266205,nan,nan,False,0.0,0.0,0.0,0.0,0,0,0,0,0,0.0,0.0,0.0,0.0,0.0,0.0,0.0,0.0,0.0,0.0,0.0,0.0,0.0,0.0,6.449707105160256,-0.20805769867162915,-2.2072472272816226,0.0,0.0,0.0,0.0,0.0,0.0,0.0,0.0,0.0,0.0,0.0,False,DISABLED,0,nan,nan,nan,nan,nan,nan,nan,nan,nan,nan,nan,nan,nan,nan,nan,nan,nan,nan,nan,nan,nan,nan,nan,nan,nan,nan,nan,nan,nan,nan,nan,nan,nan,nan,58.64799857158377,-10.279839311466093,0.09278993994173584,0.02196357683202448,0.02196357683202448,0.02196357683202448,58.681831502960286,-10.293881029788249,0.1489753997785696,-0.033832931376515774,0.014041718322156171,-0.05618545983683376,0.036631094700633804,0.06707192405204476,0.021847009658813477,False,DISABLED,none,MODEL_ORIGIN_FRAME_NOT_ESTABLISHED,nan,nan,nan,nan,nan,nan,nan,nan,nan,nan,nan,nan,nan,NOT_EVALUATED,nan,nan,nan,nan,DISABLED,nan,nan,nan,nan,nan,nan
1791471027.2361627,1791471027.2649658,1791471027.2704856,1791471027.2705173,front_rgbd_red_sphere,True,True,True,,36.052,36.052,1791471027.2649658,1791471027.253776,1791471027.2361627,1791471027.2361627,1791471027.2361627,0.0,1791471026.232163,1791471027.2521594,1791471027.242733,1791471027.2521594,1791471027.242733,1791471027.2521594,1791471026.2281587,1791471027.2521594,1791471026.232163,1791471027.2521594,1791470991.1841626,GAZEBO_CLOCK_SYSTEM_INTERPOLATION,MAPPED_EXACT,0,36.052,1791471027.2361627,0.0011229515075683594,0.0,RGB,0.0,0,1,0,UNCALIBRATED,PREPARATION,MID,STRAIGHT,1.0,361,1.0,6.821709632873535,0.3267568349838257,nan,nan,False,0.0,0.0,0.0,0.0,0,0,0,0,0,0.0,0.0,0.0,0.0,0.0,0.0,0.0,0.0,0.0,0.0,0.0,0.0,0.0,0.0,6.460761449396234,-0.22203732575224144,-2.178298635093026,0.0,0.0,0.0,0.0,0.0,0.0,0.0,0.0,0.0,0.0,0.0,False,DISABLED,0,nan,nan,nan,nan,nan,nan,nan,nan,nan,nan,nan,nan,nan,nan,nan,nan,nan,nan,nan,nan,nan,nan,nan,nan,nan,nan,nan,nan,nan,nan,nan,nan,nan,nan,58.79786135137285,-10.411349743550048,0.09390708974420386,0.02196830801531897,0.02196830801531897,0.02196830801531897,58.83743897056467,-10.432054950331182,0.14985537848205344,-0.03957761919181735,0.020705206781133967,-0.05594828873784957,0.04466646984866864,0.0715912322944354,0.028803110122680664,False,DISABLED,none,MODEL_ORIGIN_FRAME_NOT_ESTABLISHED,nan,nan,nan,nan,nan,nan,nan,nan,nan,nan,nan,nan,nan,NOT_EVALUATED,nan,nan,nan,nan,DISABLED,nan,nan,nan,nan,nan,nan
1791471027.2841563,1791471027.3109748,1791471027.3160923,1791471027.3161132,front_rgbd_red_sphere,True,True,True,,36.1,36.1,1791471027.3109748,1791471027.300677,1791471027.2841563,1791471027.2841563,1791471027.2841563,0.0,1791471026.2721612,1791471027.2921739,1791471027.282733,1791471027.2921739,1791471027.282733,1791471027.2921739,1791471026.2681677,1791471027.2921739,1791471026.2721612,1791471027.2921739,1791470991.1841564,GAZEBO_CLOCK_SYSTEM_INTERPOLATION,MAPPED_EXACT,0,36.1,1791471027.2841563,0.0033299922943115234,0.0,RGB,0.0,0,1,0,UNCALIBRATED,PREPARATION,MID,STRAIGHT,1.0,361,1.0,6.8334550857543945,0.3208387792110443,nan,nan,False,0.0,0.0,0.0,0.0,0,0,0,0,0,0.0,0.0,0.0,0.0,0.0,0.0,0.0,0.0,0.0,0.0,0.0,0.0,0.0,0.0,6.484752125775656,-0.23480545290610166,-2.1421863416271787,0.0,0.0,0.0,0.0,0.0,0.0,0.0,0.0,0.0,0.0,0.0,False,DISABLED,0,nan,nan,nan,nan,nan,nan,nan,nan,nan,nan,nan,nan,nan,nan,nan,nan,nan,nan,nan,nan,nan,nan,nan,nan,nan,nan,nan,nan,nan,nan,nan,nan,nan,nan,58.94821580115448,-10.542914702626424,0.09396968994771454,0.02200313846727542,0.02200313846727542,0.02200313846727542,58.981188355241336,-10.559246819089548,0.14980594062557215,-0.032972554086853734,0.016332116463123825,-0.05583625067785761,0.036795751808809875,0.06687012966142723,0.026818513870239258,False,DISABLED,none,MODEL_ORIGIN_FRAME_NOT_ESTABLISHED,nan,nan,nan,nan,nan,nan,nan,nan,nan,nan,nan,nan,nan,NOT_EVALUATED,nan,nan,nan,nan,DISABLED,nan,nan,nan,nan,nan,nan
1791471027.336159,1791471027.3636348,1791471027.3683245,1791471027.3683453,front_rgbd_red_sphere,True,True,True,,36.152,36.152,1791471027.3636348,1791471027.3519697,1791471027.336159,1791471027.336159,1791471027.336159,0.0,1791471026.3321595,1791471027.348169,1791471027.338733,1791471027.348169,1791471027.342733,1791471027.3521643,1791471026.3321595,1791471027.348169,1791471026.3321595,1791471027.3521643,1791470991.184159,GAZEBO_CLOCK_SYSTEM_INTERPOLATION,MAPPED_EXACT,0,36.152,1791471027.336159,0.0038492679595947266,0.0,RGB,0.0,0,1,0,UNCALIBRATED,PREPARATION,MID,STRAIGHT,1.0,354,1.0,6.834873199462891,0.31658628582954407,nan,nan,False,0.0,0.0,0.0,0.0,0,0,0,0,0,0.0,0.0,0.0,0.0,0.0,0.0,0.0,0.0,0.0,0.0,0.0,0.0,0.0,0.0,6.495205499614272,-0.24724316951900605,-2.1134493669429153,0.0,0.0,0.0,0.0,0.0,0.0,0.0,0.0,0.0,0.0,0.0,False,DISABLED,0,nan,nan,nan,nan,nan,nan,nan,nan,nan,nan,nan,nan,nan,nan,nan,nan,nan,nan,nan,nan,nan,nan,nan,nan,nan,nan,nan,nan,nan,nan,nan,nan,nan,nan,59.09848497311756,-10.673709745443956,0.09386500703736017,0.02200734633672004,0.02200734633672004,0.02200734633672004,59.13728473414482,-10.696834111441408,0.14876463202493426,-0.03879976102726346,0.023124365997452045,-0.054899624987574086,0.04516810554536097,0.07109238062080309,0.027475833892822266,False,DISABLED,none,MODEL_ORIGIN_FRAME_NOT_ESTABLISHED,nan,nan,nan,nan,nan,nan,nan,nan,nan,nan,nan,nan,nan,NOT_EVALUATED,nan,nan,nan,nan,DISABLED,nan,nan,nan,nan,nan,nan
1791471027.3841586,1791471027.4036372,1791471027.407508,1791471027.4075449,front_rgbd_red_sphere,True,True,True,,36.2,36.2,1791471027.4036372,1791471027.4020486,1791471027.3841586,1791471027.3841586,1791471027.3841586,0.0,1791471026.3721597,1791471027.388166,1791471027.378733,1791471027.388166,1791471027.3827329,1791471027.3921666,1791471026.3721597,1791471027.388166,1791471026.3721597,1791471027.3921666,1791470991.1841586,GAZEBO_CLOCK_SYSTEM_INTERPOLATION,MAPPED_EXACT,0,36.2,1791471027.3841586,0.0037157535552978516,0.0,RGB,0.0,0,1,0,UNCALIBRATED,PREPARATION,MID,STRAIGHT,1.0,353,1.0,6.8461127281188965,0.310822993516922,nan,nan,False,0.0,0.0,0.0,0.0,0,0,0,0,0,0.0,0.0,0.0,0.0,0.0,0.0,0.0,0.0,0.0,0.0,0.0,0.0,0.0,0.0,6.51806193503393,-0.25824483644928975,-2.07784429190278,0.0,0.0,0.0,0.0,0.0,0.0,0.0,0.0,0.0,0.0,0.0,False,DISABLED,0,nan,nan,nan,nan,nan,nan,nan,nan,nan,nan,nan,nan,nan,nan,nan,nan,nan,nan,nan,nan,nan,nan,nan,nan,nan,nan,nan,nan,nan,nan,nan,nan,nan,nan,59.2492403991753,-10.804701655377102,0.09241882229224624,0.02204070614006832,0.02204070614006832,0.02204070614006832,59.28153974793373,-10.823513715335604,0.14694772337490333,-0.03229934875842844,0.018812059958502658,-0.054528901082657094,0.037378356439266985,0.06611007928737564,0.019478559494018555,False,DISABLED,none,MODEL_ORIGIN_FRAME_NOT_ESTABLISHED,nan,nan,nan,nan,nan,nan,nan,nan,nan,nan,nan,nan,nan,NOT_EVALUATED,nan,nan,nan,nan,DISABLED,nan,nan,nan,nan,nan,nan
1791471027.4361768,1791471027.4693484,1791471027.4733577,1791471027.4733784,front_rgbd_red_sphere,True,True,True,,36.252,36.252,1791471027.4693484,1791471027.4561727,1791471027.4361768,1791471027.4361768,1791471027.4361768,0.0,1791471026.4521642,1791471027.4521756,1791471027.4427328,1791471027.4521756,1791471027.4427328,1791471027.4521756,1791471026.4521642,1791471027.4521756,1791471026.4521642,1791471027.4521756,1791470991.1841767,GAZEBO_CLOCK_SYSTEM_INTERPOLATION,MAPPED_EXACT,0,36.252,1791471027.4361768,0.0014574527740478516,0.0,RGB,0.0,0,1,0,UNCALIBRATED,PREPARATION,MID,STRAIGHT,1.0,354,1.0,6.846839427947998,0.3063700497150421,nan,nan,False,0.0,0.0,0.0,0.0,0,0,0,0,0,0.0,0.0,0.0,0.0,0.0,0.0,0.0,0.0,0.0,0.0,0.0,0.0,0.0,0.0,6.528013774422063,-0.26816521518879277,-2.0475184443079497,0.0,0.0,0.0,0.0,0.0,0.0,0.0,0.0,0.0,0.0,0.0,False,DISABLED,0,nan,nan,nan,nan,nan,nan,nan,nan,nan,nan,nan,nan,nan,nan,nan,nan,nan,nan,nan,nan,nan,nan,nan,nan,nan,nan,nan,nan,nan,nan,nan,nan,nan,nan,59.40001019956781,-10.935453772104967,0.0903903591688851,0.022042863676945863,0.022042863676945863,0.022042863676945863,59.43807096049258,-10.960425101893723,0.14401265205819408,-0.03806076092477184,0.02497132978875527,-0.053622292889308976,0.04552130087762668,0.07033874556955257,0.033171653747558594,False,DISABLED,none,MODEL_ORIGIN_FRAME_NOT_ESTABLISHED,nan,nan,nan,nan,nan,nan,nan,nan,nan,nan,nan,nan,nan,NOT_EVALUATED,nan,nan,nan,nan,DISABLED,nan,nan,nan,nan,nan,nan
1791471027.4841661,1791471027.5042117,1791471027.5077422,1791471027.507763,front_rgbd_red_sphere,True,True,True,,36.3,36.3,1791471027.5042117,1791471027.5029945,1791471027.4841661,1791471027.4841661,1791471027.4841661,0.0,1791471026.492164,1791471027.492185,1791471027.482733,1791471027.492185,1791471027.482733,1791471027.492185,1791471026.492164,1791471027.492185,1791471026.492164,1791471027.492185,1791470991.1841662,GAZEBO_CLOCK_SYSTEM_INTERPOLATION,MAPPED_EXACT,0,36.3,1791471027.4841661,0.0003190040588378906,0.0,RGB,0.0,0,1,0,UNCALIBRATED,PREPARATION,MID,STRAIGHT,1.0,348,1.0,6.857271671295166,0.3008260130882263,nan,nan,False,0.0,0.0,0.0,0.0,0,0,0,0,0,0.0,0.0,0.0,0.0,0.0,0.0,0.0,0.0,0.0,0.0,0.0,0.0,0.0,0.0,6.549325823119708,-0.27603153619087806,-2.0130360779283096,0.0,0.0,0.0,0.0,0.0,0.0,0.0,0.0,0.0,0.0,0.0,False,DISABLED,0,nan,nan,nan,nan,nan,nan,nan,nan,nan,nan,nan,nan,nan,nan,nan,nan,nan,nan,nan,nan,nan,nan,nan,nan,nan,nan,nan,nan,nan,nan,nan,nan,nan,nan,59.550702888547626,-11.065892880966704,0.08734377213879446,0.022073852503210565,0.022073852503210565,0.022073852503210565,59.582884487378855,-11.086598255061219,0.14047113930248178,-0.03218159883122951,0.020705374094514895,-0.05312736716368732,0.038267059198846216,0.06547430764409229,0.02004551887512207,False,DISABLED,none,MODEL_ORIGIN_FRAME_NOT_ESTABLISHED,nan,nan,nan,nan,nan,nan,nan,nan,nan,nan,nan,nan,nan,NOT_EVALUATED,nan,nan,nan,nan,DISABLED,nan,nan,nan,nan,nan,nan
1791471027.536156,1791471027.5669332,1791471027.5715933,1791471027.571614,front_rgbd_red_sphere,True,True,True,,36.352,36.352,1791471027.5669332,1791471027.5554895,1791471027.536156,1791471027.536156,1791471027.536156,0.0,1791471026.5481887,1791471027.5482626,1791471027.538733,1791471027.5482626,1791471027.542733,1791471027.5521717,1791471026.5481887,1791471027.5482626,1791471026.5321596,1791471027.5521717,1791470991.184156,GAZEBO_CLOCK_SYSTEM_INTERPOLATION,MAPPED_EXACT,0,36.352,1791471027.536156,0.0031785964965820312,0.0,RGB,0.0,0,1,0,UNCALIBRATED,PREPARATION,MID,STRAIGHT,1.0,347,1.0,6.856990337371826,0.2970469892024994,nan,nan,False,0.0,0.0,0.0,0.0,0,0,0,0,0,0.0,0.0,0.0,0.0,0.0,0.0,0.0,0.0,0.0,0.0,0.0,0.0,0.0,0.0,6.556688662668828,-0.282495053034884,-1.9870455033381464,0.0,0.0,0.0,0.0,0.0,0.0,0.0,0.0,0.0,0.0,0.0,False,DISABLED,0,nan,nan,nan,nan,nan,nan,nan,nan,nan,nan,nan,nan,nan,nan,nan,nan,nan,nan,nan,nan,nan,nan,nan,nan,nan,nan,nan,nan,nan,nan,nan,nan,nan,nan,59.701695977439684,-11.195545524380874,0.08333110379012526,0.02207301684274887,0.02207301684274887,0.02207301684274887,59.73994247909114,-11.222870104968369,0.13571297176813707,-0.038246501651457265,0.02732458058749465,-0.05238186797801181,0.04700454864007751,0.07037959708412142,0.0307772159576416,False,DISABLED,none,MODEL_ORIGIN_FRAME_NOT_ESTABLISHED,nan,nan,nan,nan,nan,nan,nan,nan,nan,nan,nan,nan,nan,NOT_EVALUATED,nan,nan,nan,nan,DISABLED,nan,nan,nan,nan,nan,nan
1791471027.584161,1791471027.6038432,1791471027.607096,1791471027.6071162,front_rgbd_red_sphere,True,True,True,,36.4,36.4,1791471027.6038432,1791471027.602739,1791471027.584161,1791471027.584161,1791471027.584161,0.0,1791471026.5721579,1791471027.5881724,1791471027.578763,1791471027.5881724,1791471027.582763,1791471027.5921724,1791471026.5721579,1791471027.5881724,1791471026.5721579,1791471027.5921724,1791470991.184161,GAZEBO_CLOCK_SYSTEM_INTERPOLATION,MAPPED_EXACT,0,36.4,1791471027.584161,0.003857851028442383,0.0,RGB,0.0,0,1,0,UNCALIBRATED,PREPARATION,MID,STRAIGHT,1.0,348,1.0,6.866778373718262,0.29180896282196045,nan,nan,False,0.0,0.0,0.0,0.0,0,0,0,0,0,0.0,0.0,0.0,0.0,0.0,0.0,0.0,0.0,0.0,0.0,0.0,0.0,0.0,0.0,6.57648533800395,-0.2870598632044157,-1.9545024316135802,0.0,0.0,0.0,0.0,0.0,0.0,0.0,0.0,0.0,0.0,0.0,False,DISABLED,0,nan,nan,nan,nan,nan,nan,nan,nan,nan,nan,nan,nan,nan,nan,nan,nan,nan,nan,nan,nan,nan,nan,nan,nan,nan,nan,nan,nan,nan,nan,nan,nan,nan,nan,59.85334410569227,-11.325637352200399,0.07836780208149469,0.02210210933405329,0.02210210933405329,0.02210210933405329,59.885080621721364,-11.348293754594136,0.13054317966200926,-0.03173651602909189,0.02265640239373745,-0.052175377580514576,0.03899383309052546,0.06513669507091238,0.01968216896057129,False,DISABLED,none,MODEL_ORIGIN_FRAME_NOT_ESTABLISHED,nan,nan,nan,nan,nan,nan,nan,nan,nan,nan,nan,nan,nan,NOT_EVALUATED,nan,nan,nan,nan,DISABLED,nan,nan,nan,nan,nan,nan
1791471027.6361613,1791471027.6547272,1791471027.6611657,1791471027.6611862,front_rgbd_red_sphere,True,True,True,,36.452,36.452,1791471027.6547272,1791471027.653825,1791471027.6361613,1791471027.6361613,1791471027.6361613,0.0,1791471026.652166,1791471027.6521673,1791471027.642763,1791471027.6521673,1791471027.642763,1791471027.6521673,1791471026.652166,1791471027.6521673,1791471026.652166,1791471027.6521673,1791470991.1841614,GAZEBO_CLOCK_SYSTEM_INTERPOLATION,MAPPED_EXACT,0,36.452,1791471027.6361613,0.001580953598022461,0.0,RGB,0.0,0,1,0,UNCALIBRATED,PREPARATION,MID,STRAIGHT,1.0,345,1.0,6.86577844619751,0.2882218658924103,nan,nan,False,0.0,0.0,0.0,0.0,0,0,0,0,0,0.0,0.0,0.0,0.0,0.0,0.0,0.0,0.0,0.0,0.0,0.0,0.0,0.0,0.0,6.582570868610028,-0.29000549877257775,-1.929915251092826,0.0,0.0,0.0,0.0,0.0,0.0,0.0,0.0,0.0,0.0,0.0,False,DISABLED,0,nan,nan,nan,nan,nan,nan,nan,nan,nan,nan,nan,nan,nan,nan,nan,nan,nan,nan,nan,nan,nan,nan,nan,nan,nan,nan,nan,nan,nan,nan,nan,nan,nan,nan,60.00461600792593,-11.454851284271651,0.07277570975056863,0.022099137234876432,0.022099137234876432,0.022099137234876432,60.04289662219819,-11.484080745941815,0.12407192939279578,-0.03828061427226004,0.02922946167016427,-0.05129621964222715,0.04816395808682215,0.07036383309749954,0.018565893173217773,False,DISABLED,none,MODEL_ORIGIN_FRAME_NOT_ESTABLISHED,nan,nan,nan,nan,nan,nan,nan,nan,nan,nan,nan,nan,nan,NOT_EVALUATED,nan,nan,nan,nan,DISABLED,nan,nan,nan,nan,nan,nan
1791471027.6841621,1791471027.7045643,1791471027.7104633,1791471027.7104974,front_rgbd_red_sphere,True,True,True,,36.5,36.5,1791471027.7045643,1791471027.703517,1791471027.6841621,1791471027.6841621,1791471027.6841621,0.0,1791471026.692163,1791471027.6921802,1791471027.6827629,1791471027.6921802,1791471027.6827629,1791471027.6921802,1791471026.692163,1791471027.6921802,1791471026.692163,1791471027.6921802,1791470991.1841621,GAZEBO_CLOCK_SYSTEM_INTERPOLATION,MAPPED_EXACT,0,36.5,1791471027.6841621,0.0008473396301269531,0.0,RGB,0.0,0,1,0,UNCALIBRATED,PREPARATION,MID,STRAIGHT,1.0,342,1.0,6.874415397644043,0.28343465924263,nan,nan,False,0.0,0.0,0.0,0.0,0,0,0,0,0,0.0,0.0,0.0,0.0,0.0,0.0,0.0,0.0,0.0,0.0,0.0,0.0,0.0,0.0,6.6001303402445375,-0.29156048214405494,-1.900226500701967,0.0,0.0,0.0,0.0,0.0,0.0,0.0,0.0,0.0,0.0,0.0,False,DISABLED,0,nan,nan,nan,nan,nan,nan,nan,nan,nan,nan,nan,nan,nan,nan,nan,nan,nan,nan,nan,nan,nan,nan,nan,nan,nan,nan,nan,nan,nan,nan,nan,nan,nan,nan,60.15644058548486,-11.584140253334269,0.06591922048120497,0.022124823713803504,0.022124823713803504,0.022124823713803504,60.18869302873396,-11.60899968404523,0.11738872131670648,-0.03225244324909937,0.024859430710961306,-0.05146950083550152,0.04072114181613111,0.06563018289678274,0.020402193069458008,False,DISABLED,none,MODEL_ORIGIN_FRAME_NOT_ESTABLISHED,nan,nan,nan,nan,nan,nan,nan,nan,nan,nan,nan,nan,nan,NOT_EVALUATED,nan,nan,nan,nan,DISABLED,nan,nan,nan,nan,nan,nan
1791471027.7361596,1791471027.7666404,1791471027.7725039,1791471027.7725413,front_rgbd_red_sphere,True,True,True,,36.552,36.552,1791471027.7666404,1791471027.755473,1791471027.7361596,1791471027.7361596,1791471027.7361596,0.0,1791471026.752175,1791471027.748169,1791471027.7387629,1791471027.748169,1791471027.7427628,1791471027.7521756,1791471026.7321591,1791471027.748169,1791471026.752175,1791471027.7521756,1791470991.1841595,GAZEBO_CLOCK_SYSTEM_INTERPOLATION,MAPPED_EXACT,0,36.552,1791471027.7361596,0.0027887821197509766,0.0,RGB,0.0,0,1,0,UNCALIBRATED,PREPARATION,MID,STRAIGHT,1.0,340,1.0,6.8722991943359375,0.2802143096923828,nan,nan,False,0.0,0.0,0.0,0.0,0,0,0,0,0,0.0,0.0,0.0,0.0,0.0,0.0,0.0,0.0,0.0,0.0,0.0,0.0,0.0,0.0,6.6042531645095135,-0.2916830463528761,-1.8780986827775337,0.0,0.0,0.0,0.0,0.0,0.0,0.0,0.0,0.0,0.0,0.0,False,DISABLED,0,nan,nan,nan,nan,nan,nan,nan,nan,nan,nan,nan,nan,nan,nan,nan,nan,nan,nan,nan,nan,nan,nan,nan,nan,nan,nan,nan,nan,nan,nan,nan,nan,nan,nan,60.308130076762794,-11.712813520105861,0.058614950291159096,0.022118527749630492,0.022118527749630492,0.022118527749630492,60.346963541447394,-11.743992543334416,0.10937534117139232,-0.03883346468460047,0.031179023228554925,-0.05076039088023322,0.04980129987155837,0.07111108740000355,0.03048086166381836,False,DISABLED,none,MODEL_ORIGIN_FRAME_NOT_ESTABLISHED,nan,nan,nan,nan,nan,nan,nan,nan,nan,nan,nan,nan,nan,NOT_EVALUATED,nan,nan,nan,nan,DISABLED,nan,nan,nan,nan,nan,nan
1791471027.784163,1791471027.813347,1791471027.8186147,1791471027.8186533,front_rgbd_red_sphere,True,True,True,,36.6,36.6,1791471027.813347,1791471027.8023055,1791471027.784163,1791471027.784163,1791471027.784163,0.0,1791471026.7921653,1791471027.7881675,1791471027.7787628,1791471027.7881675,1791471027.782763,1791471027.7921767,1791471026.7721598,1791471027.7881675,1791471026.7921653,1791471027.7921767,1791470991.184163,GAZEBO_CLOCK_SYSTEM_INTERPOLATION,MAPPED_EXACT,0,36.6,1791471027.784163,0.0015079975128173828,0.0,RGB,0.0,0,1,0,UNCALIBRATED,PREPARATION,MID,STRAIGHT,1.0,340,1.0,6.87992000579834,0.27594831585884094,nan,nan,False,0.0,0.0,0.0,0.0,0,0,0,0,0,0.0,0.0,0.0,0.0,0.0,0.0,0.0,0.0,0.0,0.0,0.0,0.0,0.0,0.0,6.619633850917587,-0.29083738647632806,-1.8517998456033737,0.0,0.0,0.0,0.0,0.0,0.0,0.0,0.0,0.0,0.0,0.0,False,DISABLED,0,nan,nan,nan,nan,nan,nan,nan,nan,nan,nan,nan,nan,nan,nan,nan,nan,nan,nan,nan,nan,nan,nan,nan,nan,nan,nan,nan,nan,nan,nan,nan,nan,nan,nan,60.459948858293416,-11.841431102907222,0.0504840431672538,0.0221412023893982,0.0221412023893982,0.0221412023893982,60.4934340070987,-11.868374180393173,0.10134117409495885,-0.033485148805283416,0.02694307748595115,-0.05085713092770505,0.04297888568734584,0.06658552681419345,0.02918410301208496,False,DISABLED,none,MODEL_ORIGIN_FRAME_NOT_ESTABLISHED,nan,nan,nan,nan,nan,nan,nan,nan,nan,nan,nan,nan,nan,NOT_EVALUATED,nan,nan,nan,nan,DISABLED,nan,nan,nan,nan,nan,nan
1791471027.836158,1791471027.8647506,1791471027.8695033,1791471027.8695426,front_rgbd_red_sphere,True,True,True,,36.652,36.652,1791471027.8647506,1791471027.8529468,1791471027.836158,1791471027.836158,1791471027.836158,0.0,1791471026.8321874,1791471027.8521705,1791471027.842763,1791471027.8521705,1791471027.842763,1791471027.8521705,1791471026.8281863,1791471027.8521705,1791471026.8321874,1791471027.8521705,1791470991.184158,GAZEBO_CLOCK_SYSTEM_INTERPOLATION,MAPPED_EXACT,0,36.652,1791471027.836158,0.0013098716735839844,0.0,RGB,0.0,0,1,0,UNCALIBRATED,PREPARATION,MID,STRAIGHT,1.0,338,1.0,6.8767781257629395,0.27335992455482483,nan,nan,False,0.0,0.0,0.0,0.0,0,0,0,0,0,0.0,0.0,0.0,0.0,0.0,0.0,0.0,0.0,0.0,0.0,0.0,0.0,0.0,0.0,6.621438268751046,-0.2887924717725827,-1.8339114441789217,0.0,0.0,0.0,0.0,0.0,0.0,0.0,0.0,0.0,0.0,0.0,False,DISABLED,0,nan,nan,nan,nan,nan,nan,nan,nan,nan,nan,nan,nan,nan,nan,nan,nan,nan,nan,nan,nan,nan,nan,nan,nan,nan,nan,nan,nan,nan,nan,nan,nan,nan,nan,60.61191470156166,-11.969508677451628,0.04185862055170381,0.02213185266086984,0.02213185266086984,0.02213185266086984,60.65226326553508,-12.002613964500929,0.09198018336565214,-0.040348563973424234,0.03310528704930071,-0.050121562813948334,0.05219163386342782,0.07236116157336527,0.028592586517333984,False,DISABLED,none,MODEL_ORIGIN_FRAME_NOT_ESTABLISHED,nan,nan,nan,nan,nan,nan,nan,nan,nan,nan,nan,nan,nan,NOT_EVALUATED,nan,nan,nan,nan,DISABLED,nan,nan,nan,nan,nan,nan
1791471027.8841622,1791471027.901877,1791471027.90506,1791471027.9050796,front_rgbd_red_sphere,True,True,True,,36.7,36.7,1791471027.901877,1791471027.9008832,1791471027.8841622,1791471027.8841622,1791471027.8841622,0.0,1791471026.8721597,1791471027.8921633,1791471027.882763,1791471027.8921633,1791471027.882763,1791471027.8921633,1791471026.8681607,1791471027.8921633,1791471026.8721597,1791471027.8921633,1791470991.1841621,GAZEBO_CLOCK_SYSTEM_INTERPOLATION,MAPPED_EXACT,0,36.7,1791471027.8841622,0.001920938491821289,0.0,RGB,0.0,0,1,0,UNCALIBRATED,PREPARATION,MID,STRAIGHT,1.0,333,1.0,6.8835883140563965,0.26891785860061646,nan,nan,False,0.0,0.0,0.0,0.0,0,0,0,0,0,0.0,0.0,0.0,0.0,0.0,0.0,0.0,0.0,0.0,0.0,0.0,0.0,0.0,0.0,6.636185014849163,-0.28658550022955787,-1.8062957294263011,0.0,0.0,0.0,0.0,0.0,0.0,0.0,0.0,0.0,0.0,0.0,False,DISABLED,0,nan,nan,nan,nan,nan,nan,nan,nan,nan,nan,nan,nan,nan,nan,nan,nan,nan,nan,nan,nan,nan,nan,nan,nan,nan,nan,nan,nan,nan,nan,nan,nan,nan,nan,60.76453745753868,-12.098092794070638,0.03232289922538195,0.022152119890765626,0.022152119890765626,0.022152119890765626,60.79914640213022,-12.126191457313814,0.08280920470756889,-0.034608944591539625,0.028098663243175892,-0.05048630548218694,0.04457929925193602,0.06735117640423487,0.017714738845825195,False,DISABLED,none,MODEL_ORIGIN_FRAME_NOT_ESTABLISHED,nan,nan,nan,nan,nan,nan,nan,nan,nan,nan,nan,nan,nan,NOT_EVALUATED,nan,nan,nan,nan,DISABLED,nan,nan,nan,nan,nan,nan
1791471027.9361608,1791471027.9551384,1791471027.9610443,1791471027.9610682,front_rgbd_red_sphere,True,True,True,,36.752,36.752,1791471027.9551384,1791471027.9532573,1791471027.9361608,1791471027.9361608,1791471027.9361608,0.0,1791471026.952195,1791471027.9481804,1791471027.938763,1791471027.9481804,1791471027.9427629,1791471027.9522402,1791471026.9481714,1791471027.9481804,1791471026.952195,1791471027.9522402,1791470991.1841607,GAZEBO_CLOCK_SYSTEM_INTERPOLATION,MAPPED_EXACT,0,36.752,1791471027.9361608,0.0016925334930419922,0.0,RGB,0.0,0,1,0,UNCALIBRATED,PREPARATION,MID,STRAIGHT,1.0,335,1.0,6.879284858703613,0.26549771428108215,nan,nan,False,0.0,0.0,0.0,0.0,0,0,0,0,0,0.0,0.0,0.0,0.0,0.0,0.0,0.0,0.0,0.0,0.0,0.0,0.0,0.0,0.0,6.638248540906687,-0.28338286972693894,-1.7826690000483083,0.0,0.0,0.0,0.0,0.0,0.0,0.0,0.0,0.0,0.0,0.0,False,DISABLED,0,nan,nan,nan,nan,nan,nan,nan,nan,nan,nan,nan,nan,nan,nan,nan,nan,nan,nan,nan,nan,nan,nan,nan,nan,nan,nan,nan,nan,nan,nan,nan,nan,nan,nan,60.9172295805598,-12.22631606276512,0.02221874306714261,0.022139311387964357,0.022139311387964357,0.022139311387964357,60.9586804043827,-12.259751755950665,0.07232466266690518,-0.041450823822899,0.03343569318554529,-0.05010591959976257,0.05325520044460382,0.07312126608130361,0.018977642059326172,False,DISABLED,none,MODEL_ORIGIN_FRAME_NOT_ESTABLISHED,nan,nan,nan,nan,nan,nan,nan,nan,nan,nan,nan,nan,nan,NOT_EVALUATED,nan,nan,nan,nan,DISABLED,nan,nan,nan,nan,nan,nan
1791471027.9841595,1791471028.0012112,1791471028.0044487,1791471028.0044713,front_rgbd_red_sphere,True,True,True,,36.8,36.8,1791471028.0012112,1791471027.9996502,1791471027.9841595,1791471027.9841595,1791471027.9841595,0.0,1791471026.992166,1791471027.9881709,1791471027.9787629,1791471027.9881709,1791471027.9827628,1791471027.9921756,1791471026.9881697,1791471027.9881709,1791471026.992166,1791471027.9921756,1791470991.1841595,GAZEBO_CLOCK_SYSTEM_INTERPOLATION,MAPPED_EXACT,0,36.8,1791471027.9841595,0.0012531280517578125,0.0,RGB,0.0,0,1,0,UNCALIBRATED,PREPARATION,MID,STRAIGHT,1.0,338,1.0,6.88480806350708,0.2606692910194397,nan,nan,False,0.0,0.0,0.0,0.0,0,0,0,0,0,0.0,0.0,0.0,0.0,0.0,0.0,0.0,0.0,0.0,0.0,0.0,0.0,0.0,0.0,6.652223555968162,-0.28032351722909254,-1.752120111473328,0.0,0.0,0.0,0.0,0.0,0.0,0.0,0.0,0.0,0.0,0.0,False,DISABLED,0,nan,nan,nan,nan,nan,nan,nan,nan,nan,nan,nan,nan,nan,nan,nan,nan,nan,nan,nan,nan,nan,nan,nan,nan,nan,nan,nan,nan,nan,nan,nan,nan,nan,nan,61.07008066698594,-12.354531188289647,0.011508589452635276,0.022155751611747588,0.022155751611747588,0.022155751611747588,61.106194991402134,-12.382661920685877,0.06223074999753395,-0.03611432441619655,0.028130732396229874,-0.05072216054489868,0.045777533061389264,0.06832510595329555,0.01705169677734375,False,DISABLED,none,MODEL_ORIGIN_FRAME_NOT_ESTABLISHED,nan,nan,nan,nan,nan,nan,nan,nan,nan,nan,nan,nan,nan,NOT_EVALUATED,nan,nan,nan,nan,DISABLED,nan,nan,nan,nan,nan,nan
1791471028.0361602,1791471028.0585065,1791471028.061873,1791471028.0618942,front_rgbd_red_sphere,True,True,True,,36.852,36.852,1791471028.0585065,1791471028.0557358,1791471028.0361602,1791471028.0361602,1791471028.0361602,0.0,1791471027.0321567,1791471028.052165,1791471028.042763,1791471028.052165,1791471028.042763,1791471028.052165,1791471027.0281565,1791471028.052165,1791471027.0321567,1791471028.052165,1791470991.1841602,GAZEBO_CLOCK_SYSTEM_INTERPOLATION,MAPPED_EXACT,0,36.852,1791471028.0361602,0.0025162696838378906,0.0,RGB,0.0,0,1,0,UNCALIBRATED,PREPARATION,MID,STRAIGHT,1.0,330,1.0,6.879810333251953,0.2581905126571655,nan,nan,False,0.0,0.0,0.0,0.0,0,0,0,0,0,0.0,0.0,0.0,0.0,0.0,0.0,0.0,0.0,0.0,0.0,0.0,0.0,0.0,0.0,6.651769235729571,-0.276886918854629,-1.7346727890175728,0.0,0.0,0.0,0.0,0.0,0.0,0.0,0.0,0.0,0.0,0.0,False,DISABLED,0,nan,nan,nan,nan,nan,nan,nan,nan,nan,nan,nan,nan,nan,nan,nan,nan,nan,nan,nan,nan,nan,nan,nan,nan,nan,nan,nan,nan,nan,nan,nan,nan,nan,nan,61.22301342258955,-12.482079644419006,0.0009938676508075006,0.022140875510945665,0.022140875510945665,0.022140875510945665,61.26623236029109,-12.515322119663685,0.05089552573091597,-0.04321893770153906,0.033242475244678715,-0.04990165808010847,0.05452466172698912,0.07391288260910034,0.02234625816345215,False,DISABLED,none,MODEL_ORIGIN_FRAME_NOT_ESTABLISHED,nan,nan,nan,nan,nan,nan,nan,nan,nan,nan,nan,nan,nan,NOT_EVALUATED,nan,nan,nan,nan,DISABLED,nan,nan,nan,nan,nan,nan
1791471028.084157,1791471028.1121044,1791471028.1164892,1791471028.1165204,front_rgbd_red_sphere,True,True,True,,36.9,36.9,1791471028.1121044,1791471028.1003344,1791471028.084157,1791471028.084157,1791471028.084157,0.0,1791471027.0721574,1791471028.092167,1791471028.082763,1791471028.092167,1791471028.082763,1791471028.092167,1791471027.0681612,1791471028.092167,1791471027.0721574,1791471028.092167,1791470991.184157,GAZEBO_CLOCK_SYSTEM_INTERPOLATION,MAPPED_EXACT,0,36.9,1791471028.084157,0.0003046989440917969,0.0,RGB,0.0,0,1,0,UNCALIBRATED,PREPARATION,MID,STRAIGHT,1.0,330,1.0,6.884703636169434,0.2550082504749298,nan,nan,False,0.0,0.0,0.0,0.0,0,0,0,0,0,0.0,0.0,0.0,0.0,0.0,0.0,0.0,0.0,0.0,0.0,0.0,0.0,0.0,0.0,6.662060539565847,-0.2741255952646817,-1.7149188409755212,0.0,0.0,0.0,0.0,0.0,0.0,0.0,0.0,0.0,0.0,0.0,False,DISABLED,0,nan,nan,nan,nan,nan,nan,nan,nan,nan,nan,nan,nan,nan,nan,nan,nan,nan,nan,nan,nan,nan,nan,nan,nan,nan,nan,nan,nan,nan,nan,nan,nan,nan,nan,61.376267113722186,-12.6091269995569,-0.010457895464556388,0.02215543979003258,0.02215543979003258,0.02215543979003258,61.4143804904369,-12.637517394242003,0.04012853647436576,-0.03811337671471193,0.02839039468510407,-0.05058643193892215,0.047525193266030295,0.06940915711406337,0.027947425842285156,False,DISABLED,none,MODEL_ORIGIN_FRAME_NOT_ESTABLISHED,nan,nan,nan,nan,nan,nan,nan,nan,nan,nan,nan,nan,nan,NOT_EVALUATED,nan,nan,nan,nan,DISABLED,nan,nan,nan,nan,nan,nan
1791471028.1361613,1791471028.1540267,1791471028.1620696,1791471028.1620893,front_rgbd_red_sphere,True,True,True,,36.952,36.952,1791471028.1540267,1791471028.15195,1791471028.1361613,1791471028.1361613,1791471028.1361613,0.0,1791471027.1321566,1791471028.148173,1791471028.138763,1791471028.148173,1791471028.142763,1791471028.152176,1791471027.1321566,1791471028.148173,1791471027.1321566,1791471028.152176,1791470991.1841614,GAZEBO_CLOCK_SYSTEM_INTERPOLATION,MAPPED_EXACT,0,36.952,1791471028.1361613,0.001636505126953125,0.0,RGB,0.0,0,1,0,UNCALIBRATED,PREPARATION,MID,STRAIGHT,1.0,334,1.0,6.87899112701416,0.25357556343078613,nan,nan,False,0.0,0.0,0.0,0.0,0,0,0,0,0,0.0,0.0,0.0,0.0,0.0,0.0,0.0,0.0,0.0,0.0,0.0,0.0,0.0,0.0,6.659012184132752,-0.27112946453711473,-1.7042783478237826,0.0,0.0,0.0,0.0,0.0,0.0,0.0,0.0,0.0,0.0,0.0,False,DISABLED,0,nan,nan,nan,nan,nan,nan,nan,nan,nan,nan,nan,nan,nan,nan,nan,nan,nan,nan,nan,nan,nan,nan,nan,nan,nan,nan,nan,nan,nan,nan,nan,nan,nan,nan,61.5300254527375,-12.73619290373902,-0.022118396350736924,0.022138437742559313,0.022138437742559313,0.022138437742559313,61.57524638637765,-12.769491584522719,0.028200222169591123,-0.04522093364015234,0.03329868078369813,-0.05031861852032805,0.056158124801507475,0.07540356988243985,0.017865419387817383,False,DISABLED,none,MODEL_ORIGIN_FRAME_NOT_ESTABLISHED,nan,nan,nan,nan,nan,nan,nan,nan,nan,nan,nan,nan,nan,NOT_EVALUATED,nan,nan,nan,nan,DISABLED,nan,nan,nan,nan,nan,nan
1791471028.1841621,1791471028.20621,1791471028.2108307,1791471028.210852,front_rgbd_red_sphere,True,True,True,,37.0,37.0,1791471028.20621,1791471028.2050214,1791471028.1841621,1791471028.1841621,1791471028.1841621,0.0,1791471027.1881764,1791471028.1881797,1791471028.178763,1791471028.1881797,1791471028.1827629,1791471028.192175,1791471027.1881764,1791471028.1881797,1791471027.1721597,1791471028.192175,1791470991.1841621,GAZEBO_CLOCK_SYSTEM_INTERPOLATION,MAPPED_EXACT,0,37.0,1791471028.1841621,0.0023229122161865234,0.0,RGB,0.0,0,1,0,UNCALIBRATED,PREPARATION,MID,STRAIGHT,1.0,331,1.0,6.883394241333008,0.25046342611312866,nan,nan,False,0.0,0.0,0.0,0.0,0,0,0,0,0,0.0,0.0,0.0,0.0,0.0,0.0,0.0,0.0,0.0,0.0,0.0,0.0,0.0,0.0,6.668616382356199,-0.2688118643718127,-1.684759305637856,0.0,0.0,0.0,0.0,0.0,0.0,0.0,0.0,0.0,0.0,0.0,False,DISABLED,0,nan,nan,nan,nan,nan,nan,nan,nan,nan,nan,nan,nan,nan,nan,nan,nan,nan,nan,nan,nan,nan,nan,nan,nan,nan,nan,nan,nan,nan,nan,nan,nan,nan,nan,61.684175384800405,-12.863072778573912,-0.033936410280335616,0.022151542827228973,0.022151542827228973,0.022151542827228973,61.72390791443129,-12.890822144689661,0.0170355893206295,-0.03973252963088214,0.027749366115749297,-0.050971999600965115,0.04846340094024379,0.07033381813904041,0.022047758102416992,False,DISABLED,none,MODEL_ORIGIN_FRAME_NOT_ESTABLISHED,nan,nan,nan,nan,nan,nan,nan,nan,nan,nan,nan,nan,nan,NOT_EVALUATED,nan,nan,nan,nan,DISABLED,nan,nan,nan,nan,nan,nan
1791471028.2361596,1791471028.254635,1791471028.262747,1791471028.2627811,front_rgbd_red_sphere,True,True,True,,37.052,37.052,1791471028.254635,1791471028.2530413,1791471028.2361596,1791471028.2361596,1791471028.2361596,0.0,1791471027.2521594,1791471028.2521706,1791471028.2427628,1791471028.2521706,1791471028.2427628,1791471028.2521706,1791471027.2521594,1791471028.2521706,1791471027.2521594,1791471028.2521706,1791470991.1841595,GAZEBO_CLOCK_SYSTEM_INTERPOLATION,MAPPED_EXACT,0,37.052,1791471028.2361596,0.0017392635345458984,0.0,RGB,0.0,0,1,0,UNCALIBRATED,PREPARATION,MID,STRAIGHT,1.0,332,1.0,6.876540184020996,0.24861083924770355,nan,nan,False,0.0,0.0,0.0,0.0,0,0,0,0,0,0.0,0.0,0.0,0.0,0.0,0.0,0.0,0.0,0.0,0.0,0.0,0.0,0.0,0.0,6.665122069072946,-0.26607344433988445,-1.6709748452035278,0.0,0.0,0.0,0.0,0.0,0.0,0.0,0.0,0.0,0.0,0.0,False,DISABLED,0,nan,nan,nan,nan,nan,nan,nan,nan,nan,nan,nan,nan,nan,nan,nan,nan,nan,nan,nan,nan,nan,nan,nan,nan,nan,nan,nan,nan,nan,nan,nan,nan,nan,nan,61.838536112732456,-12.989936533698906,-0.04598586723651715,0.02213114463416737,0.02213114463416737,0.02213114463416737,61.885393312141964,-13.021882122187684,0.004824922802449033,-0.04685719940950861,0.03194558848877804,-0.050810790038966186,0.05671082577777194,0.0761436415256107,0.01847553253173828,False,DISABLED,none,MODEL_ORIGIN_FRAME_NOT_ESTABLISHED,nan,nan,nan,nan,nan,nan,nan,nan,nan,nan,nan,nan,nan,NOT_EVALUATED,nan,nan,nan,nan,DISABLED,nan,nan,nan,nan,nan,nan
1791471028.2841578,1791471028.3120267,1791471028.315351,1791471028.3153706,front_rgbd_red_sphere,True,True,True,,37.1,37.1,1791471028.3120267,1791471028.3006878,1791471028.2841578,1791471028.2841578,1791471028.2841578,0.0,1791471027.2921739,1791471028.2921758,1791471028.282763,1791471028.2921758,1791471028.282763,1791471028.2921758,1791471027.2921739,1791471028.2921758,1791471027.2921739,1791471028.2921758,1791470991.1841578,GAZEBO_CLOCK_SYSTEM_INTERPOLATION,MAPPED_EXACT,0,37.1,1791471028.2841578,0.0041730403900146484,0.0,RGB,0.0,0,1,0,UNCALIBRATED,PREPARATION,MID,STRAIGHT,1.0,331,1.0,6.880368232727051,0.24521614611148834,nan,nan,False,0.0,0.0,0.0,0.0,0,0,0,0,0,0.0,0.0,0.0,0.0,0.0,0.0,0.0,0.0,0.0,0.0,0.0,0.0,0.0,0.0,6.674541345553305,-0.26414032874848736,-1.6493020594521948,0.0,0.0,0.0,0.0,0.0,0.0,0.0,0.0,0.0,0.0,0.0,False,DISABLED,0,nan,nan,nan,nan,nan,nan,nan,nan,nan,nan,nan,nan,nan,nan,nan,nan,nan,nan,nan,nan,nan,nan,nan,nan,nan,nan,nan,nan,nan,nan,nan,nan,nan,nan,61.99355884879217,-13.11647713457947,-0.05786512032786101,0.022142536426119346,0.022142536426119346,0.022142536426119346,62.034745601547286,-13.142440472853753,-0.006473977715581492,-0.04118675275511663,0.02596333827428232,-0.05139114261227952,0.04868720095523998,0.07079189978981756,0.027868986129760742,False,DISABLED,none,MODEL_ORIGIN_FRAME_NOT_ESTABLISHED,nan,nan,nan,nan,nan,nan,nan,nan,nan,nan,nan,nan,nan,NOT_EVALUATED,nan,nan,nan,nan,DISABLED,nan,nan,nan,nan,nan,nan
1791471028.336159,1791471028.361282,1791471028.3642387,1791471028.364258,front_rgbd_red_sphere,True,True,True,,37.152,37.152,1791471028.3522098,1791471028.361282,1791471028.336159,1791471028.336159,1791471028.336159,0.0,1791471027.3521643,1791471028.3481688,1791471028.338763,1791471028.3481688,1791471028.342763,1791471028.3521702,1791471027.3321602,1791471028.3481688,1791471027.3521643,1791471028.3521702,1791470991.184159,GAZEBO_CLOCK_SYSTEM_INTERPOLATION,MAPPED_EXACT,0,37.152,1791471028.336159,0.0013043880462646484,0.0,RGB,0.0,0,1,0,UNCALIBRATED,PREPARATION,MID,STRAIGHT,1.0,331,1.0,6.8728928565979,0.24356599152088165,nan,nan,False,0.0,0.0,0.0,0.0,0,0,0,0,0,0.0,0.0,0.0,0.0,0.0,0.0,0.0,0.0,0.0,0.0,0.0,0.0,0.0,0.0,6.6700337953076785,-0.26187135160987474,-1.636683038727977,0.0,0.0,0.0,0.0,0.0,0.0,0.0,0.0,0.0,0.0,0.0,False,DISABLED,0,nan,nan,nan,nan,nan,nan,nan,nan,nan,nan,nan,nan,nan,nan,nan,nan,nan,nan,nan,nan,nan,nan,nan,nan,nan,nan,nan,nan,nan,nan,nan,nan,nan,nan,62.14855015534778,-13.24209722888696,-0.06957347827398758,0.022120294752063233,0.022120294752063233,0.022120294752063233,62.19705463435934,-13.272691831667853,-0.018679845042010992,-0.048504479011562296,0.030594602780892544,-0.050893633231976584,0.057347312086127325,0.07667382934909822,0.025123119354248047,False,DISABLED,none,MODEL_ORIGIN_FRAME_NOT_ESTABLISHED,nan,nan,nan,nan,nan,nan,nan,nan,nan,nan,nan,nan,nan,NOT_EVALUATED,nan,nan,nan,nan,DISABLED,nan,nan,nan,nan,nan,nan
1791471028.3841643,1791471028.4015753,1791471028.4068766,1791471028.406912,front_rgbd_red_sphere,True,True,True,,37.2,37.2,1791471028.4015753,1791471028.4002979,1791471028.3841643,1791471028.3841643,1791471028.3841643,0.0,1791471027.388166,1791471028.3881717,1791471028.378763,1791471028.3881717,1791471028.382763,1791471028.392165,1791471027.388166,1791471028.3881717,1791471027.3721588,1791471028.392165,1791470991.1841643,GAZEBO_CLOCK_SYSTEM_INTERPOLATION,MAPPED_EXACT,0,37.2,1791471028.3841643,0.0017077922821044922,0.0,RGB,0.0,0,1,0,UNCALIBRATED,PREPARATION,MID,STRAIGHT,1.0,330,1.0,6.876003265380859,0.2403601109981537,nan,nan,False,0.0,0.0,0.0,0.0,0,0,0,0,0,0.0,0.0,0.0,0.0,0.0,0.0,0.0,0.0,0.0,0.0,0.0,0.0,0.0,0.0,6.678334095136974,-0.26029146577018025,-1.6160208295520153,0.0,0.0,0.0,0.0,0.0,0.0,0.0,0.0,0.0,0.0,0.0,False,DISABLED,0,nan,nan,nan,nan,nan,nan,nan,nan,nan,nan,nan,nan,nan,nan,nan,nan,nan,nan,nan,nan,nan,nan,nan,nan,nan,nan,nan,nan,nan,nan,nan,nan,nan,nan,62.30400356086602,-13.367476663638392,-0.08127206794454706,0.022129547390762273,0.022129547390762273,0.022129547390762273,62.34722451745844,-13.392520253196555,-0.029841948114044527,-0.04322095659242109,0.025043589558162438,-0.051430119830502524,0.04995230191614447,0.07169581363302532,0.017410993576049805,False,DISABLED,none,MODEL_ORIGIN_FRAME_NOT_ESTABLISHED,nan,nan,nan,nan,nan,nan,nan,nan,nan,nan,nan,nan,nan,NOT_EVALUATED,nan,nan,nan,nan,DISABLED,nan,nan,nan,nan,nan,nan
1791471028.436162,1791471028.455845,1791471028.461215,1791471028.461234,front_rgbd_red_sphere,True,True,True,,37.252,37.252,1791471028.455845,1791471028.455059,1791471028.436162,1791471028.436162,1791471028.436162,0.0,1791471027.432165,1791471028.4521692,1791471028.4427629,1791471028.4521692,1791471028.4427629,1791471028.4521692,1791471027.4281635,1791471028.4521692,1791471027.432165,1791471028.4521692,1791470991.184162,GAZEBO_CLOCK_SYSTEM_INTERPOLATION,MAPPED_EXACT,0,37.252,1791471028.436162,0.0014529228210449219,0.0,RGB,0.0,0,1,0,UNCALIBRATED,PREPARATION,MID,STRAIGHT,1.0,330,1.0,6.870062351226807,0.2384515404701233,nan,nan,False,0.0,0.0,0.0,0.0,0,0,0,0,0,0.0,0.0,0.0,0.0,0.0,0.0,0.0,0.0,0.0,0.0,0.0,0.0,0.0,0.0,6.675673034256714,-0.25848165981814475,-1.6019775126619642,0.0,0.0,0.0,0.0,0.0,0.0,0.0,0.0,0.0,0.0,0.0,False,DISABLED,0,nan,nan,nan,nan,nan,nan,nan,nan,nan,nan,nan,nan,nan,nan,nan,nan,nan,nan,nan,nan,nan,nan,nan,nan,nan,nan,nan,nan,nan,nan,nan,nan,nan,nan,62.461902382602055,-13.494015101709211,-0.09253349036484954,0.02211187510179357,0.02211187510179357,0.02211187510179357,62.51018254546896,-13.521765709410467,-0.04172917035899094,-0.04828016286690229,0.027750607701255703,-0.0508043200058586,0.05568725486360055,0.07538003240581213,0.019683122634887695,False,DISABLED,none,MODEL_ORIGIN_FRAME_NOT_ESTABLISHED,nan,nan,nan,nan,nan,nan,nan,nan,nan,nan,nan,nan,nan,NOT_EVALUATED,nan,nan,nan,nan,DISABLED,nan,nan,nan,nan,nan,nan
1791471028.4841726,1791471028.5102913,1791471028.5139742,1791471028.5140116,front_rgbd_red_sphere,True,True,True,,37.3,37.3,1791471028.501832,1791471028.5102913,1791471028.4841726,1791471028.4841726,1791471028.4841726,0.0,1791471027.4721656,1791471028.4921722,1791471028.4827628,1791471028.4921722,1791471028.4827628,1791471028.4921722,1791471027.4681604,1791471028.4921722,1791471027.4721656,1791471028.4921722,1791470991.1841726,GAZEBO_CLOCK_SYSTEM_INTERPOLATION,MAPPED_EXACT,0,37.3,1791471028.4841726,0.0023660659790039062,0.0,RGB,0.0,0,1,0,UNCALIBRATED,PREPARATION,MID,STRAIGHT,1.0,331,1.0,6.871454238891602,0.23567496240139008,nan,nan,False,0.0,0.0,0.0,0.0,0,0,0,0,0,0.0,0.0,0.0,0.0,0.0,0.0,0.0,0.0,0.0,0.0,0.0,0.0,0.0,0.0,6.681506421163922,-0.2570874528393663,-1.5837494542115298,0.0,0.0,0.0,0.0,0.0,0.0,0.0,0.0,0.0,0.0,0.0,False,DISABLED,0,nan,nan,nan,nan,nan,nan,nan,nan,nan,nan,nan,nan,nan,nan,nan,nan,nan,nan,nan,nan,nan,nan,nan,nan,nan,nan,nan,nan,nan,nan,nan,nan,nan,nan,62.616338717694894,-13.617305234578922,-0.10351687893734945,0.022116015332419726,0.022116015332419726,0.022116015332419726,62.66097668322791,-13.640650322813068,-0.05246267363641784,-0.04463796553301336,0.02334508823414616,-0.05105420530093161,0.050374012264128395,0.07172219315174509,0.026118755340576172,False,DISABLED,none,MODEL_ORIGIN_FRAME_NOT_ESTABLISHED,nan,nan,nan,nan,nan,nan,nan,nan,nan,nan,nan,nan,nan,NOT_EVALUATED,nan,nan,nan,nan,DISABLED,nan,nan,nan,nan,nan,nan
1791471028.536179,1791471028.5537286,1791471028.5616949,1791471028.5617187,front_rgbd_red_sphere,True,True,True,,37.352,37.352,1791471028.5537286,1791471028.5528774,1791471028.536179,1791471028.536179,1791471028.536179,0.0,1791471027.532157,1791471028.5481772,1791471028.5387628,1791471028.5481772,1791471028.542763,1791471028.5521672,1791471027.532157,1791471028.5481772,1791471027.532157,1791471028.5521672,1791470991.184179,GAZEBO_CLOCK_SYSTEM_INTERPOLATION,MAPPED_EXACT,0,37.352,1791471028.536179,0.0012812614440917969,0.0,RGB,0.0,0,1,0,UNCALIBRATED,PREPARATION,MID,STRAIGHT,1.0,329,1.0,6.863938808441162,0.23450057208538055,nan,nan,False,0.0,0.0,0.0,0.0,0,0,0,0,0,0.0,0.0,0.0,0.0,0.0,0.0,0.0,0.0,0.0,0.0,0.0,0.0,0.0,0.0,6.676076409322811,-0.2554613304669253,-1.5742938047706527,0.0,0.0,0.0,0.0,0.0,0.0,0.0,0.0,0.0,0.0,0.0,False,DISABLED,0,nan,nan,nan,nan,nan,nan,nan,nan,nan,nan,nan,nan,nan,nan,nan,nan,nan,nan,nan,nan,nan,nan,nan,nan,nan,nan,nan,nan,nan,nan,nan,nan,nan,nan,62.77341887703329,-13.741658207878618,-0.11397714042891754,0.022093668065217165,0.022093668065217165,0.022093668065217165,62.82466488196577,-13.768883293787725,-0.06374007642645159,-0.051246004932473,0.027225085909106994,-0.050237064002465956,0.058028943849576506,0.07675363785440507,0.017549514770507812,False,DISABLED,none,MODEL_ORIGIN_FRAME_NOT_ESTABLISHED,nan,nan,nan,nan,nan,nan,nan,nan,nan,nan,nan,nan,nan,NOT_EVALUATED,nan,nan,nan,nan,DISABLED,nan,nan,nan,nan,nan,nan
1791471028.584159,1791471028.6127625,1791471028.6157987,1791471028.6158173,front_rgbd_red_sphere,True,True,True,,37.4,37.4,1791471028.6127625,1791471028.6020474,1791471028.584159,1791471028.584159,1791471028.584159,0.0,1791471027.5881724,1791471028.5882406,1791471028.5787928,1791471028.5882406,1791471028.582793,1791471028.5921674,1791471027.5881724,1791471028.5882406,1791471027.5721633,1791471028.5921674,1791470991.1841588,GAZEBO_CLOCK_SYSTEM_INTERPOLATION,MAPPED_EXACT,0,37.4,1791471028.584159,0.0008337497711181641,0.0,RGB,0.0,0,1,0,UNCALIBRATED,PREPARATION,MID,STRAIGHT,1.0,330,1.0,6.866896152496338,0.23199918866157532,nan,nan,False,0.0,0.0,0.0,0.0,0,0,0,0,0,0.0,0.0,0.0,0.0,0.0,0.0,0.0,0.0,0.0,0.0,0.0,0.0,0.0,0.0,6.682922723410603,-0.2544128465721016,-1.558229050267892,0.0,0.0,0.0,0.0,0.0,0.0,0.0,0.0,0.0,0.0,0.0,False,DISABLED,0,nan,nan,nan,nan,nan,nan,nan,nan,nan,nan,nan,nan,nan,nan,nan,nan,nan,nan,nan,nan,nan,nan,nan,nan,nan,nan,nan,nan,nan,nan,nan,nan,nan,nan,62.93032217257503,-13.865102003777539,-0.12431065072582997,0.02210245947736376,0.02210245947736376,0.02210245947736376,62.97616892249615,-13.886838576917077,-0.07378799088899925,-0.045846749921118146,0.02173657313953825,-0.05052265983683073,0.05073857595735263,0.07160266927404418,0.028603553771972656,False,DISABLED,none,MODEL_ORIGIN_FRAME_NOT_ESTABLISHED,nan,nan,nan,nan,nan,nan,nan,nan,nan,nan,nan,nan,nan,NOT_EVALUATED,nan,nan,nan,nan,DISABLED,nan,nan,nan,nan,nan,nan
1791471028.636161,1791471028.6532,1791471028.6610587,1791471028.6610851,front_rgbd_red_sphere,True,True,True,,37.452,37.452,1791471028.6532,1791471028.6518838,1791471028.636161,1791471028.636161,1791471028.636161,0.0,1791471027.6521673,1791471028.6521711,1791471028.642793,1791471028.6521711,1791471028.642793,1791471028.6521711,1791471027.6521673,1791471028.6521711,1791471027.6521673,1791471028.6521711,1791470991.1841612,GAZEBO_CLOCK_SYSTEM_INTERPOLATION,MAPPED_EXACT,0,37.452,1791471028.636161,0.0013670921325683594,0.0,RGB,0.0,0,1,0,UNCALIBRATED,PREPARATION,MID,STRAIGHT,1.0,327,1.0,6.85915470123291,0.2310328483581543,nan,nan,False,0.0,0.0,0.0,0.0,0,0,0,0,0,0.0,0.0,0.0,0.0,0.0,0.0,0.0,0.0,0.0,0.0,0.0,0.0,0.0,0.0,6.676909532233485,-0.25309890730378193,-1.55010323264184,0.0,0.0,0.0,0.0,0.0,0.0,0.0,0.0,0.0,0.0,0.0,False,DISABLED,0,nan,nan,nan,nan,nan,nan,nan,nan,nan,nan,nan,nan,nan,nan,nan,nan,nan,nan,nan,nan,nan,nan,nan,nan,nan,nan,nan,nan,nan,nan,nan,nan,nan,nan,63.08823142866137,-13.988551763096462,-0.13403162052523138,0.022079447144858044,0.022079447144858044,0.022079447144858044,63.14063798921148,-14.01403600290861,-0.08418119509447987,-0.05240656055010362,0.025484239812147536,-0.04985042543075151,0.05827430023170353,0.07668741085159701,0.017038822174072266,False,DISABLED,none,MODEL_ORIGIN_FRAME_NOT_ESTABLISHED,nan,nan,nan,nan,nan,nan,nan,nan,nan,nan,nan,nan,nan,NOT_EVALUATED,nan,nan,nan,nan,DISABLED,nan,nan,nan,nan,nan,nan
1791471028.6841574,1791471028.7109692,1791471028.714587,1791471028.7146068,front_rgbd_red_sphere,True,True,True,,37.5,37.5,1791471028.7109692,1791471028.6997924,1791471028.6841574,1791471028.6841574,1791471028.6841574,0.0,1791471027.6921802,1791471028.6921825,1791471028.682793,1791471028.6921825,1791471028.682793,1791471028.6921825,1791471027.6921802,1791471028.6921825,1791471027.6921802,1791471028.6921825,1791470991.1841574,GAZEBO_CLOCK_SYSTEM_INTERPOLATION,MAPPED_EXACT,0,37.5,1791471028.6841574,0.003070831298828125,0.0,RGB,0.0,0,1,0,UNCALIBRATED,PREPARATION,MID,STRAIGHT,1.0,331,1.0,6.862562656402588,0.22865374386310577,nan,nan,False,0.0,0.0,0.0,0.0,0,0,0,0,0,0.0,0.0,0.0,0.0,0.0,0.0,0.0,0.0,0.0,0.0,0.0,0.0,0.0,0.0,6.683947004582025,-0.2524939046980048,-1.5348837039077559,0.0,0.0,0.0,0.0,0.0,0.0,0.0,0.0,0.0,0.0,0.0,False,DISABLED,0,nan,nan,nan,nan,nan,nan,nan,nan,nan,nan,nan,nan,nan,nan,nan,nan,nan,nan,nan,nan,nan,nan,nan,nan,nan,nan,nan,nan,nan,nan,nan,nan,nan,nan,63.246272338616784,-14.11150378551676,-0.1431501295690713,0.02208957741373081,0.02208957741373081,0.02208957741373081,63.292897227011075,-14.131031242569785,-0.09329662098216251,-0.04662488839429102,0.019527457053024833,-0.04985350858690879,0.05054900391439798,0.07099700074765702,0.026811838150024414,False,DISABLED,none,MODEL_ORIGIN_FRAME_NOT_ESTABLISHED,nan,nan,nan,nan,nan,nan,nan,nan,nan,nan,nan,nan,nan,NOT_EVALUATED,nan,nan,nan,nan,DISABLED,nan,nan,nan,nan,nan,nan
1791471028.736158,1791471028.7644238,1791471028.7675712,1791471028.7675905,front_rgbd_red_sphere,True,True,True,,37.552,37.552,1791471028.7557933,1791471028.7644238,1791471028.736158,1791471028.736158,1791471028.736158,0.0,1791471027.748169,1791471028.748179,1791471028.738793,1791471028.748179,1791471028.7427928,1791471028.752168,1791471027.748169,1791471028.748179,1791471027.7321584,1791471028.752168,1791470991.1841578,GAZEBO_CLOCK_SYSTEM_INTERPOLATION,MAPPED_EXACT,0,37.552,1791471028.736158,0.0006225109100341797,0.0,RGB,0.0,0,1,0,UNCALIBRATED,PREPARATION,MID,STRAIGHT,1.0,330,1.0,6.854901313781738,0.22780123353004456,nan,nan,False,0.0,0.0,0.0,0.0,0,0,0,0,0,0.0,0.0,0.0,0.0,0.0,0.0,0.0,0.0,0.0,0.0,0.0,0.0,0.0,0.0,6.677807031539552,-0.2514097323975868,-1.5275333182434707,0.0,0.0,0.0,0.0,0.0,0.0,0.0,0.0,0.0,0.0,0.0,False,DISABLED,0,nan,nan,nan,nan,nan,nan,nan,nan,nan,nan,nan,nan,nan,nan,nan,nan,nan,nan,nan,nan,nan,nan,nan,nan,nan,nan,nan,nan,nan,nan,nan,nan,nan,nan,63.404728866938804,-14.234275813143036,-0.15179971215622062,0.022066809222019104,0.022066809222019104,0.022066809222019104,63.45830252254531,-14.257241652937585,-0.10255659586408193,-0.053573655606506065,0.02296583979454958,-0.04924311629213869,0.058288647029361006,0.07630498590966733,0.028265953063964844,False,DISABLED,none,MODEL_ORIGIN_FRAME_NOT_ESTABLISHED,nan,nan,nan,nan,nan,nan,nan,nan,nan,nan,nan,nan,nan,NOT_EVALUATED,nan,nan,nan,nan,DISABLED,nan,nan,nan,nan,nan,nan
1791471028.7841592,1791471028.7998104,1791471028.8035533,1791471028.8035746,front_rgbd_red_sphere,True,True,True,,37.6,37.6,1791471028.7998104,1791471028.7987418,1791471028.7841592,1791471028.7841592,1791471028.7841592,0.0,1791471027.7921767,1791471028.788178,1791471028.7787929,1791471028.788178,1791471028.7827928,1791471028.7922025,1791471027.7881675,1791471028.788178,1791471027.7921767,1791471028.7922025,1791470991.1841593,GAZEBO_CLOCK_SYSTEM_INTERPOLATION,MAPPED_EXACT,0,37.6,1791471028.7841592,0.0039577484130859375,0.0,RGB,0.0,0,1,0,UNCALIBRATED,PREPARATION,MID,STRAIGHT,1.0,330,1.0,6.8585591316223145,0.22533740103244781,nan,nan,False,0.0,0.0,0.0,0.0,0,0,0,0,0,0.0,0.0,0.0,0.0,0.0,0.0,0.0,0.0,0.0,0.0,0.0,0.0,0.0,0.0,6.685166479402324,-0.25109653069507587,-1.51173238006246,0.0,0.0,0.0,0.0,0.0,0.0,0.0,0.0,0.0,0.0,0.0,False,DISABLED,0,nan,nan,nan,nan,nan,nan,nan,nan,nan,nan,nan,nan,nan,nan,nan,nan,nan,nan,nan,nan,nan,nan,nan,nan,nan,nan,nan,nan,nan,nan,nan,nan,nan,nan,63.56404460845537,-14.356497289074586,-0.16021659731715404,0.022077678326354037,0.022077678326354037,0.022077678326354037,63.611246444444035,-14.373156963413997,-0.11050973101921142,-0.04720183598866612,0.016659674339411623,-0.04970686629794262,0.0500555498401145,0.07054311183211108,0.015651226043701172,False,DISABLED,none,MODEL_ORIGIN_FRAME_NOT_ESTABLISHED,nan,nan,nan,nan,nan,nan,nan,nan,nan,nan,nan,nan,nan,NOT_EVALUATED,nan,nan,nan,nan,DISABLED,nan,nan,nan,nan,nan,nan
1791471028.8361595,1791471028.8531985,1791471028.8601701,1791471028.8601916,front_rgbd_red_sphere,True,True,True,,37.652,37.652,1791471028.8531985,1791471028.8518763,1791471028.8361595,1791471028.8361595,1791471028.8361595,0.0,1791471027.8521705,1791471028.8521733,1791471028.842793,1791471028.8521733,1791471028.842793,1791471028.8521733,1791471027.8521705,1791471028.8521733,1791471027.8521705,1791471028.8521733,1791470991.1841595,GAZEBO_CLOCK_SYSTEM_INTERPOLATION,MAPPED_EXACT,0,37.652,1791471028.8361595,0.0012030601501464844,0.0,RGB,0.0,0,1,0,UNCALIBRATED,PREPARATION,MID,STRAIGHT,1.0,330,1.0,6.851553916931152,0.22474375367164612,nan,nan,False,0.0,0.0,0.0,0.0,0,0,0,0,0,0.0,0.0,0.0,0.0,0.0,0.0,0.0,0.0,0.0,0.0,0.0,0.0,0.0,0.0,6.679245699658458,-0.25058533553015927,-1.5062113678549434,0.0,0.0,0.0,0.0,0.0,0.0,0.0,0.0,0.0,0.0,0.0,False,DISABLED,0,nan,nan,nan,nan,nan,nan,nan,nan,nan,nan,nan,nan,nan,nan,nan,nan,nan,nan,nan,nan,nan,nan,nan,nan,nan,nan,nan,nan,nan,nan,nan,nan,nan,nan,63.72357501102481,-14.478301093695668,-0.1675092146328429,0.022056864883748813,0.022056864883748813,0.022056864883748813,63.777453129484314,-14.498205477268062,-0.11840041140812543,-0.05387811845950097,0.01990438357239377,-0.04910880322471747,0.057437236477158246,0.07556924432794745,0.017039060592651367,False,DISABLED,none,MODEL_ORIGIN_FRAME_NOT_ESTABLISHED,nan,nan,nan,nan,nan,nan,nan,nan,nan,nan,nan,nan,nan,NOT_EVALUATED,nan,nan,nan,nan,DISABLED,nan,nan,nan,nan,nan,nan
1791471028.8841598,1791471028.9035542,1791471028.9072092,1791471028.9072397,front_rgbd_red_sphere,True,True,True,,37.7,37.7,1791471028.9035542,1791471028.9014542,1791471028.8841598,1791471028.8841598,1791471028.8841598,0.0,1791471027.8921633,1791471028.892175,1791471028.882793,1791471028.892175,1791471028.882793,1791471028.892175,1791471027.8921633,1791471028.892175,1791471027.8921633,1791471028.892175,1791470991.1841598,GAZEBO_CLOCK_SYSTEM_INTERPOLATION,MAPPED_EXACT,0,37.7,1791471028.8841598,0.003624439239501953,0.0,RGB,0.0,0,1,0,UNCALIBRATED,PREPARATION,MID,STRAIGHT,1.0,325,1.0,6.855658531188965,0.22272974252700806,nan,nan,False,0.0,0.0,0.0,0.0,0,0,0,0,0,0.0,0.0,0.0,0.0,0.0,0.0,0.0,0.0,0.0,0.0,0.0,0.0,0.0,0.0,6.686310830386133,-0.2508979496939219,-1.4934364698684632,0.0,0.0,0.0,0.0,0.0,0.0,0.0,0.0,0.0,0.0,0.0,False,DISABLED,0,nan,nan,nan,nan,nan,nan,nan,nan,nan,nan,nan,nan,nan,nan,nan,nan,nan,nan,nan,nan,nan,nan,nan,nan,nan,nan,nan,nan,nan,nan,nan,nan,nan,nan,63.88328181796036,-14.599008468699482,-0.17421178160862988,0.022069059233461228,0.022069059233461228,0.022069059233461228,63.93128316472249,-14.613123600056918,-0.1250037359417003,-0.04800134676212764,0.014115131357435473,-0.04920804566692957,0.050033650918313764,0.07017690490876828,0.019394397735595703,False,DISABLED,none,MODEL_ORIGIN_FRAME_NOT_ESTABLISHED,nan,nan,nan,nan,nan,nan,nan,nan,nan,nan,nan,nan,nan,NOT_EVALUATED,nan,nan,nan,nan,DISABLED,nan,nan,nan,nan,nan,nan
1791471028.9361596,1791471028.954834,1791471028.960752,1791471028.9607718,front_rgbd_red_sphere,True,True,True,,37.752,37.752,1791471028.954834,1791471028.9525707,1791471028.9361596,1791471028.9361596,1791471028.9361596,0.0,1791471027.9481804,1791471028.9481823,1791471028.938793,1791471028.9481823,1791471028.942793,1791471028.952183,1791471027.9481804,1791471028.9481823,1791471027.9321578,1791471028.952183,1791470991.1841595,GAZEBO_CLOCK_SYSTEM_INTERPOLATION,MAPPED_EXACT,0,37.752,1791471028.9361596,0.0014004707336425781,0.0,RGB,0.0,0,1,0,UNCALIBRATED,PREPARATION,MID,STRAIGHT,1.0,325,1.0,6.849002361297607,0.222654789686203,nan,nan,False,0.0,0.0,0.0,0.0,0,0,0,0,0,0.0,0.0,0.0,0.0,0.0,0.0,0.0,0.0,0.0,0.0,0.0,0.0,0.0,0.0,6.67993260480315,-0.25089053626910385,-1.4914390987358441,0.0,0.0,0.0,0.0,0.0,0.0,0.0,0.0,0.0,0.0,0.0,False,DISABLED,0,nan,nan,nan,nan,nan,nan,nan,nan,nan,nan,nan,nan,nan,nan,nan,nan,nan,nan,nan,nan,nan,nan,nan,nan,nan,nan,nan,nan,nan,nan,nan,nan,nan,nan,64.04350568983988,-14.719043136445578,-0.18003301331216454,0.0220492877426357,0.0220492877426357,0.0220492877426357,64.0983728449158,-14.736994162680592,-0.13133262879026486,-0.05486715507592521,0.01795102623501421,-0.048700384521899676,0.057729057233041614,0.07552728978055998,0.018674373626708984,False,DISABLED,none,MODEL_ORIGIN_FRAME_NOT_ESTABLISHED,nan,nan,nan,nan,nan,nan,nan,nan,nan,nan,nan,nan,nan,NOT_EVALUATED,nan,nan,nan,nan,DISABLED,nan,nan,nan,nan,nan,nan
1791471028.984158,1791471029.0098534,1791471029.0147088,1791471029.0147445,front_rgbd_red_sphere,True,True,True,,37.8,37.8,1791471029.0098534,1791471028.9986506,1791471028.984158,1791471028.984158,1791471028.984158,0.0,1791471027.9721735,1791471028.9881656,1791471028.978793,1791471028.9881656,1791471028.9827929,1791471028.992163,1791471027.9721735,1791471028.9881656,1791471027.9721735,1791471028.992163,1791470991.184158,GAZEBO_CLOCK_SYSTEM_INTERPOLATION,MAPPED_EXACT,0,37.8,1791471028.984158,0.0020084381103515625,0.0,RGB,0.0,0,1,0,UNCALIBRATED,PREPARATION,MID,STRAIGHT,1.0,330,1.0,6.853639602661133,0.2213936299085617,nan,nan,False,0.0,0.0,0.0,0.0,0,0,0,0,0,0.0,0.0,0.0,0.0,0.0,0.0,0.0,0.0,0.0,0.0,0.0,0.0,0.0,0.0,6.6863583887247655,-0.25160661380092364,-1.4838058562506582,0.0,0.0,0.0,0.0,0.0,0.0,0.0,0.0,0.0,0.0,0.0,False,DISABLED,0,nan,nan,nan,nan,nan,nan,nan,nan,nan,nan,nan,nan,nan,nan,nan,nan,nan,nan,nan,nan,nan,nan,nan,nan,nan,nan,nan,nan,nan,nan,nan,nan,nan,nan,64.20396580942902,-14.838049214788304,-0.1851152685949175,0.022063060599211662,0.022063060599211662,0.022063060599211662,64.25306193166706,-14.850821719051503,-0.13642042591389364,-0.04909612223804061,0.012772504263198314,-0.048694842681023864,0.05073032706346416,0.07031894330616544,0.025695323944091797,False,DISABLED,none,MODEL_ORIGIN_FRAME_NOT_ESTABLISHED,nan,nan,nan,nan,nan,nan,nan,nan,nan,nan,nan,nan,nan,NOT_EVALUATED,nan,nan,nan,nan,DISABLED,nan,nan,nan,nan,nan,nan
1791471029.0361786,1791471029.064903,1791471029.0692255,1791471029.0692458,front_rgbd_red_sphere,True,True,True,,37.852,37.852,1791471029.0555606,1791471029.064903,1791471029.0361786,1791471029.0361786,1791471029.0361786,0.0,1791471028.052165,1791471029.0521655,1791471029.042793,1791471029.0521655,1791471029.042793,1791471029.0521655,1791471028.052165,1791471029.0521655,1791471028.052165,1791471029.0521655,1791470991.1841786,GAZEBO_CLOCK_SYSTEM_INTERPOLATION,MAPPED_EXACT,0,37.852,1791471029.0361786,0.0014946460723876953,0.0,RGB,0.0,0,1,0,UNCALIBRATED,PREPARATION,MID,STRAIGHT,1.0,328,1.0,6.847616195678711,0.2220851629972458,nan,nan,False,0.0,0.0,0.0,0.0,0,0,0,0,0,0.0,0.0,0.0,0.0,0.0,0.0,0.0,0.0,0.0,0.0,0.0,0.0,0.0,0.0,6.679440708413217,-0.2522665472089223,-1.4870378088274894,0.0,0.0,0.0,0.0,0.0,0.0,0.0,0.0,0.0,0.0,0.0,False,DISABLED,0,nan,nan,nan,nan,nan,nan,nan,nan,nan,nan,nan,nan,nan,nan,nan,nan,nan,nan,nan,nan,nan,nan,nan,nan,nan,nan,nan,nan,nan,nan,nan,nan,nan,nan,64.36536031696244,-14.956166311974583,-0.18902441810877674,0.02204517077124301,0.02204517077124301,0.02204517077124301,64.42108868095504,-14.973473583182566,-0.1410320020240324,-0.05572836399259984,0.01730727120798292,-0.04799241608474433,0.058354024625199355,0.07555437903662235,0.02872443199157715,False,DISABLED,none,MODEL_ORIGIN_FRAME_NOT_ESTABLISHED,nan,nan,nan,nan,nan,nan,nan,nan,nan,nan,nan,nan,nan,NOT_EVALUATED,nan,nan,nan,nan,DISABLED,nan,nan,nan,nan,nan,nan
1791471029.0841563,1791471029.1012623,1791471029.1044376,1791471029.1044607,front_rgbd_red_sphere,True,True,True,,37.9,37.9,1791471029.1012623,1791471029.099924,1791471029.0841563,1791471029.0841563,1791471029.0841563,0.0,1791471028.0721593,1791471029.0921657,1791471029.082793,1791471029.0921657,1791471029.082793,1791471029.0921657,1791471028.0681655,1791471029.0921657,1791471028.0721593,1791471029.0921657,1791470991.1841562,GAZEBO_CLOCK_SYSTEM_INTERPOLATION,MAPPED_EXACT,0,37.9,1791471029.0841563,0.0013287067413330078,0.0,RGB,0.0,0,1,0,UNCALIBRATED,PREPARATION,MID,STRAIGHT,1.0,328,1.0,6.853170394897461,0.22129398584365845,nan,nan,False,0.0,0.0,0.0,0.0,0,0,0,0,0,0.0,0.0,0.0,0.0,0.0,0.0,0.0,0.0,0.0,0.0,0.0,0.0,0.0,0.0,6.686050683144541,-0.25365772900457273,-1.4826762127101691,0.0,0.0,0.0,0.0,0.0,0.0,0.0,0.0,0.0,0.0,0.0,False,DISABLED,0,nan,nan,nan,nan,nan,nan,nan,nan,nan,nan,nan,nan,nan,nan,nan,nan,nan,nan,nan,nan,nan,nan,nan,nan,nan,nan,nan,nan,nan,nan,nan,nan,nan,nan,64.52724288775403,-15.073544222221507,-0.19221531549461884,0.022061667136785614,0.022061667136785614,0.022061667136785614,64.57658723334289,-15.086098528528021,-0.14447663239333636,-0.0493443455888638,0.012554306306514107,-0.047738683101282486,0.05091635344789533,0.06979582303172359,0.017106056213378906,False,DISABLED,none,MODEL_ORIGIN_FRAME_NOT_ESTABLISHED,nan,nan,nan,nan,nan,nan,nan,nan,nan,nan,nan,nan,nan,NOT_EVALUATED,nan,nan,nan,nan,DISABLED,nan,nan,nan,nan,nan,nan
1791471029.1361575,1791471029.1592941,1791471029.1631756,1791471029.1631956,front_rgbd_red_sphere,True,True,True,,37.952,37.952,1791471029.1592941,1791471029.1563659,1791471029.1361575,1791471029.1361575,1791471029.1361575,0.0,1791471028.152176,1791471029.1482716,1791471029.138793,1791471029.1482716,1791471029.142793,1791471029.1522026,1791471028.148173,1791471029.1482716,1791471028.152176,1791471029.1522026,1791470991.1841576,GAZEBO_CLOCK_SYSTEM_INTERPOLATION,MAPPED_EXACT,0,37.952,1791471029.1361575,0.003391265869140625,0.0,RGB,0.0,0,1,0,UNCALIBRATED,PREPARATION,MID,STRAIGHT,1.0,330,1.0,6.847809791564941,0.221762552857399,nan,nan,False,0.0,0.0,0.0,0.0,0,0,0,0,0,0.0,0.0,0.0,0.0,0.0,0.0,0.0,0.0,0.0,0.0,0.0,0.0,0.0,0.0,6.68011572391278,-0.2547729955845348,-1.4844671469708288,0.0,0.0,0.0,0.0,0.0,0.0,0.0,0.0,0.0,0.0,0.0,False,DISABLED,0,nan,nan,nan,nan,nan,nan,nan,nan,nan,nan,nan,nan,nan,nan,nan,nan,nan,nan,nan,nan,nan,nan,nan,nan,nan,nan,nan,nan,nan,nan,nan,nan,nan,nan,64.69017185947222,-15.190327514271415,-0.19454086002098409,0.022045745372689263,0.022045745372689263,0.022045745372689263,64.74546623227985,-15.20738753210667,-0.14725585946910452,-0.05529437280763716,0.017060017835255792,-0.047285000551879564,0.05786632762435516,0.07472873041822978,0.023136615753173828,False,DISABLED,none,MODEL_ORIGIN_FRAME_NOT_ESTABLISHED,nan,nan,nan,nan,nan,nan,nan,nan,nan,nan,nan,nan,nan,NOT_EVALUATED,nan,nan,nan,nan,DISABLED,nan,nan,nan,nan,nan,nan
1791471029.184171,1791471029.2046013,1791471029.2107913,1791471029.210812,front_rgbd_red_sphere,True,True,True,,38.0,38.0,1791471029.2046013,1791471029.2036908,1791471029.184171,1791471029.184171,1791471029.184171,0.0,1791471028.1721609,1791471029.188164,1791471029.178793,1791471029.188164,1791471029.182793,1791471029.1921654,1791471028.1721609,1791471029.188164,1791471028.1721609,1791471029.1921654,1791470991.184171,GAZEBO_CLOCK_SYSTEM_INTERPOLATION,MAPPED_EXACT,0,38.0,1791471029.184171,0.0008523464202880859,0.0,RGB,0.0,0,1,0,UNCALIBRATED,PREPARATION,MID,STRAIGHT,1.0,327,1.0,6.853970050811768,0.22020196914672852,nan,nan,False,0.0,0.0,0.0,0.0,0,0,0,0,0,0.0,0.0,0.0,0.0,0.0,0.0,0.0,0.0,0.0,0.0,0.0,0.0,0.0,0.0,6.688469540530714,-0.2565602591761049,-1.4749426686286284,0.0,0.0,0.0,0.0,0.0,0.0,0.0,0.0,0.0,0.0,0.0,False,DISABLED,0,nan,nan,nan,nan,nan,nan,nan,nan,nan,nan,nan,nan,nan,nan,nan,nan,nan,nan,nan,nan,nan,nan,nan,nan,nan,nan,nan,nan,nan,nan,nan,nan,nan,nan,64.85373112073015,-15.306894881228484,-0.19595111186517927,0.022064042275848114,0.022064042275848114,0.022064042275848114,64.9019641660773,-15.318867199203128,-0.14897530828561328,-0.04823304534716044,0.011972317974644042,-0.04697580357956599,0.049696710767889056,0.06838486077410105,0.020430326461791992,False,DISABLED,none,MODEL_ORIGIN_FRAME_NOT_ESTABLISHED,nan,nan,nan,nan,nan,nan,nan,nan,nan,nan,nan,nan,nan,NOT_EVALUATED,nan,nan,nan,nan,DISABLED,nan,nan,nan,nan,nan,nan
1791471029.236162,1791471029.2583404,1791471029.2628593,1791471029.2628772,front_rgbd_red_sphere,True,True,True,,38.052,38.052,1791471029.2583404,1791471029.256089,1791471029.236162,1791471029.236162,1791471029.236162,0.0,1791471028.2521706,1791471029.2521727,1791471029.2427928,1791471029.2521727,1791471029.2427928,1791471029.2521727,1791471028.2521706,1791471029.2521727,1791471028.2521706,1791471029.2521727,1791470991.184162,GAZEBO_CLOCK_SYSTEM_INTERPOLATION,MAPPED_EXACT,0,38.052,1791471029.236162,0.0035848617553710938,0.0,RGB,0.0,0,1,0,UNCALIBRATED,PREPARATION,MID,STRAIGHT,1.0,326,1.0,6.849400520324707,0.22076880931854248,nan,nan,False,0.0,0.0,0.0,0.0,0,0,0,0,0,0.0,0.0,0.0,0.0,0.0,0.0,0.0,0.0,0.0,0.0,0.0,0.0,0.0,0.0,6.6831611363989305,-0.2581928177364414,-1.477490481154172,0.0,0.0,0.0,0.0,0.0,0.0,0.0,0.0,0.0,0.0,0.0,False,DISABLED,0,nan,nan,nan,nan,nan,nan,nan,nan,nan,nan,nan,nan,nan,nan,nan,nan,nan,nan,nan,nan,nan,nan,nan,nan,nan,nan,nan,nan,nan,nan,nan,nan,nan,nan,65.0174665497175,-15.422168268226528,-0.19573205741933902,0.02205046891795924,0.02205046891795924,0.02205046891795924,65.0717918219377,-15.43877472951308,-0.14985508844717885,-0.05432527222019701,0.01660646128655152,-0.045876968972160176,0.0568067756368925,0.07301853217048937,0.02217841148376465,False,DISABLED,none,MODEL_ORIGIN_FRAME_NOT_ESTABLISHED,nan,nan,nan,nan,nan,nan,nan,nan,nan,nan,nan,nan,nan,NOT_EVALUATED,nan,nan,nan,nan,DISABLED,nan,nan,nan,nan,nan,nan
1791471029.2841563,1791471029.3013973,1791471029.3048122,1791471029.3048322,front_rgbd_red_sphere,True,True,True,,38.1,38.1,1791471029.3013973,1791471029.3001842,1791471029.2841563,1791471029.2841563,1791471029.2841563,0.0,1791471028.2721586,1791471029.2921758,1791471029.2827928,1791471029.2921758,1791471029.2827928,1791471029.2921758,1791471028.2681615,1791471029.2921758,1791471028.2721586,1791471029.2921758,1791470991.1841564,GAZEBO_CLOCK_SYSTEM_INTERPOLATION,MAPPED_EXACT,0,38.1,1791471029.2841563,0.0014188289642333984,0.0,RGB,0.0,0,1,0,UNCALIBRATED,PREPARATION,MID,STRAIGHT,1.0,327,1.0,6.856659889221191,0.2203507423400879,nan,nan,False,0.0,0.0,0.0,0.0,0,0,0,0,0,0.0,0.0,0.0,0.0,0.0,0.0,0.0,0.0,0.0,0.0,0.0,0.0,0.0,0.0,6.690871828778255,-0.2606924699489639,-1.4758254391557166,0.0,0.0,0.0,0.0,0.0,0.0,0.0,0.0,0.0,0.0,0.0,False,DISABLED,0,nan,nan,nan,nan,nan,nan,nan,nan,nan,nan,nan,nan,nan,nan,nan,nan,nan,nan,nan,nan,nan,nan,nan,nan,nan,nan,nan,nan,nan,nan,nan,nan,nan,nan,65.18180292116162,-15.536790597351105,-0.1951458279304487,0.02207203480116152,0.02207203480116152,0.02207203480116152,65.22909523422747,-15.548888099392943,-0.14980497378050836,-0.04729231306585291,0.012097502041838126,-0.04534085414994035,0.04881508404961441,0.06662361057325761,0.01724100112915039,False,DISABLED,none,MODEL_ORIGIN_FRAME_NOT_ESTABLISHED,nan,nan,nan,nan,nan,nan,nan,nan,nan,nan,nan,nan,nan,NOT_EVALUATED,nan,nan,nan,nan,DISABLED,nan,nan,nan,nan,nan,nan
1791471029.3361578,1791471029.3695514,1791471029.3752286,1791471029.3752618,front_rgbd_red_sphere,True,True,True,,38.152,38.152,1791471029.3695514,1791471029.368106,1791471029.3361578,1791471029.3361578,1791471029.3361578,0.0,1791471028.3521702,1791471029.3481748,1791471029.3387928,1791471029.3481748,1791471029.342793,1791471029.352182,1791471028.3481688,1791471029.3481748,1791471028.3521702,1791471029.352182,1791470991.1841578,GAZEBO_CLOCK_SYSTEM_INTERPOLATION,MAPPED_EXACT,0,38.152,1791471029.3361578,0.0017840862274169922,0.0,RGB,0.0,0,1,0,UNCALIBRATED,PREPARATION,MID,STRAIGHT,1.0,330,1.0,6.853150367736816,0.22159042954444885,nan,nan,False,0.0,0.0,0.0,0.0,0,0,0,0,0,0.0,0.0,0.0,0.0,0.0,0.0,0.0,0.0,0.0,0.0,0.0,0.0,0.0,0.0,6.685585085627654,-0.26318031813627485,-1.4830240619713013,0.0,0.0,0.0,0.0,0.0,0.0,0.0,0.0,0.0,0.0,0.0,False,DISABLED,0,nan,nan,nan,nan,nan,nan,nan,nan,nan,nan,nan,nan,nan,nan,nan,nan,nan,nan,nan,nan,nan,nan,nan,nan,nan,nan,nan,nan,nan,nan,nan,nan,nan,nan,65.34727704736078,-15.650789380017894,-0.19366842783485255,0.022061608066373525,0.022061608066373525,0.022061608066373525,65.39991299198694,-15.667353190705738,-0.14876571567321153,-0.052635944626160835,0.016563810687843628,-0.04490271216164102,0.05518063511043519,0.0711418024136455,0.03339362144470215,False,DISABLED,none,MODEL_ORIGIN_FRAME_NOT_ESTABLISHED,nan,nan,nan,nan,nan,nan,nan,nan,nan,nan,nan,nan,nan,NOT_EVALUATED,nan,nan,nan,nan,DISABLED,nan,nan,nan,nan,nan,nan
1791471029.3841627,1791471029.40849,1791471029.4152818,1791471029.415301,front_rgbd_red_sphere,True,True,True,,38.2,38.2,1791471029.40849,1791471029.40579,1791471029.3841627,1791471029.3841627,1791471029.3841627,0.0,1791471028.392165,1791471029.3881693,1791471029.378793,1791471029.3881693,1791471029.382793,1791471029.3921723,1791471028.372158,1791471029.3881693,1791471028.392165,1791471029.3921723,1791470991.1841626,GAZEBO_CLOCK_SYSTEM_INTERPOLATION,MAPPED_EXACT,0,38.2,1791471029.3841627,0.0015828609466552734,0.0,RGB,0.0,0,1,0,UNCALIBRATED,PREPARATION,MID,STRAIGHT,1.0,328,1.0,6.861041069030762,0.22130362689495087,nan,nan,False,0.0,0.0,0.0,0.0,0,0,0,0,0,0.0,0.0,0.0,0.0,0.0,0.0,0.0,0.0,0.0,0.0,0.0,0.0,0.0,0.0,6.693714929399287,-0.26666844525172273,-1.4822123161630003,0.0,0.0,0.0,0.0,0.0,0.0,0.0,0.0,0.0,0.0,0.0,False,DISABLED,0,nan,nan,nan,nan,nan,nan,nan,nan,nan,nan,nan,nan,nan,nan,nan,nan,nan,nan,nan,nan,nan,nan,nan,nan,nan,nan,nan,nan,nan,nan,nan,nan,nan,nan,65.51267076796648,-15.76383007270644,-0.19134657379040027,0.022085054255434174,0.022085054255434174,0.022085054255434174,65.5582196420658,-15.776151062489856,-0.1469471208473879,-0.04554887409931041,0.012320989783415115,-0.04439945294301237,0.047185874167571064,0.06479057140199197,0.02432727813720703,False,DISABLED,none,MODEL_ORIGIN_FRAME_NOT_ESTABLISHED,nan,nan,nan,nan,nan,nan,nan,nan,nan,nan,nan,nan,nan,NOT_EVALUATED,nan,nan,nan,nan,DISABLED,nan,nan,nan,nan,nan,nan
1791471029.4361563,1791471029.4640212,1791471029.4675179,1791471029.467539,front_rgbd_red_sphere,True,True,True,,38.252,38.252,1791471029.4640212,1791471029.453498,1791471029.4361563,1791471029.4361563,1791471029.4361563,0.0,1791471028.432161,1791471029.4521601,1791471029.442793,1791471029.4521601,1791471029.442793,1791471029.4521601,1791471028.4281597,1791471029.4521601,1791471028.432161,1791471029.4521601,1791470991.1841562,GAZEBO_CLOCK_SYSTEM_INTERPOLATION,MAPPED_EXACT,0,38.252,1791471029.4361563,0.004124879837036133,0.0,RGB,0.0,0,1,0,UNCALIBRATED,PREPARATION,MID,STRAIGHT,1.0,324,1.0,6.85828971862793,0.22310316562652588,nan,nan,False,0.0,0.0,0.0,0.0,0,0,0,0,0,0.0,0.0,0.0,0.0,0.0,0.0,0.0,0.0,0.0,0.0,0.0,0.0,0.0,0.0,6.688310857244516,-0.2701360712507661,-1.493205725246911,0.0,0.0,0.0,0.0,0.0,0.0,0.0,0.0,0.0,0.0,0.0,False,DISABLED,0,nan,nan,nan,nan,nan,nan,nan,nan,nan,nan,nan,nan,nan,nan,nan,nan,nan,nan,nan,nan,nan,nan,nan,nan,nan,nan,nan,nan,nan,nan,nan,nan,nan,nan,65.67836531755027,-15.875996293948056,-0.1874851949871123,0.022076877573150067,0.022076877573150067,0.022076877573150067,65.73011500194417,-15.89313503431374,-0.14401218402984997,-0.051749684393897155,0.017138740365684413,-0.04347301095726233,0.054513908832428286,0.06972566914616564,0.027864933013916016,False,DISABLED,none,MODEL_ORIGIN_FRAME_NOT_ESTABLISHED,nan,nan,nan,nan,nan,nan,nan,nan,nan,nan,nan,nan,nan,NOT_EVALUATED,nan,nan,nan,nan,DISABLED,nan,nan,nan,nan,nan,nan
1791471029.4842098,1791471029.504556,1791471029.5106285,1791471029.5106618,front_rgbd_red_sphere,True,True,True,,38.3,38.3,1791471029.504556,1791471029.5035686,1791471029.4842098,1791471029.4842098,1791471029.4842098,0.0,1791471028.4921722,1791471029.49218,1791471029.4827929,1791471029.49218,1791471029.4827929,1791471029.49218,1791471028.4921722,1791471029.49218,1791471028.4921722,1791471029.49218,1791470991.1842098,GAZEBO_CLOCK_SYSTEM_INTERPOLATION,MAPPED_EXACT,0,38.3,1791471029.4842098,0.0008265972137451172,0.0,RGB,0.0,0,1,0,UNCALIBRATED,PREPARATION,MID,STRAIGHT,1.0,326,1.0,6.867241382598877,0.22305728495121002,nan,nan,False,0.0,0.0,0.0,0.0,0,0,0,0,0,0.0,0.0,0.0,0.0,0.0,0.0,0.0,0.0,0.0,0.0,0.0,0.0,0.0,0.0,6.6971103135647745,-0.2747639187239894,-1.4940625796721978,0.0,0.0,0.0,0.0,0.0,0.0,0.0,0.0,0.0,0.0,0.0,False,DISABLED,0,nan,nan,nan,nan,nan,nan,nan,nan,nan,nan,nan,nan,nan,nan,nan,nan,nan,nan,nan,nan,nan,nan,nan,nan,nan,nan,nan,nan,nan,nan,nan,nan,nan,nan,65.84480815271448,-15.98766918512693,-0.1832263574599286,0.022103486751525733,0.022103486751525733,0.022103486751525733,65.88943144750185,-16.000528418105276,-0.14046896753872973,-0.04462329478737104,0.012859232978346569,-0.042757389921198874,0.0464391893821588,0.06312521448157979,0.02034616470336914,False,DISABLED,none,MODEL_ORIGIN_FRAME_NOT_ESTABLISHED,nan,nan,nan,nan,nan,nan,nan,nan,nan,nan,nan,nan,nan,NOT_EVALUATED,nan,nan,nan,nan,DISABLED,nan,nan,nan,nan,nan,nan
1791471029.5361657,1791471029.566049,1791471029.569217,1791471029.5692358,front_rgbd_red_sphere,True,True,True,,38.352,38.352,1791471029.566049,1791471029.556369,1791471029.5361657,1791471029.5361657,1791471029.5361657,0.0,1791471028.5521672,1791471029.5481691,1791471029.5387928,1791471029.5481691,1791471029.542793,1791471029.5521686,1791471028.5321577,1791471029.5481691,1791471028.5521672,1791471029.5521686,1791470991.1841657,GAZEBO_CLOCK_SYSTEM_INTERPOLATION,MAPPED_EXACT,0,38.352,1791471029.5361657,0.002146005630493164,0.0,RGB,0.0,0,1,0,UNCALIBRATED,PREPARATION,MID,STRAIGHT,1.0,327,1.0,6.8655104637146,0.22412313520908356,nan,nan,False,0.0,0.0,0.0,0.0,0,0,0,0,0,0.0,0.0,0.0,0.0,0.0,0.0,0.0,0.0,0.0,0.0,0.0,0.0,0.0,0.0,6.693799834224386,-0.27957711494788207,-1.5000387285553387,0.0,0.0,0.0,0.0,0.0,0.0,0.0,0.0,0.0,0.0,0.0,False,DISABLED,0,nan,nan,nan,nan,nan,nan,nan,nan,nan,nan,nan,nan,nan,nan,nan,nan,nan,nan,nan,nan,nan,nan,nan,nan,nan,nan,nan,nan,nan,nan,nan,nan,nan,nan,66.01202783786127,-16.098692392112905,-0.17797786810734267,0.022098340533877527,0.022098340533877527,0.022098340533877527,66.0623376204393,-16.115886033592858,-0.13571414748500032,-0.050309782578025874,0.017193641479952504,-0.04226372062234235,0.05316667687931397,0.06791846296282614,0.029883384704589844,False,DISABLED,none,MODEL_ORIGIN_FRAME_NOT_ESTABLISHED,nan,nan,nan,nan,nan,nan,nan,nan,nan,nan,nan,nan,nan,NOT_EVALUATED,nan,nan,nan,nan,DISABLED,nan,nan,nan,nan,nan,nan
1791471029.5841587,1791471029.6140866,1791471029.618925,1791471029.6189678,front_rgbd_red_sphere,True,True,True,,38.4,38.4,1791471029.6140866,1791471029.6133606,1791471029.5841587,1791471029.5841587,1791471029.5841587,0.0,1791471028.5921674,1791471029.5881684,1791471029.578822,1791471029.5881684,1791471029.5828218,1791471029.5921705,1791471028.5721602,1791471029.5881684,1791471028.5921674,1791471029.5921705,1791470991.1841586,GAZEBO_CLOCK_SYSTEM_INTERPOLATION,MAPPED_EXACT,0,38.4,1791471029.5841587,0.0021495819091796875,0.0,RGB,0.0,0,1,0,UNCALIBRATED,PREPARATION,MID,STRAIGHT,1.0,328,1.0,6.874817848205566,0.22394971549510956,nan,nan,False,0.0,0.0,0.0,0.0,0,0,0,0,0,0.0,0.0,0.0,0.0,0.0,0.0,0.0,0.0,0.0,0.0,0.0,0.0,0.0,0.0,6.703139123595473,-0.2855995187418632,-1.4998261703838143,0.0,0.0,0.0,0.0,0.0,0.0,0.0,0.0,0.0,0.0,0.0,False,DISABLED,0,nan,nan,nan,nan,nan,nan,nan,nan,nan,nan,nan,nan,nan,nan,nan,nan,nan,nan,nan,nan,nan,nan,nan,nan,nan,nan,nan,nan,nan,nan,nan,nan,nan,nan,66.17865134495945,-16.208332831235264,-0.17186760462041034,0.022126020448270143,0.022126020448270143,0.022126020448270143,66.22269752642444,-16.221799169267715,-0.13053229288105805,-0.04404618146499217,0.01346633803245112,-0.04133531173935229,0.046058749023950483,0.0618871259491075,0.029927968978881836,False,DISABLED,none,MODEL_ORIGIN_FRAME_NOT_ESTABLISHED,nan,nan,nan,nan,nan,nan,nan,nan,nan,nan,nan,nan,nan,NOT_EVALUATED,nan,nan,nan,nan,DISABLED,nan,nan,nan,nan,nan,nan
1791471029.6361558,1791471029.6536705,1791471029.6600788,1791471029.660098,front_rgbd_red_sphere,True,True,True,,38.452,38.452,1791471029.6536705,1791471029.6527035,1791471029.6361558,1791471029.6361558,1791471029.6361558,0.0,1791471028.6321578,1791471029.6521664,1791471029.642822,1791471029.6521664,1791471029.642822,1791471029.6521664,1791471028.6281607,1791471029.6521664,1791471028.6321578,1791471029.6521664,1791470991.184156,GAZEBO_CLOCK_SYSTEM_INTERPOLATION,MAPPED_EXACT,0,38.452,1791471029.6361558,0.0011839866638183594,0.0,RGB,0.0,0,1,0,UNCALIBRATED,PREPARATION,MID,TURNING,1.0,330,1.0,6.873507499694824,0.22598515450954437,nan,nan,False,0.0,0.0,0.0,0.0,0,0,0,0,0,0.0,0.0,0.0,0.0,0.0,0.0,0.0,0.0,0.0,0.0,0.0,0.0,0.0,0.0,6.6987404099486305,-0.29195227390331624,-1.5121982551008308,0.0,0.0,0.0,0.0,0.0,0.0,0.0,0.0,0.0,0.0,0.0,False,DISABLED,0,nan,nan,nan,nan,nan,nan,nan,nan,nan,nan,nan,nan,nan,nan,nan,nan,nan,nan,nan,nan,nan,nan,nan,nan,nan,nan,nan,nan,nan,nan,nan,nan,nan,nan,66.34616954212584,-16.317191172964257,-0.1643976588478599,0.02212212197703496,0.02212212197703496,0.02212212197703496,66.39679593150389,-16.335539011683267,-0.12406731031643087,-0.05062638937805275,0.018347838719009246,-0.04033034853142903,0.05384862567528523,0.06727712463968363,0.017514705657958984,False,DISABLED,none,MODEL_ORIGIN_FRAME_NOT_ESTABLISHED,nan,nan,nan,nan,nan,nan,nan,nan,nan,nan,nan,nan,nan,NOT_EVALUATED,nan,nan,nan,nan,DISABLED,nan,nan,nan,nan,nan,nan
1791471029.6841578,1791471029.7124028,1791471029.717558,1791471029.7176085,front_rgbd_red_sphere,True,True,True,,38.5,38.5,1791471029.7038047,1791471029.7124028,1791471029.6841578,1791471029.6841578,1791471029.6841578,0.0,1791471028.6721578,1791471029.6921644,1791471029.682822,1791471029.6921644,1791471029.682822,1791471029.6921644,1791471028.6681602,1791471029.6921644,1791471028.6721578,1791471029.6921644,1791470991.1841578,GAZEBO_CLOCK_SYSTEM_INTERPOLATION,MAPPED_EXACT,0,38.5,1791471029.6841578,0.0006418228149414062,0.0,RGB,0.0,0,1,0,UNCALIBRATED,PREPARATION,MID,TURNING,1.0,326,1.0,6.884263515472412,0.22668449580669403,nan,nan,False,0.0,0.0,0.0,0.0,0,0,0,0,0,0.0,0.0,0.0,0.0,0.0,0.0,0.0,0.0,0.0,0.0,0.0,0.0,0.0,0.0,6.708142912346901,-0.2997566726271188,-1.5179102321334366,0.0,0.0,0.0,0.0,0.0,0.0,0.0,0.0,0.0,0.0,0.0,False,DISABLED,0,nan,nan,nan,nan,nan,nan,nan,nan,nan,nan,nan,nan,nan,nan,nan,nan,nan,nan,nan,nan,nan,nan,nan,nan,nan,nan,nan,nan,nan,nan,nan,nan,nan,nan,66.5145423838976,-16.425530347432627,-0.1567583791767601,0.022154130627367746,0.022154130627367746,0.022154130627367746,66.55795229347338,-16.43971326827084,-0.1173876165140833,-0.04340990957577162,0.01418292083821271,-0.039370762662676806,0.04566810148100835,0.06029620589656121,0.028244972229003906,False,DISABLED,none,MODEL_ORIGIN_FRAME_NOT_ESTABLISHED,nan,nan,nan,nan,nan,nan,nan,nan,nan,nan,nan,nan,nan,NOT_EVALUATED,nan,nan,nan,nan,DISABLED,nan,nan,nan,nan,nan,nan
1791471029.7361584,1791471029.76505,1791471029.76888,1791471029.7688997,front_rgbd_red_sphere,True,True,True,,38.552,38.552,1791471029.76505,1791471029.7548096,1791471029.7361584,1791471029.7361584,1791471029.7361584,0.0,1791471028.752168,1791471029.7481687,1791471029.738822,1791471029.7481687,1791471029.742822,1791471029.7521725,1791471028.7321565,1791471029.7481687,1791471028.752168,1791471029.7521725,1791470991.1841583,GAZEBO_CLOCK_SYSTEM_INTERPOLATION,MAPPED_EXACT,0,38.552,1791471029.7361584,0.0012521743774414062,0.0,RGB,0.0,0,1,0,UNCALIBRATED,PREPARATION,MID,TURNING,1.0,327,1.0,6.883694648742676,0.228898286819458,nan,nan,False,0.0,0.0,0.0,0.0,0,0,0,0,0,0.0,0.0,0.0,0.0,0.0,0.0,0.0,0.0,0.0,0.0,0.0,0.0,0.0,0.0,6.7041470440816955,-0.3077395742376545,-1.5313265415916941,0.0,0.0,0.0,0.0,0.0,0.0,0.0,0.0,0.0,0.0,0.0,False,DISABLED,0,nan,nan,nan,nan,nan,nan,nan,nan,nan,nan,nan,nan,nan,nan,nan,nan,nan,nan,nan,nan,nan,nan,nan,nan,nan,nan,nan,nan,nan,nan,nan,nan,nan,nan,66.68331961403705,-16.53286033649637,-0.14840944219666857,0.022152436681663595,0.022152436681663595,0.022152436681663595,66.73334120103435,-16.551785475241093,-0.10936909301840944,-0.0500215869973033,0.01892513874472357,-0.03904034917825913,0.05348195997002933,0.06621532229171899,0.028891563415527344,False,DISABLED,none,MODEL_ORIGIN_FRAME_NOT_ESTABLISHED,nan,nan,nan,nan,nan,nan,nan,nan,nan,nan,nan,nan,nan,NOT_EVALUATED,nan,nan,nan,nan,DISABLED,nan,nan,nan,nan,nan,nan
1791471029.7841606,1791471029.810874,1791471029.8146827,1791471029.8147037,front_rgbd_red_sphere,True,True,True,,38.6,38.6,1791471029.810874,1791471029.7995744,1791471029.7841606,1791471029.7841606,1791471029.7841606,0.0,1791471028.788178,1791471029.7882338,1791471029.778822,1791471029.7882338,1791471029.782822,1791471029.7921772,1791471028.788178,1791471029.7882338,1791471028.772161,1791471029.7921772,1791470991.1841607,GAZEBO_CLOCK_SYSTEM_INTERPOLATION,MAPPED_EXACT,0,38.6,1791471029.7841606,0.003049612045288086,0.0,RGB,0.0,0,1,0,UNCALIBRATED,PREPARATION,MID,TURNING,1.0,328,1.0,6.895030975341797,0.22972816228866577,nan,nan,False,0.0,0.0,0.0,0.0,0,0,0,0,0,0.0,0.0,0.0,0.0,0.0,0.0,0.0,0.0,0.0,0.0,0.0,0.0,0.0,0.0,6.7138868133173055,-0.31699492361556736,-1.5377539734341088,0.0,0.0,0.0,0.0,0.0,0.0,0.0,0.0,0.0,0.0,0.0,False,DISABLED,0,nan,nan,nan,nan,nan,nan,nan,nan,nan,nan,nan,nan,nan,nan,nan,nan,nan,nan,nan,nan,nan,nan,nan,nan,nan,nan,nan,nan,nan,nan,nan,nan,nan,nan,66.85257169318422,-16.639396716501537,-0.13963943401829665,0.02218619413955692,0.02218619413955692,0.02218619413955692,66.89563986754824,-16.654335867205432,-0.1013423680241772,-0.04306817436402355,0.01493915070389562,-0.038297065994119445,0.045585588367417613,0.05953747668957411,0.02671337127685547,False,DISABLED,none,MODEL_ORIGIN_FRAME_NOT_ESTABLISHED,nan,nan,nan,nan,nan,nan,nan,nan,nan,nan,nan,nan,nan,NOT_EVALUATED,nan,nan,nan,nan,DISABLED,nan,nan,nan,nan,nan,nan
1791471029.8361592,1791471029.8530436,1791471029.8629568,1791471029.8629906,front_rgbd_red_sphere,True,True,True,,38.652,38.652,1791471029.8530436,1791471029.851775,1791471029.8361592,1791471029.8361592,1791471029.8361592,0.0,1791471028.83216,1791471029.8521698,1791471029.8428218,1791471029.8521698,1791471029.8428218,1791471029.8521698,1791471028.8281615,1791471029.8521698,1791471028.83216,1791471029.8521698,1791470991.1841593,GAZEBO_CLOCK_SYSTEM_INTERPOLATION,MAPPED_EXACT,0,38.652,1791471029.8361592,0.0015869140625,0.0,RGB,0.0,0,1,0,UNCALIBRATED,PREPARATION,MID,TURNING,1.0,323,1.0,6.89523458480835,0.23263972997665405,nan,nan,False,0.0,0.0,0.0,0.0,0,0,0,0,0,0.0,0.0,0.0,0.0,0.0,0.0,0.0,0.0,0.0,0.0,0.0,0.0,0.0,0.0,6.709485095775852,-0.3265182262371713,-1.555780564484131,0.0,0.0,0.0,0.0,0.0,0.0,0.0,0.0,0.0,0.0,0.0,False,DISABLED,0,nan,nan,nan,nan,nan,nan,nan,nan,nan,nan,nan,nan,nan,nan,nan,nan,nan,nan,nan,nan,nan,nan,nan,nan,nan,nan,nan,nan,nan,nan,nan,nan,nan,nan,67.02268289224645,-16.74494806358384,-0.1301584089502183,0.022186800812556858,0.022186800812556858,0.022186800812556858,67.07200473025084,-16.76442188265148,-0.09198448472316846,-0.049321838004388496,0.01947381906763823,-0.038173924227049835,0.053027099988687404,0.06533851715567773,0.016884326934814453,False,DISABLED,none,MODEL_ORIGIN_FRAME_NOT_ESTABLISHED,nan,nan,nan,nan,nan,nan,nan,nan,nan,nan,nan,nan,nan,NOT_EVALUATED,nan,nan,nan,nan,DISABLED,nan,nan,nan,nan,nan,nan
1791471029.8841567,1791471029.9020875,1791471029.9063709,1791471029.9063902,front_rgbd_red_sphere,True,True,True,,38.7,38.7,1791471029.9020875,1791471029.9009156,1791471029.8841567,1791471029.8841567,1791471029.8841567,0.0,1791471028.8721566,1791471029.8921702,1791471029.882822,1791471029.8921702,1791471029.882822,1791471029.8921702,1791471028.868163,1791471029.8921702,1791471028.8721566,1791471029.8921702,1791470991.1841567,GAZEBO_CLOCK_SYSTEM_INTERPOLATION,MAPPED_EXACT,0,38.7,1791471029.8841567,0.0022308826446533203,0.0,RGB,0.0,0,1,0,UNCALIBRATED,PREPARATION,MID,TURNING,1.0,325,1.0,6.907155990600586,0.23395730555057526,nan,nan,False,0.0,0.0,0.0,0.0,0,0,0,0,0,0.0,0.0,0.0,0.0,0.0,0.0,0.0,0.0,0.0,0.0,0.0,0.0,0.0,0.0,6.718981691824605,-0.3373874143553639,-1.5653308543794875,0.0,0.0,0.0,0.0,0.0,0.0,0.0,0.0,0.0,0.0,0.0,False,DISABLED,0,nan,nan,nan,nan,nan,nan,nan,nan,nan,nan,nan,nan,nan,nan,nan,nan,nan,nan,nan,nan,nan,nan,nan,nan,nan,nan,nan,nan,nan,nan,nan,nan,nan,nan,67.19331347162492,-16.849295299318488,-0.1202163155726294,0.022222330414731685,0.022222330414731685,0.022222330414731685,67.23548991282055,-16.865261619167864,-0.08280713469981735,-0.042176441195636016,0.01596631984937602,-0.03740918087281206,0.045097400828224256,0.05859370593362643,0.01793074607849121,False,DISABLED,none,MODEL_ORIGIN_FRAME_NOT_ESTABLISHED,nan,nan,nan,nan,nan,nan,nan,nan,nan,nan,nan,nan,nan,NOT_EVALUATED,nan,nan,nan,nan,DISABLED,nan,nan,nan,nan,nan,nan
1791471029.9361563,1791471029.9623137,1791471029.9665,1791471029.9665198,front_rgbd_red_sphere,True,True,True,,38.752,38.752,1791471029.9623137,1791471029.9512658,1791471029.9361563,1791471029.9361563,1791471029.9361563,0.0,1791471028.952183,1791471029.948174,1791471029.938822,1791471029.948174,1791471029.942822,1791471029.9521894,1791471028.932158,1791471029.948174,1791471028.952183,1791471029.9521894,1791470991.1841562,GAZEBO_CLOCK_SYSTEM_INTERPOLATION,MAPPED_EXACT,0,38.752,1791471029.9361563,0.0024330615997314453,0.0,RGB,0.0,0,1,0,UNCALIBRATED,PREPARATION,MID,TURNING,1.0,326,1.0,6.907858848571777,0.23696908354759216,nan,nan,False,0.0,0.0,0.0,0.0,0,0,0,0,0,0.0,0.0,0.0,0.0,0.0,0.0,0.0,0.0,0.0,0.0,0.0,0.0,0.0,0.0,6.714811669923132,-0.34810598881353094,-1.583869101815809,0.0,0.0,0.0,0.0,0.0,0.0,0.0,0.0,0.0,0.0,0.0,False,DISABLED,0,nan,nan,nan,nan,nan,nan,nan,nan,nan,nan,nan,nan,nan,nan,nan,nan,nan,nan,nan,nan,nan,nan,nan,nan,nan,nan,nan,nan,nan,nan,nan,nan,nan,nan,67.36468198290854,-16.95276744410524,-0.10997190808576635,0.022224425761109647,0.022224425761109647,0.022224425761109647,67.41309244758499,-16.973400135001956,-0.0723290397823876,-0.048410464676450715,0.020632690896714934,-0.03764286830337875,0.05262395864840715,0.06470136442096706,0.026157379150390625,False,DISABLED,none,MODEL_ORIGIN_FRAME_NOT_ESTABLISHED,nan,nan,nan,nan,nan,nan,nan,nan,nan,nan,nan,nan,nan,NOT_EVALUATED,nan,nan,nan,nan,DISABLED,nan,nan,nan,nan,nan,nan
1791471029.9841595,1791471030.0111547,1791471030.0142848,1791471030.0143042,front_rgbd_red_sphere,True,True,True,,38.8,38.8,1791471030.0111547,1791471029.9997559,1791471029.9841595,1791471029.9841595,1791471029.9841595,0.0,1791471028.992163,1791471029.988188,1791471029.978822,1791471029.988188,1791471029.982822,1791471029.9921672,1791471028.9881656,1791471029.988188,1791471028.992163,1791471029.9921672,1791470991.1841595,GAZEBO_CLOCK_SYSTEM_INTERPOLATION,MAPPED_EXACT,0,38.8,1791471029.9841595,0.0032122135162353516,0.0,RGB,0.0,0,1,0,UNCALIBRATED,PREPARATION,MID,TURNING,1.0,327,1.0,6.920339584350586,0.23850569128990173,nan,nan,False,0.0,0.0,0.0,0.0,0,0,0,0,0,0.0,0.0,0.0,0.0,0.0,0.0,0.0,0.0,0.0,0.0,0.0,0.0,0.0,0.0,6.724439299057997,-0.3599065020377079,-1.594830410230644,0.0,0.0,0.0,0.0,0.0,0.0,0.0,0.0,0.0,0.0,0.0,False,DISABLED,0,nan,nan,nan,nan,nan,nan,nan,nan,nan,nan,nan,nan,nan,nan,nan,nan,nan,nan,nan,nan,nan,nan,nan,nan,nan,nan,nan,nan,nan,nan,nan,nan,nan,nan,67.5368531733832,-17.05480910149241,-0.09943833930694973,0.022261653471717834,0.022261653471717834,0.022261653471717834,67.57761956501939,-17.07232156880722,-0.062237200874372546,-0.040766391636196886,0.017512467314809044,-0.037201138432577184,0.04436874123172798,0.05790086268068732,0.026995182037353516,False,DISABLED,none,MODEL_ORIGIN_FRAME_NOT_ESTABLISHED,nan,nan,nan,nan,nan,nan,nan,nan,nan,nan,nan,nan,nan,NOT_EVALUATED,nan,nan,nan,nan,DISABLED,nan,nan,nan,nan,nan,nan
1791471030.0361612,1791471030.0647523,1791471030.0696592,1791471030.0696914,front_rgbd_red_sphere,True,True,True,,38.852,38.852,1791471030.0647523,1791471030.063676,1791471030.0361612,1791471030.0361612,1791471030.0361612,0.0,1791471029.0521655,1791471030.0521677,1791471030.042822,1791471030.0521677,1791471030.042822,1791471030.0521677,1791471029.0521655,1791471030.0521677,1791471029.0521655,1791471030.0521677,1791470991.1841612,GAZEBO_CLOCK_SYSTEM_INTERPOLATION,MAPPED_EXACT,0,38.852,1791471030.0361612,0.0009093284606933594,0.0,RGB,0.0,0,1,0,UNCALIBRATED,PREPARATION,MID,TURNING,1.0,327,1.0,6.921550273895264,0.24235276877880096,nan,nan,False,0.0,0.0,0.0,0.0,0,0,0,0,0,0.0,0.0,0.0,0.0,0.0,0.0,0.0,0.0,0.0,0.0,0.0,0.0,0.0,0.0,6.719275001612934,-0.3714122662422863,-1.619028588682534,0.0,0.0,0.0,0.0,0.0,0.0,0.0,0.0,0.0,0.0,0.0,False,DISABLED,0,nan,nan,nan,nan,nan,nan,nan,nan,nan,nan,nan,nan,nan,nan,nan,nan,nan,nan,nan,nan,nan,nan,nan,nan,nan,nan,nan,nan,nan,nan,nan,nan,nan,nan,67.70938803726729,-17.15570245449625,-0.0883160367009212,0.02226526604113626,0.02226526604113626,0.02226526604113626,67.7565535156346,-17.178435325646408,-0.05089309661635133,-0.04716547836730456,0.022732871150157763,-0.03742294008456987,0.0523580536340528,0.0643571458730082,0.028591156005859375,False,DISABLED,none,MODEL_ORIGIN_FRAME_NOT_ESTABLISHED,nan,nan,nan,nan,nan,nan,nan,nan,nan,nan,nan,nan,nan,NOT_EVALUATED,nan,nan,nan,nan,DISABLED,nan,nan,nan,nan,nan,nan
1791471030.084158,1791471030.09967,1791471030.1042275,1791471030.104251,front_rgbd_red_sphere,True,True,True,,38.9,38.9,1791471030.09967,1791471030.0990844,1791471030.084158,1791471030.084158,1791471030.084158,0.0,1791471029.0721617,1791471030.0921633,1791471030.0828218,1791471030.0921633,1791471030.0828218,1791471030.0921633,1791471029.0681694,1791471030.0921633,1791471029.0721617,1791471030.0921633,1791470991.1841578,GAZEBO_CLOCK_SYSTEM_INTERPOLATION,MAPPED_EXACT,0,38.9,1791471030.084158,0.0037674903869628906,0.0,RGB,0.0,0,1,0,UNCALIBRATED,PREPARATION,MID,TURNING,1.0,325,1.0,6.934154987335205,0.24456483125686646,nan,nan,False,0.0,0.0,0.0,0.0,0,0,0,0,0,0.0,0.0,0.0,0.0,0.0,0.0,0.0,0.0,0.0,0.0,0.0,0.0,0.0,0.0,6.727814033105171,-0.3838088859039779,-1.6345387701764302,0.0,0.0,0.0,0.0,0.0,0.0,0.0,0.0,0.0,0.0,0.0,False,DISABLED,0,nan,nan,nan,nan,nan,nan,nan,nan,nan,nan,nan,nan,nan,nan,nan,nan,nan,nan,nan,nan,nan,nan,nan,nan,nan,nan,nan,nan,nan,nan,nan,nan,nan,nan,67.88255122563801,-17.255929772100128,-0.07731571512315577,0.02230289906298308,0.02230289906298308,0.02230289906298308,67.92234573288151,-17.27544402176108,-0.040123231642595555,-0.03979450724349931,0.01951424966095061,-0.037192483480560215,0.04432165099116717,0.05785922203101745,0.01551198959350586,False,DISABLED,none,MODEL_ORIGIN_FRAME_NOT_ESTABLISHED,nan,nan,nan,nan,nan,nan,nan,nan,nan,nan,nan,nan,nan,NOT_EVALUATED,nan,nan,nan,nan,DISABLED,nan,nan,nan,nan,nan,nan
1791471030.136161,1791471030.152971,1791471030.1653357,1791471030.1653976,front_rgbd_red_sphere,True,True,True,,38.952,38.952,1791471030.152971,1791471030.1518822,1791471030.136161,1791471030.136161,1791471030.136161,0.0,1791471029.1321602,1791471030.1481805,1791471030.1388218,1791471030.1481805,1791471030.142822,1791471030.1521726,1791471029.1321602,1791471030.1481805,1791471029.1321602,1791471030.1521726,1791470991.1841612,GAZEBO_CLOCK_SYSTEM_INTERPOLATION,MAPPED_EXACT,0,38.952,1791471030.136161,0.002691507339477539,0.0,RGB,0.0,0,1,0,UNCALIBRATED,PREPARATION,MID,TURNING,1.0,322,1.0,6.93585729598999,0.24806347489356995,nan,nan,False,0.0,0.0,0.0,0.0,0,0,0,0,0,0.0,0.0,0.0,0.0,0.0,0.0,0.0,0.0,0.0,0.0,0.0,0.0,0.0,0.0,6.723548745422602,-0.39593535697906823,-1.6562743600583172,0.0,0.0,0.0,0.0,0.0,0.0,0.0,0.0,0.0,0.0,0.0,False,DISABLED,0,nan,nan,nan,nan,nan,nan,nan,nan,nan,nan,nan,nan,nan,nan,nan,nan,nan,nan,nan,nan,nan,nan,nan,nan,nan,nan,nan,nan,nan,nan,nan,nan,nan,nan,68.05695312594835,-17.35564321194235,-0.06580718799880086,0.02230798350276615,0.02230798350276615,0.02230798350276615,68.10250410220155,-17.3793283664206,-0.02820129134167815,-0.04555097625319604,0.023685154478251036,-0.03760589665712272,0.05134080229483996,0.06364025018542933,0.016809940338134766,False,DISABLED,none,MODEL_ORIGIN_FRAME_NOT_ESTABLISHED,nan,nan,nan,nan,nan,nan,nan,nan,nan,nan,nan,nan,nan,NOT_EVALUATED,nan,nan,nan,nan,DISABLED,nan,nan,nan,nan,nan,nan
1791471030.1841593,1791471030.2098405,1791471030.2132428,1791471030.2132633,front_rgbd_red_sphere,True,True,True,,39.0,39.0,1791471030.2098405,1791471030.209089,1791471030.1841593,1791471030.1841593,1791471030.1841593,0.0,1791471029.188164,1791471030.1881678,1791471030.1788218,1791471030.1881678,1791471030.182822,1791471030.1921651,1791471029.188164,1791471030.1881678,1791471029.1721618,1791471030.1921651,1791470991.1841593,GAZEBO_CLOCK_SYSTEM_INTERPOLATION,MAPPED_EXACT,0,39.0,1791471030.1841593,0.001967191696166992,0.0,RGB,0.0,0,1,0,UNCALIBRATED,PREPARATION,MID,TURNING,1.0,327,1.0,6.948617458343506,0.24950619041919708,nan,nan,False,0.0,0.0,0.0,0.0,0,0,0,0,0,0.0,0.0,0.0,0.0,0.0,0.0,0.0,0.0,0.0,0.0,0.0,0.0,0.0,0.0,6.733449647517431,-0.40898668146491346,-1.6663334238360399,0.0,0.0,0.0,0.0,0.0,0.0,0.0,0.0,0.0,0.0,0.0,False,DISABLED,0,nan,nan,nan,nan,nan,nan,nan,nan,nan,nan,nan,nan,nan,nan,nan,nan,nan,nan,nan,nan,nan,nan,nan,nan,nan,nan,nan,nan,nan,nan,nan,nan,nan,nan,68.23179242978895,-17.454373215824212,-0.0542832039328251,0.022346115694192186,0.022346115694192186,0.022346115694192186,68.26933494497767,-17.474162629057094,-0.017035904338271228,-0.03754251518871854,0.01978941323288197,-0.03724729959455387,0.04243891283712303,0.05646611948667431,0.025681257247924805,False,DISABLED,none,MODEL_ORIGIN_FRAME_NOT_ESTABLISHED,nan,nan,nan,nan,nan,nan,nan,nan,nan,nan,nan,nan,nan,NOT_EVALUATED,nan,nan,nan,nan,DISABLED,nan,nan,nan,nan,nan,nan
1791471030.2361622,1791471030.254714,1791471030.2617,1791471030.2617195,front_rgbd_red_sphere,True,True,True,,39.052,39.052,1791471030.254714,1791471030.2530866,1791471030.2361622,1791471030.2361622,1791471030.2361622,0.0,1791471029.2521727,1791471030.2522275,1791471030.242822,1791471030.2522275,1791471030.242822,1791471030.2522275,1791471029.2521727,1791471030.2522275,1791471029.2521727,1791471030.2522275,1791470991.1841621,GAZEBO_CLOCK_SYSTEM_INTERPOLATION,MAPPED_EXACT,0,39.052,1791471030.2361622,0.0012836456298828125,0.0,RGB,0.0,0,1,0,UNCALIBRATED,PREPARATION,MID,TURNING,1.0,327,1.0,6.950313568115234,0.2530580759048462,nan,nan,False,0.0,0.0,0.0,0.0,0,0,0,0,0,0.0,0.0,0.0,0.0,0.0,0.0,0.0,0.0,0.0,0.0,0.0,0.0,0.0,0.0,6.728954956736641,-0.42170281874854787,-1.6882498225191007,0.0,0.0,0.0,0.0,0.0,0.0,0.0,0.0,0.0,0.0,0.0,False,DISABLED,0,nan,nan,nan,nan,nan,nan,nan,nan,nan,nan,nan,nan,nan,nan,nan,nan,nan,nan,nan,nan,nan,nan,nan,nan,nan,nan,nan,nan,nan,nan,nan,nan,nan,nan,68.40707199145693,-17.5516643516,-0.04210119999831624,0.022351186899899612,0.022351186899899612,0.022351186899899612,68.45084426674381,-17.57574336201967,-0.004823774882559057,-0.043772275286883655,0.02407901041966909,-0.037277425115757185,0.04995809070191993,0.0623331151944305,0.01855182647705078,False,DISABLED,none,MODEL_ORIGIN_FRAME_NOT_ESTABLISHED,nan,nan,nan,nan,nan,nan,nan,nan,nan,nan,nan,nan,nan,NOT_EVALUATED,nan,nan,nan,nan,DISABLED,nan,nan,nan,nan,nan,nan
1791471030.2841568,1791471030.3059714,1791471030.3102028,1791471030.3102212,front_rgbd_red_sphere,True,True,True,,39.1,39.1,1791471030.3059714,1791471030.3036995,1791471030.2841568,1791471030.2841568,1791471030.2841568,0.0,1791471029.2721605,1791471030.2921684,1791471030.282822,1791471030.2921684,1791471030.282822,1791471030.2921684,1791471029.268162,1791471030.2921684,1791471029.2721605,1791471030.2921684,1791470991.184157,GAZEBO_CLOCK_SYSTEM_INTERPOLATION,MAPPED_EXACT,0,39.1,1791471030.2841568,0.0021736621856689453,0.0,RGB,0.0,0,1,0,UNCALIBRATED,PREPARATION,MID,TURNING,1.0,324,1.0,6.963204383850098,0.25540444254875183,nan,nan,False,0.0,0.0,0.0,0.0,0,0,0,0,0,0.0,0.0,0.0,0.0,0.0,0.0,0.0,0.0,0.0,0.0,0.0,0.0,0.0,0.0,6.73732658080988,-0.4354667846484297,-1.704411145526624,0.0,0.0,0.0,0.0,0.0,0.0,0.0,0.0,0.0,0.0,0.0,False,DISABLED,0,nan,nan,nan,nan,nan,nan,nan,nan,nan,nan,nan,nan,nan,nan,nan,nan,nan,nan,nan,nan,nan,nan,nan,nan,nan,nan,nan,nan,nan,nan,nan,nan,nan,nan,68.58285687945495,-17.64778437332468,-0.03014781803024652,0.02238974915330406,0.02238974915330406,0.02238974915330406,68.6189794059881,-17.668413466255625,0.006477733000071845,-0.0361225265331484,0.020629092930946058,-0.036625551030318365,0.041598033586836995,0.05542406865763351,0.021814584732055664,False,DISABLED,none,MODEL_ORIGIN_FRAME_NOT_ESTABLISHED,nan,nan,nan,nan,nan,nan,nan,nan,nan,nan,nan,nan,nan,NOT_EVALUATED,nan,nan,nan,nan,DISABLED,nan,nan,nan,nan,nan,nan
1791471030.336158,1791471030.3592565,1791471030.3627944,1791471030.3628151,front_rgbd_red_sphere,True,True,True,,39.152,39.152,1791471030.3592565,1791471030.3565333,1791471030.336158,1791471030.336158,1791471030.336158,0.0,1791471029.3481748,1791471030.3481786,1791471030.338822,1791471030.3481786,1791471030.3428218,1791471030.352176,1791471029.3481748,1791471030.3481786,1791471029.3321579,1791471030.352176,1791470991.184158,GAZEBO_CLOCK_SYSTEM_INTERPOLATION,MAPPED_EXACT,0,39.152,1791471030.336158,0.0033004283905029297,0.0,RGB,0.0,0,1,0,UNCALIBRATED,PREPARATION,MID,TURNING,1.0,324,1.0,6.964748859405518,0.25907206535339355,nan,nan,False,0.0,0.0,0.0,0.0,0,0,0,0,0,0.0,0.0,0.0,0.0,0.0,0.0,0.0,0.0,0.0,0.0,0.0,0.0,0.0,0.0,6.732322115233199,-0.449036941765506,-1.7268272052660958,0.0,0.0,0.0,0.0,0.0,0.0,0.0,0.0,0.0,0.0,0.0,False,DISABLED,0,nan,nan,nan,nan,nan,nan,nan,nan,nan,nan,nan,nan,nan,nan,nan,nan,nan,nan,nan,nan,nan,nan,nan,nan,nan,nan,nan,nan,nan,nan,nan,nan,nan,nan,68.75979715542975,-17.74260631986845,-0.018273571012853596,0.022394371005930287,0.022394371005930287,0.022394371005930287,68.80182503888331,-17.76752305678703,0.018675994052017992,-0.04202788345355657,0.02491673691858054,-0.036949565064871584,0.04885884532257684,0.06125730262375799,0.023098468780517578,False,DISABLED,none,MODEL_ORIGIN_FRAME_NOT_ESTABLISHED,nan,nan,nan,nan,nan,nan,nan,nan,nan,nan,nan,nan,nan,NOT_EVALUATED,nan,nan,nan,nan,DISABLED,nan,nan,nan,nan,nan,nan
1791471030.3841658,1791471030.4032915,1791471030.408564,1791471030.4086034,front_rgbd_red_sphere,True,True,True,,39.2,39.2,1791471030.4032915,1791471030.4017937,1791471030.3841658,1791471030.3841658,1791471030.3841658,0.0,1791471029.3881693,1791471030.388177,1791471030.3788218,1791471030.388177,1791471030.382822,1791471030.392172,1791471029.3881693,1791471030.388177,1791471029.3721583,1791471030.392172,1791470991.1841657,GAZEBO_CLOCK_SYSTEM_INTERPOLATION,MAPPED_EXACT,0,39.2,1791471030.3841658,0.003408193588256836,0.0,RGB,0.0,0,1,0,UNCALIBRATED,PREPARATION,MID,TURNING,1.0,324,1.0,6.977588176727295,0.26073500514030457,nan,nan,False,0.0,0.0,0.0,0.0,0,0,0,0,0,0.0,0.0,0.0,0.0,0.0,0.0,0.0,0.0,0.0,0.0,0.0,0.0,0.0,0.0,6.74175108964718,-0.4638172197269199,-1.7379307702241196,0.0,0.0,0.0,0.0,0.0,0.0,0.0,0.0,0.0,0.0,0.0,False,DISABLED,0,nan,nan,nan,nan,nan,nan,nan,nan,nan,nan,nan,nan,nan,nan,nan,nan,nan,nan,nan,nan,nan,nan,nan,nan,nan,nan,nan,nan,nan,nan,nan,nan,nan,nan,68.9377392597065,-17.836314848809867,-0.006693981525597026,0.022432814923622816,0.022432814923622816,0.022432814923622816,68.9711978875141,-17.857843349395004,0.029828826640471897,-0.033458627807590346,0.021528500585137778,-0.036522808166068926,0.03978638098911656,0.054008070031677735,0.019125699996948242,False,DISABLED,none,MODEL_ORIGIN_FRAME_NOT_ESTABLISHED,nan,nan,nan,nan,nan,nan,nan,nan,nan,nan,nan,nan,nan,NOT_EVALUATED,nan,nan,nan,nan,DISABLED,nan,nan,nan,nan,nan,nan
1791471030.4361615,1791471030.465638,1791471030.4688866,1791471030.468905,front_rgbd_red_sphere,True,True,True,,39.252,39.252,1791471030.465638,1791471030.455754,1791471030.4361615,1791471030.4361615,1791471030.4361615,0.0,1791471029.4521601,1791471030.4521737,1791471030.442822,1791471030.4521737,1791471030.442822,1791471030.4521737,1791471029.4521601,1791471030.4521737,1791471029.4521601,1791471030.4521737,1791470991.1841614,GAZEBO_CLOCK_SYSTEM_INTERPOLATION,MAPPED_EXACT,0,39.252,1791471030.4361615,0.0016803741455078125,0.0,RGB,0.0,0,1,0,UNCALIBRATED,PREPARATION,MID,TURNING,1.0,322,1.0,6.978957653045654,0.2642064094543457,nan,nan,False,0.0,0.0,0.0,0.0,0,0,0,0,0,0.0,0.0,0.0,0.0,0.0,0.0,0.0,0.0,0.0,0.0,0.0,0.0,0.0,0.0,6.736788376568387,-0.4780375330455069,-1.7586971084661958,0.0,0.0,0.0,0.0,0.0,0.0,0.0,0.0,0.0,0.0,0.0,False,DISABLED,0,nan,nan,nan,nan,nan,nan,nan,nan,nan,nan,nan,nan,nan,nan,nan,nan,nan,nan,nan,nan,nan,nan,nan,nan,nan,nan,nan,nan,nan,nan,nan,nan,nan,nan,69.11646788582419,-17.928399968142948,0.004702820268889296,0.02243691790467158,0.02243691790467158,0.02243691790467158,69.15549280854664,-17.954378394984374,0.041718230378083344,-0.039024922722447286,0.025978426841426483,-0.03701541010919405,0.046880947672250935,0.05973243541159322,0.029476404190063477,False,DISABLED,none,MODEL_ORIGIN_FRAME_NOT_ESTABLISHED,nan,nan,nan,nan,nan,nan,nan,nan,nan,nan,nan,nan,nan,NOT_EVALUATED,nan,nan,nan,nan,DISABLED,nan,nan,nan,nan,nan,nan
1791471030.4841592,1791471030.5018759,1791471030.5067518,1791471030.5067725,front_rgbd_red_sphere,True,True,True,,39.3,39.3,1791471030.5018759,1791471030.499966,1791471030.4841592,1791471030.4841592,1791471030.4841592,0.0,1791471029.472157,1791471030.4921663,1791471030.482822,1791471030.4921663,1791471030.482822,1791471030.4921663,1791471029.4681714,1791471030.4921663,1791471029.472157,1791471030.4921663,1791470991.1841593,GAZEBO_CLOCK_SYSTEM_INTERPOLATION,MAPPED_EXACT,0,39.3,1791471030.4841592,0.002192258834838867,0.0,RGB,0.0,0,1,0,UNCALIBRATED,PREPARATION,MID,TURNING,1.0,328,1.0,6.991310119628906,0.2660960257053375,nan,nan,False,0.0,0.0,0.0,0.0,0,0,0,0,0,0.0,0.0,0.0,0.0,0.0,0.0,0.0,0.0,0.0,0.0,0.0,0.0,0.0,0.0,6.745250205234497,-0.4935353135063085,-1.771000581414767,0.0,0.0,0.0,0.0,0.0,0.0,0.0,0.0,0.0,0.0,0.0,False,DISABLED,0,nan,nan,nan,nan,nan,nan,nan,nan,nan,nan,nan,nan,nan,nan,nan,nan,nan,nan,nan,nan,nan,nan,nan,nan,nan,nan,nan,nan,nan,nan,nan,nan,nan,nan,69.2957241290329,-18.018966099597883,0.015800549904537553,0.0224739386194957,0.0224739386194957,0.0224739386194957,69.32624790068708,-18.04226386627608,0.05245453766443366,-0.03052377165417397,0.023297766678197718,-0.03665398775989611,0.03839904384470913,0.053084850822909056,0.017716646194458008,False,DISABLED,none,MODEL_ORIGIN_FRAME_NOT_ESTABLISHED,nan,nan,nan,nan,nan,nan,nan,nan,nan,nan,nan,nan,nan,NOT_EVALUATED,nan,nan,nan,nan,DISABLED,nan,nan,nan,nan,nan,nan
1791471030.5361674,1791471030.556189,1791471030.5615733,1791471030.5615942,front_rgbd_red_sphere,True,True,True,,39.352,39.352,1791471030.556189,1791471030.5553353,1791471030.5361674,1791471030.5361674,1791471030.5361674,0.0,1791471029.5521686,1791471030.5481737,1791471030.538822,1791471030.5481737,1791471030.542822,1791471030.5521727,1791471029.5481691,1791471030.5481737,1791471029.5521686,1791471030.5521727,1791470991.1841674,GAZEBO_CLOCK_SYSTEM_INTERPOLATION,MAPPED_EXACT,0,39.352,1791471030.5361674,0.0021848678588867188,0.0,RGB,0.0,0,1,0,UNCALIBRATED,PREPARATION,MID,TURNING,1.0,330,1.0,6.992522239685059,0.2694389522075653,nan,nan,False,0.0,0.0,0.0,0.0,0,0,0,0,0,0.0,0.0,0.0,0.0,0.0,0.0,0.0,0.0,0.0,0.0,0.0,0.0,0.0,0.0,6.740234956577518,-0.5083621454062417,-1.7905782028241886,0.0,0.0,0.0,0.0,0.0,0.0,0.0,0.0,0.0,0.0,0.0,False,DISABLED,0,nan,nan,nan,nan,nan,nan,nan,nan,nan,nan,nan,nan,nan,nan,nan,nan,nan,nan,nan,nan,nan,nan,nan,nan,nan,nan,nan,nan,nan,nan,nan,nan,nan,nan,69.47613500391932,-18.10829684908095,0.026874196547516382,0.022477572818611142,0.022477572818611142,0.022477572818611142,69.51190374060917,-18.13600017337562,0.06373432326762557,-0.03576873668984604,0.02770332429467004,-0.03686012672010919,0.04524242147988095,0.05835705307146429,0.020021677017211914,False,DISABLED,none,MODEL_ORIGIN_FRAME_NOT_ESTABLISHED,nan,nan,nan,nan,nan,nan,nan,nan,nan,nan,nan,nan,nan,NOT_EVALUATED,nan,nan,nan,nan,DISABLED,nan,nan,nan,nan,nan,nan
1791471030.5841622,1791471030.611271,1791471030.6166558,1791471030.6166759,front_rgbd_red_sphere,True,True,True,,39.4,39.4,1791471030.6034396,1791471030.611271,1791471030.5841622,1791471030.5841622,1791471030.5841622,0.0,1791471029.5921705,1791471030.5881753,1791471030.578852,1791471030.5881753,1791471030.582852,1791471030.5921822,1791471029.5881684,1791471030.5881753,1791471029.5921705,1791471030.5921822,1791470991.1841621,GAZEBO_CLOCK_SYSTEM_INTERPOLATION,MAPPED_EXACT,0,39.4,1791471030.5841622,0.0035440921783447266,0.0,RGB,0.0,0,1,0,UNCALIBRATED,PREPARATION,MID,TURNING,1.0,327,1.0,7.004406929016113,0.27067700028419495,nan,nan,False,0.0,0.0,0.0,0.0,0,0,0,0,0,0.0,0.0,0.0,0.0,0.0,0.0,0.0,0.0,0.0,0.0,0.0,0.0,0.0,0.0,6.749377332882041,-0.5242251590185685,-1.7980024356924806,0.0,0.0,0.0,0.0,0.0,0.0,0.0,0.0,0.0,0.0,0.0,False,DISABLED,0,nan,nan,nan,nan,nan,nan,nan,nan,nan,nan,nan,nan,nan,nan,nan,nan,nan,nan,nan,nan,nan,nan,nan,nan,nan,nan,nan,nan,nan,nan,nan,nan,nan,nan,69.65715742924839,-18.196504693567768,0.037404788982740966,0.02251322331405657,0.02251322331405657,0.02251322331405657,69.68398317438486,-18.221254730444212,0.07378431396995408,-0.026825745136477508,0.02475003687644417,-0.03637952498721311,0.03649910858517771,0.05153304537680513,0.02710866928100586,False,DISABLED,none,MODEL_ORIGIN_FRAME_NOT_ESTABLISHED,nan,nan,nan,nan,nan,nan,nan,nan,nan,nan,nan,nan,nan,NOT_EVALUATED,nan,nan,nan,nan,DISABLED,nan,nan,nan,nan,nan,nan
1791471030.6361706,1791471030.6640072,1791471030.6702554,1791471030.6702921,front_rgbd_red_sphere,True,True,True,,39.452,39.452,1791471030.6640072,1791471030.6543684,1791471030.6361706,1791471030.6361706,1791471030.6361706,0.0,1791471029.6521664,1791471030.6521764,1791471030.6428518,1791471030.6521764,1791471030.6428518,1791471030.6521764,1791471029.6521664,1791471030.6521764,1791471029.6521664,1791471030.6521764,1791470991.1841707,GAZEBO_CLOCK_SYSTEM_INTERPOLATION,MAPPED_EXACT,0,39.452,1791471030.6361706,0.00031375885009765625,0.0,RGB,0.0,0,1,0,UNCALIBRATED,PREPARATION,MID,TURNING,1.0,326,1.0,7.00492525100708,0.2735779881477356,nan,nan,False,0.0,0.0,0.0,0.0,0,0,0,0,0,0.0,0.0,0.0,0.0,0.0,0.0,0.0,0.0,0.0,0.0,0.0,0.0,0.0,0.0,6.744414800445293,-0.5397272604465417,-1.8139855429001166,0.0,0.0,0.0,0.0,0.0,0.0,0.0,0.0,0.0,0.0,0.0,False,DISABLED,0,nan,nan,nan,nan,nan,nan,nan,nan,nan,nan,nan,nan,nan,nan,nan,nan,nan,nan,nan,nan,nan,nan,nan,nan,nan,nan,nan,nan,nan,nan,nan,nan,nan,nan,69.83895315913308,-18.28314440302728,0.047828916482823,0.022514778670172812,0.022514778670172812,0.022514778670172812,69.87112924780429,-18.31207165312512,0.08418273380099896,-0.032176088671207026,0.028927250097840584,-0.036353817318175954,0.043267614683506594,0.05651271108346958,0.02783656120300293,False,DISABLED,none,MODEL_ORIGIN_FRAME_NOT_ESTABLISHED,nan,nan,nan,nan,nan,nan,nan,nan,nan,nan,nan,nan,nan,NOT_EVALUATED,nan,nan,nan,nan,DISABLED,nan,nan,nan,nan,nan,nan
1791471030.684159,1791471030.701875,1791471030.7067661,1791471030.7067993,front_rgbd_red_sphere,True,True,True,,39.5,39.5,1791471030.701875,1791471030.7007678,1791471030.684159,1791471030.684159,1791471030.684159,0.0,1791471029.6921644,1791471030.6921697,1791471030.682852,1791471030.6921697,1791471030.682852,1791471030.6921697,1791471029.6921644,1791471030.6921697,1791471029.6921644,1791471030.6921697,1791470991.184159,GAZEBO_CLOCK_SYSTEM_INTERPOLATION,MAPPED_EXACT,0,39.5,1791471030.684159,0.0020051002502441406,0.0,RGB,0.0,0,1,0,UNCALIBRATED,PREPARATION,MID,TURNING,1.0,326,1.0,7.016417980194092,0.2751230001449585,nan,nan,False,0.0,0.0,0.0,0.0,0,0,0,0,0,0.0,0.0,0.0,0.0,0.0,0.0,0.0,0.0,0.0,0.0,0.0,0.0,0.0,0.0,6.752543086763895,-0.5565317739576958,-1.82306215890602,0.0,0.0,0.0,0.0,0.0,0.0,0.0,0.0,0.0,0.0,0.0,False,DISABLED,0,nan,nan,nan,nan,nan,nan,nan,nan,nan,nan,nan,nan,nan,nan,nan,nan,nan,nan,nan,nan,nan,nan,nan,nan,nan,nan,nan,nan,nan,nan,nan,nan,nan,nan,70.02111255292445,-18.368367559108247,0.05763063324990286,0.022549280920516675,0.022549280920516675,0.022549280920516675,70.04448027480299,-18.394494002766848,0.09329485663600903,-0.02336772187854308,0.026126443658601062,-0.03566422338610617,0.035051982597835984,0.05000578280332264,0.017715930938720703,False,DISABLED,none,MODEL_ORIGIN_FRAME_NOT_ESTABLISHED,nan,nan,nan,nan,nan,nan,nan,nan,nan,nan,nan,nan,nan,NOT_EVALUATED,nan,nan,nan,nan,DISABLED,nan,nan,nan,nan,nan,nan
1791471030.736187,1791471030.7690985,1791471030.7737577,1791471030.7737772,front_rgbd_red_sphere,True,True,True,,39.552,39.552,1791471030.7605152,1791471030.7690985,1791471030.736187,1791471030.736187,1791471030.736187,0.0,1791471029.7521725,1791471030.7481844,1791471030.738852,1791471030.7481844,1791471030.742852,1791471030.7521856,1791471029.7481687,1791471030.7481844,1791471029.7521725,1791471030.7521856,1791470991.184187,GAZEBO_CLOCK_SYSTEM_INTERPOLATION,MAPPED_EXACT,0,39.552,1791471030.736187,0.0013964176177978516,0.0,RGB,0.0,0,1,0,UNCALIBRATED,PREPARATION,MID,TURNING,1.0,322,1.0,7.016234874725342,0.27776220440864563,nan,nan,False,0.0,0.0,0.0,0.0,0,0,0,0,0,0.0,0.0,0.0,0.0,0.0,0.0,0.0,0.0,0.0,0.0,0.0,0.0,0.0,0.0,6.747312762300095,-0.5726954122647445,-1.8366657876692267,0.0,0.0,0.0,0.0,0.0,0.0,0.0,0.0,0.0,0.0,0.0,False,DISABLED,0,nan,nan,nan,nan,nan,nan,nan,nan,nan,nan,nan,nan,nan,nan,nan,nan,nan,nan,nan,nan,nan,nan,nan,nan,nan,nan,nan,nan,nan,nan,nan,nan,nan,nan,70.20431457889823,-18.452103498080007,0.06674113497831874,0.02254873075567253,0.02254873075567253,0.02254873075567253,70.23314053253499,-18.48220356650383,0.10255495562969677,-0.028825953636754775,0.030100068423823956,-0.03581382065137803,0.041676728784625354,0.054950700376212594,0.03291153907775879,False,DISABLED,none,MODEL_ORIGIN_FRAME_NOT_ESTABLISHED,nan,nan,nan,nan,nan,nan,nan,nan,nan,nan,nan,nan,nan,NOT_EVALUATED,nan,nan,nan,nan,DISABLED,nan,nan,nan,nan,nan,nan
1791471030.7841644,1791471030.8017771,1791471030.806338,1791471030.80636,front_rgbd_red_sphere,True,True,True,,39.6,39.6,1791471030.8017771,1791471030.8003867,1791471030.7841644,1791471030.7841644,1791471030.7841644,0.0,1791471029.7721632,1791471030.7881777,1791471030.778852,1791471030.7881777,1791471030.782852,1791471030.7921731,1791471029.7721632,1791471030.7881777,1791471029.7721632,1791471030.7921731,1791470991.1841645,GAZEBO_CLOCK_SYSTEM_INTERPOLATION,MAPPED_EXACT,0,39.6,1791471030.7841644,0.002104043960571289,0.0,RGB,0.0,0,1,0,UNCALIBRATED,PREPARATION,MID,TURNING,1.0,327,1.0,7.02692174911499,0.2781282067298889,nan,nan,False,0.0,0.0,0.0,0.0,0,0,0,0,0,0.0,0.0,0.0,0.0,0.0,0.0,0.0,0.0,0.0,0.0,0.0,0.0,0.0,0.0,6.7568844817200056,-0.5906157522074214,-1.8366586217541947,0.0,0.0,0.0,0.0,0.0,0.0,0.0,0.0,0.0,0.0,0.0,False,DISABLED,0,nan,nan,nan,nan,nan,nan,nan,nan,nan,nan,nan,nan,nan,nan,nan,nan,nan,nan,nan,nan,nan,nan,nan,nan,nan,nan,nan,nan,nan,nan,nan,nan,nan,nan,70.38839802110903,-18.53411398756534,0.07512192283916891,0.022580837830346832,0.022580837830346832,0.022580837830346832,70.40789128423471,-18.56166949562166,0.11051104418938684,-0.019493263125681892,0.02755550805632012,-0.035389121350217934,0.03375341955312072,0.04890483863044068,0.017612695693969727,False,DISABLED,none,MODEL_ORIGIN_FRAME_NOT_ESTABLISHED,nan,nan,nan,nan,nan,nan,nan,nan,nan,nan,nan,nan,nan,NOT_EVALUATED,nan,nan,nan,nan,DISABLED,nan,nan,nan,nan,nan,nan
1791471030.8361602,1791471030.8625543,1791471030.8670225,1791471030.867046,front_rgbd_red_sphere,True,True,True,,39.652,39.652,1791471030.8625543,1791471030.8517637,1791471030.8361602,1791471030.8361602,1791471030.8361602,0.0,1791471029.8521698,1791471030.8521724,1791471030.8428519,1791471030.8521724,1791471030.8428519,1791471030.8521724,1791471029.8521698,1791471030.8521724,1791471029.8521698,1791471030.8521724,1791470991.1841602,GAZEBO_CLOCK_SYSTEM_INTERPOLATION,MAPPED_EXACT,0,39.652,1791471030.8361602,0.0025670528411865234,0.0,RGB,0.0,0,1,0,UNCALIBRATED,PREPARATION,MID,TURNING,1.0,328,1.0,7.025633811950684,0.2803364396095276,nan,nan,False,0.0,0.0,0.0,0.0,0,0,0,0,0,0.0,0.0,0.0,0.0,0.0,0.0,0.0,0.0,0.0,0.0,0.0,0.0,0.0,0.0,6.751370167964657,-0.6078712125066215,-1.8463550036228673,0.0,0.0,0.0,0.0,0.0,0.0,0.0,0.0,0.0,0.0,0.0,False,DISABLED,0,nan,nan,nan,nan,nan,nan,nan,nan,nan,nan,nan,nan,nan,nan,nan,nan,nan,nan,nan,nan,nan,nan,nan,nan,nan,nan,nan,nan,nan,nan,nan,nan,nan,nan,70.57244684913196,-18.61385288913882,0.08348398795087514,0.02257696776437381,0.02257696776437381,0.02257696776437381,70.59801288270206,-18.646037924748555,0.1184009814233482,-0.0255660335701009,0.032185035609735735,-0.03491699347247307,0.0411035106737549,0.05393231890864893,0.026394128799438477,False,DISABLED,none,MODEL_ORIGIN_FRAME_NOT_ESTABLISHED,nan,nan,nan,nan,nan,nan,nan,nan,nan,nan,nan,nan,nan,NOT_EVALUATED,nan,nan,nan,nan,DISABLED,nan,nan,nan,nan,nan,nan
1791471030.8841593,1791471030.9012523,1791471030.9056528,1791471030.9056745,front_rgbd_red_sphere,True,True,True,,39.7,39.7,1791471030.9012523,1791471030.8999965,1791471030.8841593,1791471030.8841593,1791471030.8841593,0.0,1791471029.87216,1791471030.8921652,1791471030.8828518,1791471030.8921652,1791471030.8828518,1791471030.8921652,1791471029.8681612,1791471030.8921652,1791471029.87216,1791471030.8921652,1791470991.1841593,GAZEBO_CLOCK_SYSTEM_INTERPOLATION,MAPPED_EXACT,0,39.7,1791471030.8841593,0.0013408660888671875,0.0,RGB,0.0,0,1,0,UNCALIBRATED,PREPARATION,MID,TURNING,1.0,324,1.0,7.035203456878662,0.28091707825660706,nan,nan,False,0.0,0.0,0.0,0.0,0,0,0,0,0,0.0,0.0,0.0,0.0,0.0,0.0,0.0,0.0,0.0,0.0,0.0,0.0,0.0,0.0,6.7594347224680345,-0.6268370124769707,-1.8469449233657667,0.0,0.0,0.0,0.0,0.0,0.0,0.0,0.0,0.0,0.0,0.0,False,DISABLED,0,nan,nan,nan,nan,nan,nan,nan,nan,nan,nan,nan,nan,nan,nan,nan,nan,nan,nan,nan,nan,nan,nan,nan,nan,nan,nan,nan,nan,nan,nan,nan,nan,nan,nan,70.75752924393109,-18.692441778865984,0.09075547982859528,0.022605734358340467,0.022605734358340467,0.022605734358340467,70.77418648146863,-18.722355596393093,0.12500386133670113,-0.01665723753754378,0.029913817527109643,-0.03424838150810586,0.034238867408653714,0.04842779860113545,0.01709294319152832,False,DISABLED,none,MODEL_ORIGIN_FRAME_NOT_ESTABLISHED,nan,nan,nan,nan,nan,nan,nan,nan,nan,nan,nan,nan,nan,NOT_EVALUATED,nan,nan,nan,nan,DISABLED,nan,nan,nan,nan,nan,nan
1791471030.9361622,1791471030.9553876,1791471030.9639387,1791471030.96396,front_rgbd_red_sphere,True,True,True,,39.752,39.752,1791471030.9553876,1791471030.9538867,1791471030.9361622,1791471030.9361622,1791471030.9361622,0.0,1791471029.948174,1791471030.948181,1791471030.9388518,1791471030.948181,1791471030.942852,1791471030.95217,1791471029.948174,1791471030.948181,1791471029.9321625,1791471030.95217,1791470991.1841621,GAZEBO_CLOCK_SYSTEM_INTERPOLATION,MAPPED_EXACT,0,39.752,1791471030.9361622,0.002830028533935547,0.0,RGB,0.0,0,1,0,UNCALIBRATED,PREPARATION,MID,TURNING,1.0,327,1.0,7.033278465270996,0.28294482827186584,nan,nan,False,0.0,0.0,0.0,0.0,0,0,0,0,0,0.0,0.0,0.0,0.0,0.0,0.0,0.0,0.0,0.0,0.0,0.0,0.0,0.0,0.0,6.753617192648356,-0.6449926968395356,-1.8546272453935453,0.0,0.0,0.0,0.0,0.0,0.0,0.0,0.0,0.0,0.0,0.0,False,DISABLED,0,nan,nan,nan,nan,nan,nan,nan,nan,nan,nan,nan,nan,nan,nan,nan,nan,nan,nan,nan,nan,nan,nan,nan,nan,nan,nan,nan,nan,nan,nan,nan,nan,nan,nan,70.94318235871584,-18.769095320473948,0.09798952566384772,0.022599945503008173,0.022599945503008173,0.022599945503008173,70.96580650175164,-18.80318258023761,0.1313318483475225,-0.02262414303579874,0.03408725976366256,-0.03334232268367479,0.040912016893569166,0.05277787044057371,0.019225358963012695,False,DISABLED,none,MODEL_ORIGIN_FRAME_NOT_ESTABLISHED,nan,nan,nan,nan,nan,nan,nan,nan,nan,nan,nan,nan,nan,NOT_EVALUATED,nan,nan,nan,nan,DISABLED,nan,nan,nan,nan,nan,nan
1791471030.9841566,1791471031.002804,1791471031.006492,1791471031.0065217,front_rgbd_red_sphere,True,True,True,,39.8,39.8,1791471031.002804,1791471031.001833,1791471030.9841566,1791471030.9841566,1791471030.9841566,0.0,1791471029.972161,1791471030.9881675,1791471030.978852,1791471030.9881675,1791471030.982852,1791471030.992165,1791471029.972161,1791471030.9881675,1791471029.972161,1791471030.992165,1791470991.1841567,GAZEBO_CLOCK_SYSTEM_INTERPOLATION,MAPPED_EXACT,0,39.8,1791471030.9841566,0.0028543472290039062,0.0,RGB,0.0,0,1,0,UNCALIBRATED,PREPARATION,MID,TURNING,1.0,327,1.0,7.042015552520752,0.2835415005683899,nan,nan,False,0.0,0.0,0.0,0.0,0,0,0,0,0,0.0,0.0,0.0,0.0,0.0,0.0,0.0,0.0,0.0,0.0,0.0,0.0,0.0,0.0,6.760832886669547,-0.6648941536393398,-1.8544645781451532,0.0,0.0,0.0,0.0,0.0,0.0,0.0,0.0,0.0,0.0,0.0,False,DISABLED,0,nan,nan,nan,nan,nan,nan,nan,nan,nan,nan,nan,nan,nan,nan,nan,nan,nan,nan,nan,nan,nan,nan,nan,nan,nan,nan,nan,nan,nan,nan,nan,nan,nan,nan,71.12955878194272,-18.844068316153834,0.10419462500157733,0.022626223484425046,0.022626223484425046,0.022626223484425046,71.14334748282654,-18.87612066619233,0.1364174092254905,-0.013788700883822003,0.032052350038497934,-0.03222278422391317,0.03489242632798574,0.04749514962809129,0.018647432327270508,False,DISABLED,none,MODEL_ORIGIN_FRAME_NOT_ESTABLISHED,nan,nan,nan,nan,nan,nan,nan,nan,nan,nan,nan,nan,nan,NOT_EVALUATED,nan,nan,nan,nan,DISABLED,nan,nan,nan,nan,nan,nan
1791471031.0361576,1791471031.0540946,1791471031.061064,1791471031.0610843,front_rgbd_red_sphere,True,True,True,,39.852,39.852,1791471031.0540946,1791471031.0525734,1791471031.0361576,1791471031.0361576,1791471031.0361576,0.0,1791471030.0521677,1791471031.0521739,1791471031.042852,1791471031.0521739,1791471031.042852,1791471031.0521739,1791471030.0521677,1791471031.0521739,1791471030.0521677,1791471031.0521739,1791470991.1841576,GAZEBO_CLOCK_SYSTEM_INTERPOLATION,MAPPED_EXACT,0,39.852,1791471031.0361576,0.0018279552459716797,0.0,RGB,0.0,0,1,0,UNCALIBRATED,PREPARATION,MID,TURNING,1.0,325,1.0,7.039170265197754,0.2859204411506653,nan,nan,False,0.0,0.0,0.0,0.0,0,0,0,0,0,0.0,0.0,0.0,0.0,0.0,0.0,0.0,0.0,0.0,0.0,0.0,0.0,0.0,0.0,6.753397121379373,-0.6840858805777916,-1.8637516365007984,0.0,0.0,0.0,0.0,0.0,0.0,0.0,0.0,0.0,0.0,0.0,False,DISABLED,0,nan,nan,nan,nan,nan,nan,nan,nan,nan,nan,nan,nan,nan,nan,nan,nan,nan,nan,nan,nan,nan,nan,nan,nan,nan,nan,nan,nan,nan,nan,nan,nan,nan,nan,71.31622418321334,-18.916938197628422,0.1102343134602411,0.022617663865744046,0.022617663865744046,0.022617663865744046,71.33657673682042,-18.953215358317653,0.14102962423055992,-0.02035255360708277,0.036277160689230925,-0.03079531077031883,0.041596379962701796,0.05175528950205935,0.01793694496154785,False,DISABLED,none,MODEL_ORIGIN_FRAME_NOT_ESTABLISHED,nan,nan,nan,nan,nan,nan,nan,nan,nan,nan,nan,nan,nan,NOT_EVALUATED,nan,nan,nan,nan,DISABLED,nan,nan,nan,nan,nan,nan
1791471031.0841618,1791471031.1137917,1791471031.1178224,1791471031.117845,front_rgbd_red_sphere,True,True,True,,39.9,39.9,1791471031.1137917,1791471031.101625,1791471031.0841618,1791471031.0841618,1791471031.0841618,0.0,1791471030.0721579,1791471031.092163,1791471031.082852,1791471031.092163,1791471031.082852,1791471031.092163,1791471030.0681634,1791471031.092163,1791471030.0721579,1791471031.092163,1791470991.1841617,GAZEBO_CLOCK_SYSTEM_INTERPOLATION,MAPPED_EXACT,0,39.9,1791471031.0841618,0.0019686222076416016,0.0,RGB,0.0,0,1,0,UNCALIBRATED,PREPARATION,MID,TURNING,1.0,322,1.0,7.0468950271606445,0.2868669629096985,nan,nan,False,0.0,0.0,0.0,0.0,0,0,0,0,0,0.0,0.0,0.0,0.0,0.0,0.0,0.0,0.0,0.0,0.0,0.0,0.0,0.0,0.0,6.758924101943499,-0.7050533593371675,-1.8650935198120155,0.0,0.0,0.0,0.0,0.0,0.0,0.0,0.0,0.0,0.0,0.0,False,DISABLED,0,nan,nan,nan,nan,nan,nan,nan,nan,nan,nan,nan,nan,nan,nan,nan,nan,nan,nan,nan,nan,nan,nan,nan,nan,nan,nan,nan,nan,nan,nan,nan,nan,nan,nan,71.50356067230732,-18.98835891068139,0.11503439798479503,0.022640904903845852,0.022640904903845852,0.022640904903845852,71.51562700034772,-19.022608702075022,0.14447600620570328,-0.012066328040404528,0.0342497913936306,-0.029441608220908244,0.036313144767230854,0.046748826482804005,0.029629945755004883,False,DISABLED,none,MODEL_ORIGIN_FRAME_NOT_ESTABLISHED,nan,nan,nan,nan,nan,nan,nan,nan,nan,nan,nan,nan,nan,NOT_EVALUATED,nan,nan,nan,nan,DISABLED,nan,nan,nan,nan,nan,nan
1791471031.1361613,1791471031.1530774,1791471031.1621912,1791471031.1622105,front_rgbd_red_sphere,True,True,True,,39.952,39.952,1791471031.1530774,1791471031.1520176,1791471031.1361613,1791471031.1361613,1791471031.1361613,0.0,1791471030.1521726,1791471031.1482077,1791471031.138852,1791471031.1482077,1791471031.1428518,1791471031.152173,1791471030.1481805,1791471031.1482077,1791471030.1521726,1791471031.152173,1791470991.1841614,GAZEBO_CLOCK_SYSTEM_INTERPOLATION,MAPPED_EXACT,0,39.952,1791471031.1361613,0.0017168521881103516,0.0,RGB,0.0,0,1,0,UNCALIBRATED,PREPARATION,MID,TURNING,1.0,327,1.0,7.042784214019775,0.2892548441886902,nan,nan,False,0.0,0.0,0.0,0.0,0,0,0,0,0,0.0,0.0,0.0,0.0,0.0,0.0,0.0,0.0,0.0,0.0,0.0,0.0,0.0,0.0,6.750203525909554,-0.7249469869368781,-1.8735025711793112,0.0,0.0,0.0,0.0,0.0,0.0,0.0,0.0,0.0,0.0,0.0,False,DISABLED,0,nan,nan,nan,nan,nan,nan,nan,nan,nan,nan,nan,nan,nan,nan,nan,nan,nan,nan,nan,nan,nan,nan,nan,nan,nan,nan,nan,nan,nan,nan,nan,nan,nan,nan,71.69129896090695,-19.057528155898254,0.11941097490596692,0.022628535300946825,0.022628535300946825,0.022628535300946825,71.71047257289743,-19.095720287931382,0.14725666216521477,-0.01917361199048173,0.03819213203312799,-0.027845687259247853,0.04273483761519899,0.051006358867667315,0.01691603660583496,False,DISABLED,none,MODEL_ORIGIN_FRAME_NOT_ESTABLISHED,nan,nan,nan,nan,nan,nan,nan,nan,nan,nan,nan,nan,nan,NOT_EVALUATED,nan,nan,nan,nan,DISABLED,nan,nan,nan,nan,nan,nan
1791471031.1841602,1791471031.2083545,1791471031.2130876,1791471031.2131224,front_rgbd_red_sphere,True,True,True,,40.0,40.0,1791471031.2083545,1791471031.2063687,1791471031.1841602,1791471031.1841602,1791471031.1841602,0.0,1791471030.1921651,1791471031.1881735,1791471031.1788518,1791471031.1881735,1791471031.182852,1791471031.1921747,1791471030.1881678,1791471031.1881735,1791471030.1921651,1791471031.1921747,1791470991.1841602,GAZEBO_CLOCK_SYSTEM_INTERPOLATION,MAPPED_EXACT,0,40.0,1791471031.1841602,0.0008099079132080078,0.0,RGB,0.0,0,1,0,UNCALIBRATED,PREPARATION,MID,TURNING,1.0,328,1.0,7.049343109130859,0.289914071559906,nan,nan,False,0.0,0.0,0.0,0.0,0,0,0,0,0,0.0,0.0,0.0,0.0,0.0,0.0,0.0,0.0,0.0,0.0,0.0,0.0,0.0,0.0,6.75516314256888,-0.7468908574594693,-1.8716743019748145,0.0,0.0,0.0,0.0,0.0,0.0,0.0,0.0,0.0,0.0,0.0,False,DISABLED,0,nan,nan,nan,nan,nan,nan,nan,nan,nan,nan,nan,nan,nan,nan,nan,nan,nan,nan,nan,nan,nan,nan,nan,nan,nan,nan,nan,nan,nan,nan,nan,nan,nan,nan,71.88027080898237,-19.125119915359114,0.1225715235805423,0.022648273112917974,0.022648273112917974,0.022648273112917974,71.89080979845751,-19.161247663239404,0.14897475868140903,-0.010538989475136873,0.03612774788028972,-0.02640323510086673,0.037633555054749,0.04597189673975248,0.02419424057006836,False,DISABLED,none,MODEL_ORIGIN_FRAME_NOT_ESTABLISHED,nan,nan,nan,nan,nan,nan,nan,nan,nan,nan,nan,nan,nan,NOT_EVALUATED,nan,nan,nan,nan,DISABLED,nan,nan,nan,nan,nan,nan
1791471031.2361588,1791471031.2627723,1791471031.266159,1791471031.2661798,front_rgbd_red_sphere,True,True,True,,40.052,40.052,1791471031.2627723,1791471031.2599554,1791471031.2361588,1791471031.2361588,1791471031.2361588,0.0,1791471030.2321599,1791471031.252223,1791471031.242852,1791471031.252223,1791471031.242852,1791471031.252223,1791471030.2281744,1791471031.252223,1791471030.2321599,1791471031.252223,1791470991.1841588,GAZEBO_CLOCK_SYSTEM_INTERPOLATION,MAPPED_EXACT,0,40.052,1791471031.2361588,0.002781391143798828,0.0,RGB,0.0,0,1,0,UNCALIBRATED,PREPARATION,MID,TURNING,1.0,328,1.0,7.044172763824463,0.29180285334587097,nan,nan,False,0.0,0.0,0.0,0.0,0,0,0,0,0,0.0,0.0,0.0,0.0,0.0,0.0,0.0,0.0,0.0,0.0,0.0,0.0,0.0,0.0,6.746392756527432,-0.7683739782548713,-1.8751409505028391,0.0,0.0,0.0,0.0,0.0,0.0,0.0,0.0,0.0,0.0,0.0,False,DISABLED,0,nan,nan,nan,nan,nan,nan,nan,nan,nan,nan,nan,nan,nan,nan,nan,nan,nan,nan,nan,nan,nan,nan,nan,nan,nan,nan,nan,nan,nan,nan,nan,nan,nan,nan,72.07038493512037,-19.19065701858021,0.12480024906231085,0.022632712870911533,0.022632712870911533,0.022632712870911533,72.08707298994442,-19.23004632706106,0.1498553361735133,-0.01668805482404423,0.03938930848084965,-0.02505508711120244,0.04277860208573721,0.04957586294316804,0.026613473892211914,False,DISABLED,none,MODEL_ORIGIN_FRAME_NOT_ESTABLISHED,nan,nan,nan,nan,nan,nan,nan,nan,nan,nan,nan,nan,nan,NOT_EVALUATED,nan,nan,nan,nan,DISABLED,nan,nan,nan,nan,nan,nan
1791471031.2841623,1791471031.3069234,1791471031.3107173,1791471031.310738,front_rgbd_red_sphere,True,True,True,,40.1,40.1,1791471031.3069234,1791471031.3048747,1791471031.2841623,1791471031.2841623,1791471031.2841623,0.0,1791471030.2921684,1791471031.2921784,1791471031.282852,1791471031.2921784,1791471031.282852,1791471031.2921784,1791471030.2921684,1791471031.2921784,1791471030.2921684,1791471031.2921784,1791470991.1841624,GAZEBO_CLOCK_SYSTEM_INTERPOLATION,MAPPED_EXACT,0,40.1,1791471031.2841623,0.002954721450805664,0.0,RGB,0.0,0,1,0,UNCALIBRATED,PREPARATION,MID,TURNING,1.0,332,1.0,7.049365043640137,0.2921788990497589,nan,nan,False,0.0,0.0,0.0,0.0,0,0,0,0,0,0.0,0.0,0.0,0.0,0.0,0.0,0.0,0.0,0.0,0.0,0.0,0.0,0.0,0.0,6.750602751351044,-0.7920832531953277,-1.869629714689152,0.0,0.0,0.0,0.0,0.0,0.0,0.0,0.0,0.0,0.0,0.0,False,DISABLED,0,nan,nan,nan,nan,nan,nan,nan,nan,nan,nan,nan,nan,nan,nan,nan,nan,nan,nan,nan,nan,nan,nan,nan,nan,nan,nan,nan,nan,nan,nan,nan,nan,nan,nan,72.2610495601334,-19.254387587223395,0.12596913401731508,0.022648339064640203,0.022648339064640203,0.022648339064640203,72.2690145735864,-19.29157329194883,0.14980539038627902,-0.007965013453002712,0.037185704725434476,-0.023836256368963943,0.03802917400146517,0.04488190273284643,0.022761106491088867,False,DISABLED,none,MODEL_ORIGIN_FRAME_NOT_ESTABLISHED,nan,nan,nan,nan,nan,nan,nan,nan,nan,nan,nan,nan,nan,NOT_EVALUATED,nan,nan,nan,nan,DISABLED,nan,nan,nan,nan,nan,nan
1791471031.3361645,1791471031.3599875,1791471031.3660486,1791471031.3660817,front_rgbd_red_sphere,True,True,True,,40.152,40.152,1791471031.3599875,1791471031.3567677,1791471031.3361645,1791471031.3361645,1791471031.3361645,0.0,1791471030.3321633,1791471031.3481715,1791471031.338852,1791471031.3481715,1791471031.3428519,1791471031.3521745,1791471030.3321633,1791471031.3481715,1791471030.3321633,1791471031.3521745,1791470991.1841645,GAZEBO_CLOCK_SYSTEM_INTERPOLATION,MAPPED_EXACT,0,40.152,1791471031.3361645,0.004195451736450195,0.0,RGB,0.0,0,1,0,UNCALIBRATED,PREPARATION,MID,TURNING,1.0,330,1.0,7.043097496032715,0.29408496618270874,nan,nan,False,0.0,0.0,0.0,0.0,0,0,0,0,0,0.0,0.0,0.0,0.0,0.0,0.0,0.0,0.0,0.0,0.0,0.0,0.0,0.0,0.0,6.740721686539873,-0.8146769029136465,-1.871949583097014,0.0,0.0,0.0,0.0,0.0,0.0,0.0,0.0,0.0,0.0,0.0,False,DISABLED,0,nan,nan,nan,nan,nan,nan,nan,nan,nan,nan,nan,nan,nan,nan,nan,nan,nan,nan,nan,nan,nan,nan,nan,nan,nan,nan,nan,nan,nan,nan,nan,nan,nan,nan,72.45273554681333,-19.31584372779379,0.12642041834364465,0.02262947827334268,0.02262947827334268,0.02262947827334268,72.46682037387116,-19.355826167311815,0.14876476246990322,-0.014084827057828875,0.03998243951802394,-0.022344344126258575,0.04239077521184757,0.047919177137071715,0.023823022842407227,False,DISABLED,none,MODEL_ORIGIN_FRAME_NOT_ESTABLISHED,nan,nan,nan,nan,nan,nan,nan,nan,nan,nan,nan,nan,nan,NOT_EVALUATED,nan,nan,nan,nan,DISABLED,nan,nan,nan,nan,nan,nan
1791471031.384162,1791471031.403582,1791471031.4094648,1791471031.4095023,front_rgbd_red_sphere,True,True,True,,40.2,40.2,1791471031.403582,1791471031.4012547,1791471031.384162,1791471031.384162,1791471031.384162,0.0,1791471030.392172,1791471031.3881779,1791471031.378852,1791471031.3881779,1791471031.3828518,1791471031.3921816,1791471030.388177,1791471031.3881779,1791471030.392172,1791471031.3921816,1791470991.184162,GAZEBO_CLOCK_SYSTEM_INTERPOLATION,MAPPED_EXACT,0,40.2,1791471031.384162,0.0037412643432617188,0.0,RGB,0.0,0,1,0,UNCALIBRATED,PREPARATION,MID,TURNING,1.0,329,1.0,7.04712438583374,0.2943738102912903,nan,nan,False,0.0,0.0,0.0,0.0,0,0,0,0,0,0.0,0.0,0.0,0.0,0.0,0.0,0.0,0.0,0.0,0.0,0.0,0.0,0.0,0.0,6.743985348590208,-0.8393638233162495,-1.8644279613244077,0.0,0.0,0.0,0.0,0.0,0.0,0.0,0.0,0.0,0.0,0.0,False,DISABLED,0,nan,nan,nan,nan,nan,nan,nan,nan,nan,nan,nan,nan,nan,nan,nan,nan,nan,nan,nan,nan,nan,nan,nan,nan,nan,nan,nan,nan,nan,nan,nan,nan,nan,nan,72.64489311248344,-19.375124165813187,0.12575302469499766,0.022641595126520978,0.022641595126520978,0.022641595126520978,72.65021467176182,-19.413033429295194,0.14694576267126444,-0.005321559278371524,0.03790926348200685,-0.02119273797626678,0.03828095154122269,0.04375572412647447,0.019420146942138672,False,DISABLED,none,MODEL_ORIGIN_FRAME_NOT_ESTABLISHED,nan,nan,nan,nan,nan,nan,nan,nan,nan,nan,nan,nan,nan,NOT_EVALUATED,nan,nan,nan,nan,DISABLED,nan,nan,nan,nan,nan,nan
1791471031.4361577,1791471031.463825,1791471031.4686632,1791471031.4686825,front_rgbd_red_sphere,True,True,True,,40.252,40.252,1791471031.4553776,1791471031.463825,1791471031.4361577,1791471031.4361577,1791471031.4361577,0.0,1791471030.432197,1791471031.4521666,1791471031.442852,1791471031.4521666,1791471031.442852,1791471031.4521666,1791471030.4281616,1791471031.4521666,1791471030.432197,1791471031.4521666,1791470991.1841576,GAZEBO_CLOCK_SYSTEM_INTERPOLATION,MAPPED_EXACT,0,40.252,1791471031.4361577,0.003956794738769531,0.0,RGB,0.0,0,1,0,UNCALIBRATED,PREPARATION,MID,TURNING,1.0,330,1.0,7.039708614349365,0.2963942289352417,nan,nan,False,0.0,0.0,0.0,0.0,0,0,0,0,0,0.0,0.0,0.0,0.0,0.0,0.0,0.0,0.0,0.0,0.0,0.0,0.0,0.0,0.0,6.732748029636796,-0.8630269296321966,-1.8662219918429948,0.0,0.0,0.0,0.0,0.0,0.0,0.0,0.0,0.0,0.0,0.0,False,DISABLED,0,nan,nan,nan,nan,nan,nan,nan,nan,nan,nan,nan,nan,nan,nan,nan,nan,nan,nan,nan,nan,nan,nan,nan,nan,nan,nan,nan,nan,nan,nan,nan,nan,nan,nan,72.8380253525129,-19.431875080169927,0.12436620930399661,0.02261928323411937,0.02261928323411937,0.02261928323411937,72.84941223333982,-19.472403496260736,0.14401133596733967,-0.011386880826918855,0.04052841609080815,-0.01964512666334306,0.042097666987567485,0.046455834589585424,0.02766728401184082,False,DISABLED,none,MODEL_ORIGIN_FRAME_NOT_ESTABLISHED,nan,nan,nan,nan,nan,nan,nan,nan,nan,nan,nan,nan,nan,NOT_EVALUATED,nan,nan,nan,nan,DISABLED,nan,nan,nan,nan,nan,nan
1791471031.4841568,1791471031.5036674,1791471031.5091662,1791471031.5092185,front_rgbd_red_sphere,True,True,True,,40.3,40.3,1791471031.5036674,1791471031.5029607,1791471031.4841568,1791471031.4841568,1791471031.4841568,0.0,1791471030.472163,1791471031.4921634,1791471031.482852,1791471031.4921634,1791471031.482852,1791471031.4921634,1791471030.4681644,1791471031.4921634,1791471030.472163,1791471031.4921634,1791470991.184157,GAZEBO_CLOCK_SYSTEM_INTERPOLATION,MAPPED_EXACT,0,40.3,1791471031.4841568,0.0037713050842285156,0.0,RGB,0.0,0,1,0,UNCALIBRATED,PREPARATION,MID,TURNING,1.0,332,1.0,7.043068885803223,0.2971160411834717,nan,nan,False,0.0,0.0,0.0,0.0,0,0,0,0,0,0.0,0.0,0.0,0.0,0.0,0.0,0.0,0.0,0.0,0.0,0.0,0.0,0.0,0.0,6.734475384765115,-0.8892017815772348,-1.8603714709952932,0.0,0.0,0.0,0.0,0.0,0.0,0.0,0.0,0.0,0.0,0.0,False,DISABLED,0,nan,nan,nan,nan,nan,nan,nan,nan,nan,nan,nan,nan,nan,nan,nan,nan,nan,nan,nan,nan,nan,nan,nan,nan,nan,nan,nan,nan,nan,nan,nan,nan,nan,nan,73.03219538117673,-19.4866559506713,0.12159861581057202,0.02262939240581415,0.02262939240581415,0.02262939240581415,73.0340812406571,-19.524968182825923,0.1404721824031561,-0.0018858594803674578,0.03831223215462387,-0.018873566592584073,0.03835861830996376,0.04275038145530625,0.019510507583618164,False,DISABLED,none,MODEL_ORIGIN_FRAME_NOT_ESTABLISHED,nan,nan,nan,nan,nan,nan,nan,nan,nan,nan,nan,nan,nan,NOT_EVALUATED,nan,nan,nan,nan,DISABLED,nan,nan,nan,nan,nan,nan
1791471031.5361779,1791471031.568938,1791471031.574327,1791471031.5743601,front_rgbd_red_sphere,True,True,True,,40.352,40.352,1791471031.568938,1791471031.567883,1791471031.5361779,1791471031.5361779,1791471031.5361779,0.0,1791471030.5521727,1791471031.5481749,1791471031.538852,1791471031.5481749,1791471031.542852,1791471031.552173,1791471030.5481737,1791471031.5481749,1791471030.5521727,1791471031.552173,1791470991.1841779,GAZEBO_CLOCK_SYSTEM_INTERPOLATION,MAPPED_EXACT,0,40.352,1791471031.5361779,0.0012621879577636719,0.0,RGB,0.0,0,1,0,UNCALIBRATED,PREPARATION,MID,TURNING,1.0,332,1.0,7.034196853637695,0.299390584230423,nan,nan,False,0.0,0.0,0.0,0.0,0,0,0,0,0,0.0,0.0,0.0,0.0,0.0,0.0,0.0,0.0,0.0,0.0,0.0,0.0,0.0,0.0,6.721290564233634,-0.9136569751938453,-1.8626352841932965,0.0,0.0,0.0,0.0,0.0,0.0,0.0,0.0,0.0,0.0,0.0,False,DISABLED,0,nan,nan,nan,nan,nan,nan,nan,nan,nan,nan,nan,nan,nan,nan,nan,nan,nan,nan,nan,nan,nan,nan,nan,nan,nan,nan,nan,nan,nan,nan,nan,nan,nan,nan,73.22653142664291,-19.538464430497392,0.1178733139767259,0.02260270766227391,0.02260270766227391,0.02260270766227391,73.23496759991724,-19.579232477270274,0.13570944162889942,-0.008436173274333214,0.04076804677288237,-0.017836127652173517,0.04163175059003043,0.045291611881397284,0.0327601432800293,False,DISABLED,none,MODEL_ORIGIN_FRAME_NOT_ESTABLISHED,nan,nan,nan,nan,nan,nan,nan,nan,nan,nan,nan,nan,nan,NOT_EVALUATED,nan,nan,nan,nan,DISABLED,nan,nan,nan,nan,nan,nan
1791471031.584162,1791471031.6002097,1791471031.603923,1791471031.603945,front_rgbd_red_sphere,True,True,True,,40.4,40.4,1791471031.6002097,1791471031.5991993,1791471031.584162,1791471031.584162,1791471031.584162,0.0,1791471030.5721571,1791471031.5881693,1791471031.578882,1791471031.5881693,1791471031.582882,1791471031.592168,1791471030.5721571,1791471031.5881693,1791471030.5721571,1791471031.592168,1791470991.184162,GAZEBO_CLOCK_SYSTEM_INTERPOLATION,MAPPED_EXACT,0,40.4,1791471031.584162,0.004250288009643555,0.0,RGB,0.0,0,1,0,UNCALIBRATED,PREPARATION,MID,TURNING,1.0,329,1.0,7.036359786987305,0.2999712824821472,nan,nan,False,0.0,0.0,0.0,0.0,0,0,0,0,0,0.0,0.0,0.0,0.0,0.0,0.0,0.0,0.0,0.0,0.0,0.0,0.0,0.0,0.0,6.722150977122247,-0.9406804863129974,-1.8542290828737729,0.0,0.0,0.0,0.0,0.0,0.0,0.0,0.0,0.0,0.0,0.0,False,DISABLED,0,nan,nan,nan,nan,nan,nan,nan,nan,nan,nan,nan,nan,nan,nan,nan,nan,nan,nan,nan,nan,nan,nan,nan,nan,nan,nan,nan,nan,nan,nan,nan,nan,nan,nan,73.42226511335221,-19.58806905769975,0.11279739134515149,0.02260921155932937,0.02260921155932937,0.02260921155932937,73.42087696739276,-19.62685610732557,0.13053692178289744,0.0013881459594529133,0.03878704962581736,-0.017739530437745954,0.03881188178741613,0.042673798846974934,0.01604771614074707,False,DISABLED,none,MODEL_ORIGIN_FRAME_NOT_ESTABLISHED,nan,nan,nan,nan,nan,nan,nan,nan,nan,nan,nan,nan,nan,NOT_EVALUATED,nan,nan,nan,nan,DISABLED,nan,nan,nan,nan,nan,nan
1791471031.6361616,1791471031.665555,1791471031.669099,1791471031.6691184,front_rgbd_red_sphere,True,True,True,,40.452,40.452,1791471031.665555,1791471031.6542883,1791471031.6361616,1791471031.6361616,1791471031.6361616,0.0,1791471030.6521764,1791471031.652212,1791471031.6428819,1791471031.652212,1791471031.6428819,1791471031.652212,1791471030.6521764,1791471031.652212,1791471030.6521764,1791471031.652212,1791470991.1841617,GAZEBO_CLOCK_SYSTEM_INTERPOLATION,MAPPED_EXACT,0,40.452,1791471031.6361616,0.0018503665924072266,0.0,RGB,0.0,0,1,0,UNCALIBRATED,PREPARATION,MID,TURNING,1.0,335,1.0,7.026381969451904,0.30222392082214355,nan,nan,False,0.0,0.0,0.0,0.0,0,0,0,0,0,0.0,0.0,0.0,0.0,0.0,0.0,0.0,0.0,0.0,0.0,0.0,0.0,0.0,0.0,6.707924856847111,-0.9661070541644676,-1.8548389181233578,0.0,0.0,0.0,0.0,0.0,0.0,0.0,0.0,0.0,0.0,0.0,False,DISABLED,0,nan,nan,nan,nan,nan,nan,nan,nan,nan,nan,nan,nan,nan,nan,nan,nan,nan,nan,nan,nan,nan,nan,nan,nan,nan,nan,nan,nan,nan,nan,nan,nan,nan,nan,73.61765152513912,-19.63471809909005,0.10698612743614705,0.022579216055966918,0.022579216055966918,0.022579216055966918,73.62301944420491,-19.675581082110828,0.12407280846234806,-0.005367919065790261,0.04086298302077651,-0.017086681026201006,0.04121405023111832,0.04461560943150145,0.029393434524536133,False,DISABLED,none,MODEL_ORIGIN_FRAME_NOT_ESTABLISHED,nan,nan,nan,nan,nan,nan,nan,nan,nan,nan,nan,nan,nan,NOT_EVALUATED,nan,nan,nan,nan,DISABLED,nan,nan,nan,nan,nan,nan
1791471031.6841612,1791471031.7109177,1791471031.7145402,1791471031.7145622,front_rgbd_red_sphere,True,True,True,,40.5,40.5,1791471031.7109177,1791471031.6995883,1791471031.6841612,1791471031.6841612,1791471031.6841612,0.0,1791471030.6721604,1791471031.6921692,1791471031.6828818,1791471031.6921692,1791471031.6828818,1791471031.6921692,1791471030.668159,1791471031.6921692,1791471030.6721604,1791471031.6921692,1791470991.1841612,GAZEBO_CLOCK_SYSTEM_INTERPOLATION,MAPPED_EXACT,0,40.5,1791471031.6841612,0.003194093704223633,0.0,RGB,0.0,0,1,0,UNCALIBRATED,PREPARATION,MID,TURNING,1.0,333,1.0,7.027085304260254,0.3028864860534668,nan,nan,False,0.0,0.0,0.0,0.0,0,0,0,0,0,0.0,0.0,0.0,0.0,0.0,0.0,0.0,0.0,0.0,0.0,0.0,0.0,0.0,0.0,6.707208711200617,-0.994426791826692,-1.8450997292748408,0.0,0.0,0.0,0.0,0.0,0.0,0.0,0.0,0.0,0.0,0.0,False,DISABLED,0,nan,nan,nan,nan,nan,nan,nan,nan,nan,nan,nan,nan,nan,nan,nan,nan,nan,nan,nan,nan,nan,nan,nan,nan,nan,nan,nan,nan,nan,nan,nan,nan,nan,nan,73.81448775416051,-19.678812057580704,0.09986740464554084,0.022581328948578065,0.022581328948578065,0.022581328948578065,73.81018770684277,-19.71796863393897,0.1173925480932759,0.004300047317741473,0.03915657635826619,-0.017525143447735064,0.03939197734356003,0.04311448169582047,0.02675652503967285,False,DISABLED,none,MODEL_ORIGIN_FRAME_NOT_ESTABLISHED,nan,nan,nan,nan,nan,nan,nan,nan,nan,nan,nan,nan,nan,NOT_EVALUATED,nan,nan,nan,nan,DISABLED,nan,nan,nan,nan,nan,nan
1791471031.7361844,1791471031.7539384,1791471031.7637527,1791471031.7637868,front_rgbd_red_sphere,True,True,True,,40.552,40.552,1791471031.7539384,1791471031.7529683,1791471031.7361844,1791471031.7361844,1791471031.7361844,0.0,1791471030.7321649,1791471031.7481675,1791471031.7388818,1791471031.7481675,1791471031.742882,1791471031.7521732,1791471030.7321649,1791471031.7481675,1791471030.7321649,1791471031.7521732,1791470991.1841843,GAZEBO_CLOCK_SYSTEM_INTERPOLATION,MAPPED_EXACT,0,40.552,1791471031.7361844,0.002387523651123047,0.0,RGB,0.0,0,1,0,UNCALIBRATED,PREPARATION,MID,TURNING,1.0,334,1.0,7.016369342803955,0.3049909174442291,nan,nan,False,0.0,0.0,0.0,0.0,0,0,0,0,0,0.0,0.0,0.0,0.0,0.0,0.0,0.0,0.0,0.0,0.0,0.0,0.0,0.0,0.0,6.692561887640942,-1.0212881648556298,-1.8428314362470797,0.0,0.0,0.0,0.0,0.0,0.0,0.0,0.0,0.0,0.0,0.0,False,DISABLED,0,nan,nan,nan,nan,nan,nan,nan,nan,nan,nan,nan,nan,nan,nan,nan,nan,nan,nan,nan,nan,nan,nan,nan,nan,nan,nan,nan,nan,nan,nan,nan,nan,nan,nan,74.01171886082233,-19.72014669757849,0.0923544788755653,0.022549135483848022,0.022549135483848022,0.022549135483848022,74.01407290916933,-19.760925704043576,0.10936513331658548,-0.0023540483470014806,0.04077900646508681,-0.01701065444102018,0.040846895988552324,0.04424738722694722,0.017754077911376953,False,DISABLED,none,MODEL_ORIGIN_FRAME_NOT_ESTABLISHED,nan,nan,nan,nan,nan,nan,nan,nan,nan,nan,nan,nan,nan,NOT_EVALUATED,nan,nan,nan,nan,DISABLED,nan,nan,nan,nan,nan,nan
1791471031.7841587,1791471031.8012228,1791471031.8059847,1791471031.8060217,front_rgbd_red_sphere,True,True,True,,40.6,40.6,1791471031.8012228,1791471031.7995493,1791471031.7841587,1791471031.7841587,1791471031.7841587,0.0,1791471030.772157,1791471031.7881703,1791471031.778882,1791471031.7881703,1791471031.782882,1791471031.7921667,1791471030.772157,1791471031.7881703,1791471030.772157,1791471031.7921667,1791470991.1841588,GAZEBO_CLOCK_SYSTEM_INTERPOLATION,MAPPED_EXACT,0,40.6,1791471031.7841587,0.0013577938079833984,0.0,RGB,0.0,0,1,0,UNCALIBRATED,PREPARATION,MID,TURNING,1.0,337,1.0,7.016308307647705,0.3058203458786011,nan,nan,False,0.0,0.0,0.0,0.0,0,0,0,0,0,0.0,0.0,0.0,0.0,0.0,0.0,0.0,0.0,0.0,0.0,0.0,0.0,0.0,0.0,6.690753632339735,-1.050735625759982,-1.832580969503268,0.0,0.0,0.0,0.0,0.0,0.0,0.0,0.0,0.0,0.0,0.0,False,DISABLED,0,nan,nan,nan,nan,nan,nan,nan,nan,nan,nan,nan,nan,nan,nan,nan,nan,nan,nan,nan,nan,nan,nan,nan,nan,nan,nan,nan,nan,nan,nan,nan,nan,nan,nan,74.20954136422162,-19.75879860262374,0.08372655002330737,0.02254895157590406,0.02254895157590406,0.02254895157590406,74.20239661065774,-19.797739128950955,0.10134208025017087,0.007144753563878226,0.03894052632721312,-0.017615530226863504,0.03959055561783553,0.043332655114849246,0.01706409454345703,False,DISABLED,none,MODEL_ORIGIN_FRAME_NOT_ESTABLISHED,nan,nan,nan,nan,nan,nan,nan,nan,nan,nan,nan,nan,nan,NOT_EVALUATED,nan,nan,nan,nan,DISABLED,nan,nan,nan,nan,nan,nan
1791471031.8361595,1791471031.8641999,1791471031.868639,1791471031.8686585,front_rgbd_red_sphere,True,True,True,,40.652,40.652,1791471031.8641999,1791471031.8535087,1791471031.8361595,1791471031.8361595,1791471031.8361595,0.0,1791471030.8521724,1791471031.8521733,1791471031.842882,1791471031.8521733,1791471031.842882,1791471031.8521733,1791471030.8521724,1791471031.8521733,1791471030.8521724,1791471031.8521733,1791470991.1841595,GAZEBO_CLOCK_SYSTEM_INTERPOLATION,MAPPED_EXACT,0,40.652,1791471031.8361595,0.0042765140533447266,0.0,RGB,0.0,0,1,0,UNCALIBRATED,PREPARATION,MID,TURNING,1.0,335,1.0,7.004971981048584,0.3080363869667053,nan,nan,False,0.0,0.0,0.0,0.0,0,0,0,0,0,0.0,0.0,0.0,0.0,0.0,0.0,0.0,0.0,0.0,0.0,0.0,0.0,0.0,0.0,6.675253368206765,-1.079117525841104,-1.8292437700500734,0.0,0.0,0.0,0.0,0.0,0.0,0.0,0.0,0.0,0.0,0.0,False,DISABLED,0,nan,nan,nan,nan,nan,nan,nan,nan,nan,nan,nan,nan,nan,nan,nan,nan,nan,nan,nan,nan,nan,nan,nan,nan,nan,nan,nan,nan,nan,nan,nan,nan,nan,nan,74.4080890046738,-19.794615965352296,0.07472832511999444,0.022514918946287998,0.022514918946287998,0.022514918946287998,74.4071137403301,-19.834396795633953,0.09198124542929065,0.0009752643436939934,0.03978083028165713,-0.017252920309296205,0.03979278324568526,0.043371982403817046,0.028040409088134766,False,DISABLED,none,MODEL_ORIGIN_FRAME_NOT_ESTABLISHED,nan,nan,nan,nan,nan,nan,nan,nan,nan,nan,nan,nan,nan,NOT_EVALUATED,nan,nan,nan,nan,DISABLED,nan,nan,nan,nan,nan,nan
1791471031.8841598,1791471031.9006538,1791471031.9060295,1791471031.9060636,front_rgbd_red_sphere,True,True,True,,40.7,40.7,1791471031.9006538,1791471031.8994238,1791471031.8841598,1791471031.8841598,1791471031.8841598,0.0,1791471030.8921652,1791471031.8921704,1791471031.8828819,1791471031.8921704,1791471031.8828819,1791471031.8921704,1791471030.8921652,1791471031.8921704,1791471030.8921652,1791471031.8921704,1791470991.1841598,GAZEBO_CLOCK_SYSTEM_INTERPOLATION,MAPPED_EXACT,0,40.7,1791471031.8841598,0.0009019374847412109,0.0,RGB,0.0,0,1,0,UNCALIBRATED,PREPARATION,MID,TURNING,1.0,341,1.0,7.003486156463623,0.30920159816741943,nan,nan,False,0.0,0.0,0.0,0.0,0,0,0,0,0,0.0,0.0,0.0,0.0,0.0,0.0,0.0,0.0,0.0,0.0,0.0,0.0,0.0,0.0,6.671358506927572,-1.1102565726233493,-1.8190993491269607,0.0,0.0,0.0,0.0,0.0,0.0,0.0,0.0,0.0,0.0,0.0,False,DISABLED,0,nan,nan,nan,nan,nan,nan,nan,nan,nan,nan,nan,nan,nan,nan,nan,nan,nan,nan,nan,nan,nan,nan,nan,nan,nan,nan,nan,nan,nan,nan,nan,nan,nan,nan,74.6058000412404,-19.827311921278223,0.06502443432648525,0.022510459274091045,0.022510459274091045,0.022510459274091045,74.59653764698095,-19.86530138246188,0.08281062610943699,0.009262394259451412,0.037989461183656204,-0.017786191782951738,0.03910231589614661,0.04295741759675481,0.016494035720825195,False,DISABLED,none,MODEL_ORIGIN_FRAME_NOT_ESTABLISHED,nan,nan,nan,nan,nan,nan,nan,nan,nan,nan,nan,nan,nan,NOT_EVALUATED,nan,nan,nan,nan,DISABLED,nan,nan,nan,nan,nan,nan
1791471031.936157,1791471031.9633844,1791471031.9679713,1791471031.9680073,front_rgbd_red_sphere,True,True,True,,40.752,40.752,1791471031.9633844,1791471031.9624996,1791471031.936157,1791471031.936157,1791471031.936157,0.0,1791471030.95217,1791471031.9481711,1791471031.9388819,1791471031.9481711,1791471031.9428818,1791471031.9521708,1791471030.9321568,1791471031.9481711,1791471030.95217,1791471031.9521708,1791470991.184157,GAZEBO_CLOCK_SYSTEM_INTERPOLATION,MAPPED_EXACT,0,40.752,1791471031.936157,0.003406524658203125,0.0,RGB,0.0,0,1,0,UNCALIBRATED,PREPARATION,MID,TURNING,1.0,335,1.0,6.991269111633301,0.31190967559814453,nan,nan,False,0.0,0.0,0.0,0.0,0,0,0,0,0,0.0,0.0,0.0,0.0,0.0,0.0,0.0,0.0,0.0,0.0,0.0,0.0,0.0,0.0,6.653935122991844,-1.1396985170611487,-1.8177118991512788,0.0,0.0,0.0,0.0,0.0,0.0,0.0,0.0,0.0,0.0,0.0,False,DISABLED,0,nan,nan,nan,nan,nan,nan,nan,nan,nan,nan,nan,nan,nan,nan,nan,nan,nan,nan,nan,nan,nan,nan,nan,nan,nan,nan,nan,nan,nan,nan,nan,nan,nan,nan,74.80480803717528,-19.856927896067734,0.05499481800863576,0.022473814547714042,0.022473814547714042,0.022473814547714042,74.80231000339406,-19.895350452192012,0.07233162847292764,0.002498033781222375,0.03842255612427792,-0.017336810464291877,0.03850367504401904,0.04222674494879039,0.027227401733398438,False,DISABLED,none,MODEL_ORIGIN_FRAME_NOT_ESTABLISHED,nan,nan,nan,nan,nan,nan,nan,nan,nan,nan,nan,nan,nan,NOT_EVALUATED,nan,nan,nan,nan,DISABLED,nan,nan,nan,nan,nan,nan
1791471031.9841592,1791471032.0001442,1791471032.0055058,1791471032.0055285,front_rgbd_red_sphere,True,True,True,,40.8,40.8,1791471032.0001442,1791471031.9985337,1791471031.9841592,1791471031.9841592,1791471031.9841592,0.0,1791471030.992165,1791471031.9881718,1791471031.9788818,1791471031.9881718,1791471031.982882,1791471031.9921765,1791471030.9881675,1791471031.9881718,1791471030.992165,1791471031.9921765,1791470991.1841593,GAZEBO_CLOCK_SYSTEM_INTERPOLATION,MAPPED_EXACT,0,40.8,1791471031.9841592,0.004210710525512695,0.0,RGB,0.0,0,1,0,UNCALIBRATED,PREPARATION,MID,TURNING,1.0,336,1.0,6.989246845245361,0.31312400102615356,nan,nan,False,0.0,0.0,0.0,0.0,0,0,0,0,0,0.0,0.0,0.0,0.0,0.0,0.0,0.0,0.0,0.0,0.0,0.0,0.0,0.0,0.0,6.649401175726297,-1.172047187355778,-1.805918397802257,0.0,0.0,0.0,0.0,0.0,0.0,0.0,0.0,0.0,0.0,0.0,False,DISABLED,0,nan,nan,nan,nan,nan,nan,nan,nan,nan,nan,nan,nan,nan,nan,nan,nan,nan,nan,nan,nan,nan,nan,nan,nan,nan,nan,nan,nan,nan,nan,nan,nan,nan,nan,75.00378511943264,-19.883300939319586,0.04443082080268296,0.022467752184744706,0.022467752184744706,0.022467752184744706,74.9927516621474,-19.9199994340971,0.062236301561785924,0.011033457285236636,0.03669849477751441,-0.017805480759102967,0.03832123038996,0.04225579065244407,0.01598501205444336,False,DISABLED,none,MODEL_ORIGIN_FRAME_NOT_ESTABLISHED,nan,nan,nan,nan,nan,nan,nan,nan,nan,nan,nan,nan,nan,NOT_EVALUATED,nan,nan,nan,nan,DISABLED,nan,nan,nan,nan,nan,nan
1791471032.0361571,1791471032.0546875,1791471032.0602486,1791471032.060272,front_rgbd_red_sphere,True,True,True,,40.852,40.852,1791471032.0546875,1791471032.0538247,1791471032.0361571,1791471032.0361571,1791471032.0361571,0.0,1791471031.0321586,1791471032.0521657,1791471032.042882,1791471032.0521657,1791471032.042882,1791471032.0521657,1791471031.0281594,1791471032.0521657,1791471031.0321586,1791471032.0521657,1791470991.1841571,GAZEBO_CLOCK_SYSTEM_INTERPOLATION,MAPPED_EXACT,0,40.852,1791471032.0361571,0.001323699951171875,0.0,RGB,0.0,0,1,0,UNCALIBRATED,PREPARATION,MID,TURNING,1.0,339,1.0,6.976192951202393,0.3158476650714874,nan,nan,False,0.0,0.0,0.0,0.0,0,0,0,0,0,0.0,0.0,0.0,0.0,0.0,0.0,0.0,0.0,0.0,0.0,0.0,0.0,0.0,0.0,6.631104699346705,-1.203166567407596,-1.8022518718147076,0.0,0.0,0.0,0.0,0.0,0.0,0.0,0.0,0.0,0.0,0.0,False,DISABLED,0,nan,nan,nan,nan,nan,nan,nan,nan,nan,nan,nan,nan,nan,nan,nan,nan,nan,nan,nan,nan,nan,nan,nan,nan,nan,nan,nan,nan,nan,nan,nan,nan,nan,nan,75.2034016351165,-19.90612257533977,0.033965645519012766,0.02242863618370972,0.02242863618370972,0.02242863618370972,75.19947195879183,-19.943056254099023,0.050893501266337335,0.003929676324673892,0.03693367875925446,-0.01692785574732457,0.03714214563953605,0.04081778145503178,0.01853036880493164,False,DISABLED,none,MODEL_ORIGIN_FRAME_NOT_ESTABLISHED,nan,nan,nan,nan,nan,nan,nan,nan,nan,nan,nan,nan,nan,NOT_EVALUATED,nan,nan,nan,nan,DISABLED,nan,nan,nan,nan,nan,nan
1791471032.084156,1791471032.0988572,1791471032.1022663,1791471032.1022897,front_rgbd_red_sphere,True,True,True,,40.9,40.9,1791471032.0988572,1791471032.097811,1791471032.084156,1791471032.084156,1791471032.084156,0.0,1791471031.092163,1791471032.0921686,1791471032.082882,1791471032.0921686,1791471032.082882,1791471032.0921686,1791471031.092163,1791471032.0921686,1791471031.092163,1791471032.0921686,1791470991.184156,GAZEBO_CLOCK_SYSTEM_INTERPOLATION,MAPPED_EXACT,0,40.9,1791471032.084156,0.0028955936431884766,0.0,RGB,0.0,0,1,0,UNCALIBRATED,PREPARATION,MID,TURNING,1.0,340,1.0,6.973998546600342,0.3173159658908844,nan,nan,False,0.0,0.0,0.0,0.0,0,0,0,0,0,0.0,0.0,0.0,0.0,0.0,0.0,0.0,0.0,0.0,0.0,0.0,0.0,0.0,0.0,6.62583101767977,-1.2378853845535334,-1.7895982891654443,0.0,0.0,0.0,0.0,0.0,0.0,0.0,0.0,0.0,0.0,0.0,False,DISABLED,0,nan,nan,nan,nan,nan,nan,nan,nan,nan,nan,nan,nan,nan,nan,nan,nan,nan,nan,nan,nan,nan,nan,nan,nan,nan,nan,nan,nan,nan,nan,nan,nan,nan,nan,75.40364203725656,-19.92569733649949,0.022834743154422965,0.02242206393631303,0.02242206393631303,0.02242206393631303,75.39059979912592,-19.961066796823005,0.040129891499752865,0.013042238130637429,0.03536946032351551,-0.0172951483453299,0.03769746276651773,0.04147554526850682,0.014701128005981445,False,DISABLED,none,MODEL_ORIGIN_FRAME_NOT_ESTABLISHED,nan,nan,nan,nan,nan,nan,nan,nan,nan,nan,nan,nan,nan,NOT_EVALUATED,nan,nan,nan,nan,DISABLED,nan,nan,nan,nan,nan,nan
1791471032.1361578,1791471032.153576,1791471032.1623585,1791471032.1623783,front_rgbd_red_sphere,True,True,True,,40.952,40.952,1791471032.153576,1791471032.152191,1791471032.1361578,1791471032.1361578,1791471032.1361578,0.0,1791471031.1321602,1791471032.1481614,1791471032.138882,1791471032.1481614,1791471032.1428819,1791471032.1521719,1791471031.1321602,1791471032.1481614,1791471031.1321602,1791471032.1521719,1791470991.1841578,GAZEBO_CLOCK_SYSTEM_INTERPOLATION,MAPPED_EXACT,0,40.952,1791471032.1361578,0.00177764892578125,0.0,RGB,0.0,0,1,0,UNCALIBRATED,PREPARATION,MID,TURNING,1.0,346,1.0,6.960222244262695,0.32011929154396057,nan,nan,False,0.0,0.0,0.0,0.0,0,0,0,0,0,0.0,0.0,0.0,0.0,0.0,0.0,0.0,0.0,0.0,0.0,0.0,0.0,0.0,0.0,6.6066284370166235,-1.2704043739594928,-1.7841608379880118,0.0,0.0,0.0,0.0,0.0,0.0,0.0,0.0,0.0,0.0,0.0,False,DISABLED,0,nan,nan,nan,nan,nan,nan,nan,nan,nan,nan,nan,nan,nan,nan,nan,nan,nan,nan,nan,nan,nan,nan,nan,nan,nan,nan,nan,nan,nan,nan,nan,nan,nan,nan,75.60374231035968,-19.94157553279322,0.011424509952568107,0.02238082555826038,0.02238082555826038,0.02238082555826038,75.5979832350306,-19.97673397070045,0.028206975604128125,0.005759075329081043,0.03515843790723139,-0.016782465651560018,0.03562699404556431,0.03938189759354501,0.01741814613342285,False,DISABLED,none,MODEL_ORIGIN_FRAME_NOT_ESTABLISHED,nan,nan,nan,nan,nan,nan,nan,nan,nan,nan,nan,nan,nan,NOT_EVALUATED,nan,nan,nan,nan,DISABLED,nan,nan,nan,nan,nan,nan
1791471032.1841598,1791471032.2105165,1791471032.2173967,1791471032.2174325,front_rgbd_red_sphere,True,True,True,,41.0,41.0,1791471032.2105165,1791471032.2063513,1791471032.1841598,1791471032.1841598,1791471032.1841598,0.0,1791471031.1721604,1791471032.1881711,1791471032.178882,1791471032.1881711,1791471032.1828818,1791471032.1921668,1791471031.1721604,1791471032.1881711,1791471031.1721604,1791471032.1921668,1791470991.1841598,GAZEBO_CLOCK_SYSTEM_INTERPOLATION,MAPPED_EXACT,0,41.0,1791471032.1841598,0.0029180049896240234,0.0,RGB,0.0,0,1,0,UNCALIBRATED,PREPARATION,MID,TURNING,1.0,348,1.0,6.957860469818115,0.32182809710502625,nan,nan,False,0.0,0.0,0.0,0.0,0,0,0,0,0,0.0,0.0,0.0,0.0,0.0,0.0,0.0,0.0,0.0,0.0,0.0,0.0,0.0,0.0,6.600635348730869,-1.3059675211696025,-1.7714071232515827,0.0,0.0,0.0,0.0,0.0,0.0,0.0,0.0,0.0,0.0,0.0,False,DISABLED,0,nan,nan,nan,nan,nan,nan,nan,nan,nan,nan,nan,nan,nan,nan,nan,nan,nan,nan,nan,nan,nan,nan,nan,nan,nan,nan,nan,nan,nan,nan,nan,nan,nan,nan,75.80453362378272,-19.95386006252335,0.0001867019353048449,0.022373758779680272,0.022373758779680272,0.022373758779680272,75.78967829728832,-19.987755151758492,0.01703484757307027,0.014855326494398469,0.033895089235141285,-0.016848145637765426,0.037007537063595136,0.04066224060408774,0.02635669708251953,False,DISABLED,none,MODEL_ORIGIN_FRAME_NOT_ESTABLISHED,nan,nan,nan,nan,nan,nan,nan,nan,nan,nan,nan,nan,nan,NOT_EVALUATED,nan,nan,nan,nan,DISABLED,nan,nan,nan,nan,nan,nan
1791471032.2361572,1791471032.2543855,1791471032.2635365,1791471032.263576,front_rgbd_red_sphere,True,True,True,,41.052,41.052,1791471032.2543855,1791471032.2532587,1791471032.2361572,1791471032.2361572,1791471032.2361572,0.0,1791471031.2321575,1791471032.252168,1791471032.242882,1791471032.252168,1791471032.242882,1791471032.252168,1791471031.2281618,1791471032.252168,1791471031.2321575,1791471032.252168,1791470991.1841571,GAZEBO_CLOCK_SYSTEM_INTERPOLATION,MAPPED_EXACT,0,41.052,1791471032.2361572,0.002407073974609375,0.0,RGB,0.0,0,1,0,UNCALIBRATED,PREPARATION,MID,TURNING,1.0,346,1.0,6.943984508514404,0.3251669108867645,nan,nan,False,0.0,0.0,0.0,0.0,0,0,0,0,0,0.0,0.0,0.0,0.0,0.0,0.0,0.0,0.0,0.0,0.0,0.0,0.0,0.0,0.0,6.580101969883465,-1.3392160501277681,-1.7685254495972984,0.0,0.0,0.0,0.0,0.0,0.0,0.0,0.0,0.0,0.0,0.0,False,DISABLED,0,nan,nan,nan,nan,nan,nan,nan,nan,nan,nan,nan,nan,nan,nan,nan,nan,nan,nan,nan,nan,nan,nan,nan,nan,nan,nan,nan,nan,nan,nan,nan,nan,nan,nan,76.00515706807772,-19.96192021161547,-0.010933539889364796,0.022332267939178824,0.022332267939178824,0.022332267939178824,75.99750549088056,-19.995646187960773,0.00482361977264451,0.007651577197165693,0.033725976345301945,-0.015757159662009308,0.03458306108556691,0.03800363396653149,0.01822829246520996,False,DISABLED,none,MODEL_ORIGIN_FRAME_NOT_ESTABLISHED,nan,nan,nan,nan,nan,nan,nan,nan,nan,nan,nan,nan,nan,NOT_EVALUATED,nan,nan,nan,nan,DISABLED,nan,nan,nan,nan,nan,nan
1791471032.2841601,1791471032.3060627,1791471032.3108432,1791471032.3108742,front_rgbd_red_sphere,True,True,True,,41.1,41.1,1791471032.3060627,1791471032.3046958,1791471032.2841601,1791471032.2841601,1791471032.2841601,0.0,1791471031.2921784,1791471032.2921808,1791471032.282882,1791471032.2921808,1791471032.282882,1791471032.2921808,1791471031.2921784,1791471032.2921808,1791471031.2921784,1791471032.2921808,1791470991.1841602,GAZEBO_CLOCK_SYSTEM_INTERPOLATION,MAPPED_EXACT,0,41.1,1791471032.2841601,0.002246379852294922,0.0,RGB,0.0,0,1,0,UNCALIBRATED,PREPARATION,MID,TURNING,1.0,348,1.0,6.941542625427246,0.3273122310638428,nan,nan,False,0.0,0.0,0.0,0.0,0,0,0,0,0,0.0,0.0,0.0,0.0,0.0,0.0,0.0,0.0,0.0,0.0,0.0,0.0,0.0,0.0,6.573015103125252,-1.3762766451992716,-1.756800136830476,0.0,0.0,0.0,0.0,0.0,0.0,0.0,0.0,0.0,0.0,0.0,False,DISABLED,0,nan,nan,nan,nan,nan,nan,nan,nan,nan,nan,nan,nan,nan,nan,nan,nan,nan,nan,nan,nan,nan,nan,nan,nan,nan,nan,nan,nan,nan,nan,nan,nan,nan,nan,76.20654187861086,-19.966157405601848,-0.022229472230963887,0.022324969096951034,0.022324969096951034,0.022324969096951034,76.18941186675308,-19.999318634939314,-0.006475874119304516,0.017130011857787508,0.033161229337466125,-0.01575359811165937,0.037324314292696184,0.04051271764376765,0.02190256118774414,False,DISABLED,none,MODEL_ORIGIN_FRAME_NOT_ESTABLISHED,nan,nan,nan,nan,nan,nan,nan,nan,nan,nan,nan,nan,nan,NOT_EVALUATED,nan,nan,nan,nan,DISABLED,nan,nan,nan,nan,nan,nan
1791471032.3361628,1791471032.3526046,1791471032.3606408,1791471032.360665,front_rgbd_red_sphere,True,True,True,,41.152,41.152,1791471032.3526046,1791471032.3517327,1791471032.3361628,1791471032.3361628,1791471032.3361628,0.0,1791471031.3321579,1791471032.348165,1791471032.338882,1791471032.348165,1791471032.342882,1791471032.3521652,1791471031.3321579,1791471032.348165,1791471031.3321579,1791471032.3521652,1791470991.1841629,GAZEBO_CLOCK_SYSTEM_INTERPOLATION,MAPPED_EXACT,0,41.152,1791471032.3361628,0.0010848045349121094,0.0,RGB,0.0,0,1,0,UNCALIBRATED,PREPARATION,MID,TURNING,1.0,353,1.0,6.9277849197387695,0.33035844564437866,nan,nan,False,0.0,0.0,0.0,0.0,0,0,0,0,0,0.0,0.0,0.0,0.0,0.0,0.0,0.0,0.0,0.0,0.0,0.0,0.0,0.0,0.0,6.5531729225600825,-1.4110116615737498,-1.749050073789765,0.0,0.0,0.0,0.0,0.0,0.0,0.0,0.0,0.0,0.0,0.0,False,DISABLED,0,nan,nan,nan,nan,nan,nan,nan,nan,nan,nan,nan,nan,nan,nan,nan,nan,nan,nan,nan,nan,nan,nan,nan,nan,nan,nan,nan,nan,nan,nan,nan,nan,nan,nan,76.40819187894361,-19.966245488300167,-0.03363416183570406,0.022283876590362378,0.022283876590362378,0.022283876590362378,76.39746557608235,-19.999063024916016,-0.018679058728759662,0.010726302861257864,0.0328175366158483,-0.014955103106944395,0.03452599430290129,0.03762578094263706,0.016441822052001953,False,DISABLED,none,MODEL_ORIGIN_FRAME_NOT_ESTABLISHED,nan,nan,nan,nan,nan,nan,nan,nan,nan,nan,nan,nan,nan,NOT_EVALUATED,nan,nan,nan,nan,DISABLED,nan,nan,nan,nan,nan,nan
1791471032.3841558,1791471032.40374,1791471032.4092696,1791471032.4092906,front_rgbd_red_sphere,True,True,True,,41.2,41.2,1791471032.40374,1791471032.4020379,1791471032.3841558,1791471032.3841558,1791471032.3841558,0.0,1791471031.372159,1791471032.388165,1791471032.378882,1791471032.388165,1791471032.3828819,1791471032.392167,1791471031.372159,1791471032.388165,1791471031.372159,1791471032.392167,1791470991.1841557,GAZEBO_CLOCK_SYSTEM_INTERPOLATION,MAPPED_EXACT,0,41.2,1791471032.3841558,0.003928422927856445,0.0,RGB,0.0,0,1,0,UNCALIBRATED,PREPARATION,MID,TURNING,1.0,354,1.0,6.924892902374268,0.33209428191185,nan,nan,False,0.0,0.0,0.0,0.0,0,0,0,0,0,0.0,0.0,0.0,0.0,0.0,0.0,0.0,0.0,0.0,0.0,0.0,0.0,0.0,0.0,6.546528142711774,-1.4490639080297987,-1.7312785942400426,0.0,0.0,0.0,0.0,0.0,0.0,0.0,0.0,0.0,0.0,0.0,False,DISABLED,0,nan,nan,nan,nan,nan,nan,nan,nan,nan,nan,nan,nan,nan,nan,nan,nan,nan,nan,nan,nan,nan,nan,nan,nan,nan,nan,nan,nan,nan,nan,nan,nan,nan,nan,76.60934518986193,-19.962505747493456,-0.04493606966693248,0.02227524298594575,0.02227524298594575,0.02227524298594575,76.5894092024669,-19.99504898953067,-0.02983417253949811,0.019935987395029997,0.032543242037213815,-0.015101897127434368,0.038164200446327644,0.041043556041784265,0.019584178924560547,False,DISABLED,none,MODEL_ORIGIN_FRAME_NOT_ESTABLISHED,nan,nan,nan,nan,nan,nan,nan,nan,nan,nan,nan,nan,nan,NOT_EVALUATED,nan,nan,nan,nan,DISABLED,nan,nan,nan,nan,nan,nan
1791471032.4361644,1791471032.4550967,1791471032.4603724,1791471032.4603927,front_rgbd_red_sphere,True,True,True,,41.252,41.252,1791471032.4550967,1791471032.4544182,1791471032.4361644,1791471032.4361644,1791471032.4361644,0.0,1791471031.4521666,1791471032.4521716,1791471032.4428818,1791471032.4521716,1791471032.4428818,1791471032.4521716,1791471031.4521666,1791471032.4521716,1791471031.4521666,1791471032.4521716,1791470991.1841643,GAZEBO_CLOCK_SYSTEM_INTERPOLATION,MAPPED_EXACT,0,41.252,1791471032.4361644,0.0012154579162597656,0.0,RGB,0.0,0,1,0,UNCALIBRATED,PREPARATION,MID,TURNING,1.0,358,1.0,6.911337852478027,0.3353835940361023,nan,nan,False,0.0,0.0,0.0,0.0,0,0,0,0,0,0.0,0.0,0.0,0.0,0.0,0.0,0.0,0.0,0.0,0.0,0.0,0.0,0.0,0.0,6.526266579920206,-1.4845188033668926,-1.7235539698634952,0.0,0.0,0.0,0.0,0.0,0.0,0.0,0.0,0.0,0.0,0.0,False,DISABLED,0,nan,nan,nan,nan,nan,nan,nan,nan,nan,nan,nan,nan,nan,nan,nan,nan,nan,nan,nan,nan,nan,nan,nan,nan,nan,nan,nan,nan,nan,nan,nan,nan,nan,nan,76.8104955045534,-19.954178699909104,-0.05580320963678703,0.02223479942328571,0.02223479942328571,0.02223479942328571,76.79722391529137,-19.986292773944886,-0.041721178420117945,0.013271589262032535,0.032114074035781925,-0.014082031216669087,0.034748364461018595,0.0374933652251038,0.018932342529296875,False,DISABLED,none,MODEL_ORIGIN_FRAME_NOT_ESTABLISHED,nan,nan,nan,nan,nan,nan,nan,nan,nan,nan,nan,nan,nan,NOT_EVALUATED,nan,nan,nan,nan,DISABLED,nan,nan,nan,nan,nan,nan
1791471032.484161,1791471032.5049086,1791471032.5095222,1791471032.5095496,front_rgbd_red_sphere,True,True,True,,41.3,41.3,1791471032.5049086,1791471032.502613,1791471032.484161,1791471032.484161,1791471032.484161,0.0,1791471031.4921634,1791471032.492174,1791471032.482882,1791471032.492174,1791471032.482882,1791471032.492174,1791471031.4921634,1791471032.492174,1791471031.4921634,1791471032.492174,1791470991.184161,GAZEBO_CLOCK_SYSTEM_INTERPOLATION,MAPPED_EXACT,0,41.3,1791471032.484161,0.0010197162628173828,0.0,RGB,0.0,0,1,0,UNCALIBRATED,PREPARATION,MID,TURNING,1.0,355,1.0,6.909173965454102,0.33797353506088257,nan,nan,False,0.0,0.0,0.0,0.0,0,0,0,0,0,0.0,0.0,0.0,0.0,0.0,0.0,0.0,0.0,0.0,0.0,0.0,0.0,0.0,0.0,6.518311757866402,-1.5237604778013916,-1.710686752179825,0.0,0.0,0.0,0.0,0.0,0.0,0.0,0.0,0.0,0.0,0.0,False,DISABLED,0,nan,nan,nan,nan,nan,nan,nan,nan,nan,nan,nan,nan,nan,nan,nan,nan,nan,nan,nan,nan,nan,nan,nan,nan,nan,nan,nan,nan,nan,nan,nan,nan,nan,nan,77.01120860389796,-19.941776738497648,-0.0664376626593634,0.022228346497801556,0.022228346497801556,0.022228346497801556,76.98892578746396,-19.974278713839155,-0.052459715614986885,0.022282816434000097,0.032501975341507006,-0.01397794704437652,0.0394068814971608,0.041812501873323346,0.020747661590576172,False,DISABLED,none,MODEL_ORIGIN_FRAME_NOT_ESTABLISHED,nan,nan,nan,nan,nan,nan,nan,nan,nan,nan,nan,nan,nan,NOT_EVALUATED,nan,nan,nan,nan,DISABLED,nan,nan,nan,nan,nan,nan
1791471032.536161,1791471032.5639668,1791471032.5677972,1791471032.5678194,front_rgbd_red_sphere,True,True,True,,41.352,41.352,1791471032.5639668,1791471032.562469,1791471032.536161,1791471032.536161,1791471032.536161,0.0,1791471031.552173,1791471032.5481815,1791471032.538882,1791471032.5481815,1791471032.542882,1791471032.5521781,1791471031.5481749,1791471032.5481815,1791471031.552173,1791471032.5521781,1791470991.184161,GAZEBO_CLOCK_SYSTEM_INTERPOLATION,MAPPED_EXACT,0,41.352,1791471032.536161,0.004021167755126953,0.0,RGB,0.0,0,1,0,UNCALIBRATED,PREPARATION,MID,TURNING,1.0,360,1.0,6.896193504333496,0.34180158376693726,nan,nan,False,0.0,0.0,0.0,0.0,0,0,0,0,0,0.0,0.0,0.0,0.0,0.0,0.0,0.0,0.0,0.0,0.0,0.0,0.0,0.0,0.0,6.497264799034685,-1.5593253484578353,-1.7063234952580975,0.0,0.0,0.0,0.0,0.0,0.0,0.0,0.0,0.0,0.0,0.0,False,DISABLED,0,nan,nan,nan,nan,nan,nan,nan,nan,nan,nan,nan,nan,nan,nan,nan,nan,nan,nan,nan,nan,nan,nan,nan,nan,nan,nan,nan,nan,nan,nan,nan,nan,nan,nan,77.21162900378204,-19.924874839887607,-0.07680978623926199,0.02218965818525071,0.02218965818525071,0.02218965818525071,77.19614894865445,-19.956705460254327,-0.06373908312179022,0.01548005512758266,0.03183062036671913,-0.013070703117471771,0.035395204472967706,0.037731469354747894,0.027805805206298828,False,DISABLED,none,MODEL_ORIGIN_FRAME_NOT_ESTABLISHED,nan,nan,nan,nan,nan,nan,nan,nan,nan,nan,nan,nan,nan,NOT_EVALUATED,nan,nan,nan,nan,DISABLED,nan,nan,nan,nan,nan,nan
1791471032.5842273,1791471032.604699,1791471032.6105251,1791471032.6105623,front_rgbd_red_sphere,True,True,True,,41.4,41.4,1791471032.604699,1791471032.6030242,1791471032.5842273,1791471032.5842273,1791471032.5842273,0.0,1791471031.592168,1791471032.5882096,1791471032.578912,1791471032.5882096,1791471032.582912,1791471032.592186,1791471031.5881693,1791471032.5882096,1791471031.592168,1791471032.592186,1791470991.1842272,GAZEBO_CLOCK_SYSTEM_INTERPOLATION,MAPPED_EXACT,0,41.4,1791471032.5842273,0.0009746551513671875,0.0,RGB,0.0,0,1,0,UNCALIBRATED,PREPARATION,MID,TURNING,1.0,362,1.0,6.894724369049072,0.34457382559776306,nan,nan,False,0.0,0.0,0.0,0.0,0,0,0,0,0,0.0,0.0,0.0,0.0,0.0,0.0,0.0,0.0,0.0,0.0,0.0,0.0,0.0,0.0,6.489449214161503,-1.5990327612609194,-1.6933311365551913,0.0,0.0,0.0,0.0,0.0,0.0,0.0,0.0,0.0,0.0,0.0,False,DISABLED,0,nan,nan,nan,nan,nan,nan,nan,nan,nan,nan,nan,nan,nan,nan,nan,nan,nan,nan,nan,nan,nan,nan,nan,nan,nan,nan,nan,nan,nan,nan,nan,nan,nan,nan,77.41199785673932,-19.903626434218328,-0.0869303597400774,0.02218528207001856,0.02218528207001856,0.02218528207001856,77.38727497491553,-19.936409146255485,-0.07379777863631723,0.024722881823791454,0.032782712037157324,-0.013132581103760171,0.04106004254971416,0.043109068426853955,0.020471572875976562,False,DISABLED,none,MODEL_ORIGIN_FRAME_NOT_ESTABLISHED,nan,nan,nan,nan,nan,nan,nan,nan,nan,nan,nan,nan,nan,NOT_EVALUATED,nan,nan,nan,nan,DISABLED,nan,nan,nan,nan,nan,nan
1791471032.6361568,1791471032.6557205,1791471032.663077,1791471032.663117,front_rgbd_red_sphere,True,True,True,,41.452,41.452,1791471032.6557205,1791471032.6545064,1791471032.6361568,1791471032.6361568,1791471032.6361568,0.0,1791471031.6321638,1791471032.6521628,1791471032.642912,1791471032.6521628,1791471032.642912,1791471032.6521628,1791471031.6281598,1791471032.6521628,1791471031.6321638,1791471032.6521628,1791470991.184157,GAZEBO_CLOCK_SYSTEM_INTERPOLATION,MAPPED_EXACT,0,41.452,1791471032.6361568,0.0022263526916503906,0.0,RGB,0.0,0,1,0,UNCALIBRATED,PREPARATION,MID,TURNING,1.0,364,1.0,6.882308006286621,0.3486420214176178,nan,nan,False,0.0,0.0,0.0,0.0,0,0,0,0,0,0.0,0.0,0.0,0.0,0.0,0.0,0.0,0.0,0.0,0.0,0.0,0.0,0.0,0.0,6.4682509194783435,-1.635515401729534,-1.6890766388360832,0.0,0.0,0.0,0.0,0.0,0.0,0.0,0.0,0.0,0.0,0.0,False,DISABLED,0,nan,nan,nan,nan,nan,nan,nan,nan,nan,nan,nan,nan,nan,nan,nan,nan,nan,nan,nan,nan,nan,nan,nan,nan,nan,nan,nan,nan,nan,nan,nan,nan,nan,nan,77.61094998851337,-19.877785262983352,-0.09649772917207672,0.022148308507454306,0.022148308507454306,0.022148308507454306,77.59334201405552,-19.909771365214894,-0.08418425203272954,0.0176079744578459,0.03198610223154219,-0.012313477139347176,0.03651234723315966,0.03853275515371367,0.019563674926757812,False,DISABLED,none,MODEL_ORIGIN_FRAME_NOT_ESTABLISHED,nan,nan,nan,nan,nan,nan,nan,nan,nan,nan,nan,nan,nan,NOT_EVALUATED,nan,nan,nan,nan,DISABLED,nan,nan,nan,nan,nan,nan
1791471032.68416,1791471032.7032855,1791471032.7088046,1791471032.70884,front_rgbd_red_sphere,True,True,True,,41.5,41.5,1791471032.7032855,1791471032.7012,1791471032.68416,1791471032.68416,1791471032.68416,0.0,1791471031.6921692,1791471032.692174,1791471032.6829119,1791471032.692174,1791471032.6829119,1791471032.692174,1791471031.6921692,1791471032.692174,1791471031.6921692,1791471032.692174,1791470991.18416,GAZEBO_CLOCK_SYSTEM_INTERPOLATION,MAPPED_EXACT,0,41.5,1791471032.68416,0.0034399032592773438,0.0,RGB,0.0,0,1,0,UNCALIBRATED,PREPARATION,MID,TURNING,1.0,362,1.0,6.881387710571289,0.3516802489757538,nan,nan,False,0.0,0.0,0.0,0.0,0,0,0,0,0,0.0,0.0,0.0,0.0,0.0,0.0,0.0,0.0,0.0,0.0,0.0,0.0,0.0,0.0,6.460214116113993,-1.677032245076897,-1.6753195566308254,0.0,0.0,0.0,0.0,0.0,0.0,0.0,0.0,0.0,0.0,0.0,False,DISABLED,0,nan,nan,nan,nan,nan,nan,nan,nan,nan,nan,nan,nan,nan,nan,nan,nan,nan,nan,nan,nan,nan,nan,nan,nan,nan,nan,nan,nan,nan,nan,nan,nan,nan,nan,77.80972774704104,-19.847406934527182,-0.10598174807786259,0.022145570531910182,0.022145570531910182,0.022145570531910182,77.78308110807242,-19.881023731628623,-0.0932950009849846,0.02664663896861441,0.033616797101441165,-0.012686747092877995,0.04289676462955153,0.04473349938783899,0.01912546157836914,False,DISABLED,none,MODEL_ORIGIN_FRAME_NOT_ESTABLISHED,nan,nan,nan,nan,nan,nan,nan,nan,nan,nan,nan,nan,nan,NOT_EVALUATED,nan,nan,nan,nan,DISABLED,nan,nan,nan,nan,nan,nan
1791471032.7361617,1791471032.7581666,1791471032.7642758,1791471032.764314,front_rgbd_red_sphere,True,True,True,,41.552,41.552,1791471032.7581666,1791471032.756461,1791471032.7361617,1791471032.7361617,1791471032.7361617,0.0,1791471031.7481675,1791471032.7481787,1791471032.7389119,1791471032.7481787,1791471032.7429118,1791471032.7521727,1791471031.7481675,1791471032.7481787,1791471031.7321613,1791471032.7521727,1791470991.1841617,GAZEBO_CLOCK_SYSTEM_INTERPOLATION,MAPPED_EXACT,0,41.552,1791471032.7361617,0.003287792205810547,0.0,RGB,0.0,0,1,0,UNCALIBRATED,PREPARATION,MID,TURNING,1.0,361,1.0,6.869825839996338,0.35569924116134644,nan,nan,False,0.0,0.0,0.0,0.0,0,0,0,0,0,0.0,0.0,0.0,0.0,0.0,0.0,0.0,0.0,0.0,0.0,0.0,0.0,0.0,0.0,6.439796904084128,-1.715001388006459,-1.6680213401637625,0.0,0.0,0.0,0.0,0.0,0.0,0.0,0.0,0.0,0.0,0.0,False,DISABLED,0,nan,nan,nan,nan,nan,nan,nan,nan,nan,nan,nan,nan,nan,nan,nan,nan,nan,nan,nan,nan,nan,nan,nan,nan,nan,nan,nan,nan,nan,nan,nan,nan,nan,nan,78.00756684699036,-19.812362442162577,-0.1146469094422668,0.022111172494058026,0.022111172494058026,0.022111172494058026,77.98807294151823,-19.845037809468693,-0.10255856817985641,0.0194939054721317,0.03267536730611553,-0.012088341262410388,0.03804854766145444,0.03992267493070152,0.02200484275817871,False,DISABLED,none,MODEL_ORIGIN_FRAME_NOT_ESTABLISHED,nan,nan,nan,nan,nan,nan,nan,nan,nan,nan,nan,nan,nan,NOT_EVALUATED,nan,nan,nan,nan,DISABLED,nan,nan,nan,nan,nan,nan
1791471032.7841592,1791471032.8135688,1791471032.8180346,1791471032.8180616,front_rgbd_red_sphere,True,True,True,,41.6,41.6,1791471032.8052256,1791471032.8135688,1791471032.7841592,1791471032.7841592,1791471032.7841592,0.0,1791471031.7921667,1791471032.7881646,1791471032.7789118,1791471032.7881646,1791471032.782912,1791471032.792194,1791471031.7721586,1791471032.7881646,1791471031.7921667,1791471032.792194,1791470991.1841593,GAZEBO_CLOCK_SYSTEM_INTERPOLATION,MAPPED_EXACT,0,41.6,1791471032.7841592,0.0017023086547851562,0.0,RGB,0.0,0,1,0,UNCALIBRATED,PREPARATION,MID,TURNING,1.0,371,1.0,6.869926929473877,0.358890175819397,nan,nan,False,0.0,0.0,0.0,0.0,0,0,0,0,0,0.0,0.0,0.0,0.0,0.0,0.0,0.0,0.0,0.0,0.0,0.0,0.0,0.0,0.0,6.432224686687822,-1.757446469904485,-1.6534096766121702,0.0,0.0,0.0,0.0,0.0,0.0,0.0,0.0,0.0,0.0,0.0,False,DISABLED,0,nan,nan,nan,nan,nan,nan,nan,nan,nan,nan,nan,nan,nan,nan,nan,nan,nan,nan,nan,nan,nan,nan,nan,nan,nan,nan,nan,nan,nan,nan,nan,nan,nan,nan,78.20476502956159,-19.772799541908658,-0.12292760825520771,0.022111472701131275,0.022111472701131275,0.022111472701131275,78.17634220984006,-19.80762430487261,-0.11051340270563713,0.02842281972152705,0.03482476296395376,-0.012414205549570581,0.044951315847458706,0.04663403580910601,0.02940964698791504,False,DISABLED,none,MODEL_ORIGIN_FRAME_NOT_ESTABLISHED,nan,nan,nan,nan,nan,nan,nan,nan,nan,nan,nan,nan,nan,NOT_EVALUATED,nan,nan,nan,nan,DISABLED,nan,nan,nan,nan,nan,nan
1791471032.8361595,1791471032.8685267,1791471032.8728364,1791471032.8728607,front_rgbd_red_sphere,True,True,True,,41.652,41.652,1791471032.8685267,1791471032.8576868,1791471032.8361595,1791471032.8361595,1791471032.8361595,0.0,1791471031.8321583,1791471032.8521655,1791471032.842912,1791471032.8521655,1791471032.842912,1791471032.8521655,1791471031.828156,1791471032.8521655,1791471031.8321583,1791471032.8521655,1791470991.1841595,GAZEBO_CLOCK_SYSTEM_INTERPOLATION,MAPPED_EXACT,0,41.652,1791471032.8361595,0.0007910728454589844,0.0,RGB,0.0,0,1,0,UNCALIBRATED,PREPARATION,MID,TURNING,1.0,373,1.0,6.859653472900391,0.36338070034980774,nan,nan,False,0.0,0.0,0.0,0.0,0,0,0,0,0,0.0,0.0,0.0,0.0,0.0,0.0,0.0,0.0,0.0,0.0,0.0,0.0,0.0,0.0,6.411721773128528,-1.7963807859752077,-1.6485401112893685,0.0,0.0,0.0,0.0,0.0,0.0,0.0,0.0,0.0,0.0,0.0,False,DISABLED,0,nan,nan,nan,nan,nan,nan,nan,nan,nan,nan,nan,nan,nan,nan,nan,nan,nan,nan,nan,nan,nan,nan,nan,nan,nan,nan,nan,nan,nan,nan,nan,nan,nan,nan,78.40093331807479,-19.72803655822864,-0.13052321159608032,0.02208092986366008,0.02208092986366008,0.02208092986366008,78.37924095514161,-19.762242980606864,-0.1184014405550878,0.02169236293318022,0.034206422378222356,-0.012121771040992518,0.04050478911859883,0.04227972652125847,0.03236722946166992,False,DISABLED,none,MODEL_ORIGIN_FRAME_NOT_ESTABLISHED,nan,nan,nan,nan,nan,nan,nan,nan,nan,nan,nan,nan,nan,NOT_EVALUATED,nan,nan,nan,nan,DISABLED,nan,nan,nan,nan,nan,nan
1791471032.884157,1791471032.9113934,1791471032.917296,1791471032.9173238,front_rgbd_red_sphere,True,True,True,,41.7,41.7,1791471032.9025438,1791471032.9113934,1791471032.884157,1791471032.884157,1791471032.884157,0.0,1791471031.8721611,1791471032.8921692,1791471032.882912,1791471032.8921692,1791471032.882912,1791471032.8921692,1791471031.8681827,1791471032.8921692,1791471031.8721611,1791471032.8921692,1791470991.184157,GAZEBO_CLOCK_SYSTEM_INTERPOLATION,MAPPED_EXACT,0,41.7,1791471032.884157,0.003540515899658203,0.0,RGB,0.0,0,1,0,UNCALIBRATED,PREPARATION,MID,TURNING,1.0,373,1.0,6.860528945922852,0.36720097064971924,nan,nan,False,0.0,0.0,0.0,0.0,0,0,0,0,0,0.0,0.0,0.0,0.0,0.0,0.0,0.0,0.0,0.0,0.0,0.0,0.0,0.0,0.0,6.403177795842797,-1.839240596603747,-1.6380986488346507,0.0,0.0,0.0,0.0,0.0,0.0,0.0,0.0,0.0,0.0,0.0,False,DISABLED,0,nan,nan,nan,nan,nan,nan,nan,nan,nan,nan,nan,nan,nan,nan,nan,nan,nan,nan,nan,nan,nan,nan,nan,nan,nan,nan,nan,nan,nan,nan,nan,nan,nan,nan,78.59532289345084,-19.679270597029713,-0.1375164014944516,0.022083532406782572,0.022083532406782572,0.022083532406782572,78.56567160609532,-19.71604561325368,-0.12500655833373095,0.02965128735552014,0.03677501622396662,-0.012509843160720652,0.04723982070364616,0.048868157690038466,0.027236461639404297,False,DISABLED,none,MODEL_ORIGIN_FRAME_NOT_ESTABLISHED,nan,nan,nan,nan,nan,nan,nan,nan,nan,nan,nan,nan,nan,NOT_EVALUATED,nan,nan,nan,nan,DISABLED,nan,nan,nan,nan,nan,nan
1791471032.936159,1791471032.9625356,1791471032.967436,1791471032.9674563,front_rgbd_red_sphere,True,True,True,,41.752,41.752,1791471032.9625356,1791471032.9619124,1791471032.936159,1791471032.936159,1791471032.936159,0.0,1791471031.9521708,1791471032.9481742,1791471032.938912,1791471032.9481742,1791471032.9429119,1791471032.9521744,1791471031.9481711,1791471032.9481742,1791471031.9521708,1791471032.9521744,1791470991.1841588,GAZEBO_CLOCK_SYSTEM_INTERPOLATION,MAPPED_EXACT,0,41.752,1791471032.936159,0.0029401779174804688,0.0,RGB,0.0,0,1,0,UNCALIBRATED,PREPARATION,MID,TURNING,1.0,376,1.0,6.851009845733643,0.37175601720809937,nan,nan,False,0.0,0.0,0.0,0.0,0,0,0,0,0,0.0,0.0,0.0,0.0,0.0,0.0,0.0,0.0,0.0,0.0,0.0,0.0,0.0,0.0,6.383023515507098,-1.8785475530390725,-1.6323005786459437,0.0,0.0,0.0,0.0,0.0,0.0,0.0,0.0,0.0,0.0,0.0,False,DISABLED,0,nan,nan,nan,nan,nan,nan,nan,nan,nan,nan,nan,nan,nan,nan,nan,nan,nan,nan,nan,nan,nan,nan,nan,nan,nan,nan,nan,nan,nan,nan,nan,nan,nan,nan,78.78906632166165,-19.62567549901615,-0.1438961657617081,0.022055249209681556,0.022055249209681556,0.022055249209681556,78.7661826082285,-19.66116297605799,-0.13133218709359198,0.022883713433145658,0.03548747704184052,-0.012563978668116121,0.04222588503851031,0.04405540746898576,0.026376724243164062,False,DISABLED,none,MODEL_ORIGIN_FRAME_NOT_ESTABLISHED,nan,nan,nan,nan,nan,nan,nan,nan,nan,nan,nan,nan,nan,NOT_EVALUATED,nan,nan,nan,nan,DISABLED,nan,nan,nan,nan,nan,nan
1791471032.9842093,1791471033.0036888,1791471033.0089586,1791471033.0089912,front_rgbd_red_sphere,True,True,True,,41.8,41.8,1791471033.0036888,1791471033.0021193,1791471032.9842093,1791471032.9842093,1791471032.9842093,0.0,1791471031.9721649,1791471032.9881668,1791471032.9789119,1791471032.9881668,1791471032.9829118,1791471032.992165,1791471031.9721649,1791471032.9881668,1791471031.9721649,1791471032.992165,1791470991.1842093,GAZEBO_CLOCK_SYSTEM_INTERPOLATION,MAPPED_EXACT,0,41.8,1791471032.9842093,0.0038034915924072266,0.0,RGB,0.0,0,1,0,UNCALIBRATED,PREPARATION,MID,TURNING,1.0,378,1.0,6.85311222076416,0.37531718611717224,nan,nan,False,0.0,0.0,0.0,0.0,0,0,0,0,0,0.0,0.0,0.0,0.0,0.0,0.0,0.0,0.0,0.0,0.0,0.0,0.0,0.0,0.0,6.376076656218152,-1.9237141308989196,-1.615585911267142,0.0,0.0,0.0,0.0,0.0,0.0,0.0,0.0,0.0,0.0,0.0,False,DISABLED,0,nan,nan,nan,nan,nan,nan,nan,nan,nan,nan,nan,nan,nan,nan,nan,nan,nan,nan,nan,nan,nan,nan,nan,nan,nan,nan,nan,nan,nan,nan,nan,nan,nan,nan,78.98197885256546,-19.567637434804737,-0.14938176730870983,0.022061494331381694,0.022061494331381694,0.022061494331381694,78.95032738964329,-19.606150217146542,-0.13642363436795368,0.031651462922170026,0.03851278234180455,-0.01295813294075615,0.04985027090017382,0.05150691912870567,0.01947951316833496,False,DISABLED,none,MODEL_ORIGIN_FRAME_NOT_ESTABLISHED,nan,nan,nan,nan,nan,nan,nan,nan,nan,nan,nan,nan,nan,NOT_EVALUATED,nan,nan,nan,nan,DISABLED,nan,nan,nan,nan,nan,nan
1791471033.036163,1791471033.0680146,1791471033.0720391,1791471033.0720592,front_rgbd_red_sphere,True,True,True,,41.852,41.852,1791471033.0680146,1791471033.0668936,1791471033.036163,1791471033.036163,1791471033.036163,0.0,1791471032.0521657,1791471033.0521796,1791471033.042912,1791471033.0521796,1791471033.042912,1791471033.0521796,1791471032.0521657,1791471033.0521796,1791471032.0521657,1791471033.0521796,1791470991.184163,GAZEBO_CLOCK_SYSTEM_INTERPOLATION,MAPPED_EXACT,0,41.852,1791471033.036163,0.0004825592041015625,0.0,RGB,0.0,0,1,0,UNCALIBRATED,PREPARATION,MID,TURNING,1.0,380,1.0,6.844936370849609,0.37998729944229126,nan,nan,False,0.0,0.0,0.0,0.0,0,0,0,0,0,0.0,0.0,0.0,0.0,0.0,0.0,0.0,0.0,0.0,0.0,0.0,0.0,0.0,0.0,6.356682619998141,-1.9652096230544283,-1.6073866130823216,0.0,0.0,0.0,0.0,0.0,0.0,0.0,0.0,0.0,0.0,0.0,False,DISABLED,0,nan,nan,nan,nan,nan,nan,nan,nan,nan,nan,nan,nan,nan,nan,nan,nan,nan,nan,nan,nan,nan,nan,nan,nan,nan,nan,nan,nan,nan,nan,nan,nan,nan,nan,79.17310272511642,-19.50458018575185,-0.15381239077978476,0.022037213714903064,0.022037213714903064,0.022037213714903064,79.14791054418653,-19.54180903510633,-0.14103058234131086,0.02519218092989206,0.037228849354480786,-0.012781808438473902,0.04495145386150532,0.04673336956844525,0.03185153007507324,False,DISABLED,none,MODEL_ORIGIN_FRAME_NOT_ESTABLISHED,nan,nan,nan,nan,nan,nan,nan,nan,nan,nan,nan,nan,nan,NOT_EVALUATED,nan,nan,nan,nan,DISABLED,nan,nan,nan,nan,nan,nan
1791471033.0841594,1791471033.113299,1791471033.1194892,1791471033.1195273,front_rgbd_red_sphere,True,True,True,,41.9,41.9,1791471033.113299,1791471033.1013174,1791471033.0841594,1791471033.0841594,1791471033.0841594,0.0,1791471032.0721548,1791471033.0921645,1791471033.082912,1791471033.0921645,1791471033.082912,1791471033.0921645,1791471032.068159,1791471033.0921645,1791471032.0721548,1791471033.0921645,1791470991.1841593,GAZEBO_CLOCK_SYSTEM_INTERPOLATION,MAPPED_EXACT,0,41.9,1791471033.0841594,0.0015010833740234375,0.0,RGB,0.0,0,1,0,UNCALIBRATED,PREPARATION,MID,TURNING,1.0,379,1.0,6.84840202331543,0.3843092620372772,nan,nan,False,0.0,0.0,0.0,0.0,0,0,0,0,0,0.0,0.0,0.0,0.0,0.0,0.0,0.0,0.0,0.0,0.0,0.0,0.0,0.0,0.0,6.3488631858105045,-2.0115263860227106,-1.5957151345505647,0.0,0.0,0.0,0.0,0.0,0.0,0.0,0.0,0.0,0.0,0.0,False,DISABLED,0,nan,nan,nan,nan,nan,nan,nan,nan,nan,nan,nan,nan,nan,nan,nan,nan,nan,nan,nan,nan,nan,nan,nan,nan,nan,nan,nan,nan,nan,nan,nan,nan,nan,nan,79.36265393798125,-19.43718201166186,-0.15729166472053707,0.022047503976557758,0.022047503976557758,0.022047503976557758,79.32902538060753,-19.478131689962794,-0.1444756015599642,0.03362855737371717,0.0409496783009331,-0.012816063160572877,0.052988263077659935,0.05451612145891426,0.02913951873779297,False,DISABLED,none,MODEL_ORIGIN_FRAME_NOT_ESTABLISHED,nan,nan,nan,nan,nan,nan,nan,nan,nan,nan,nan,nan,nan,NOT_EVALUATED,nan,nan,nan,nan,DISABLED,nan,nan,nan,nan,nan,nan
1791471033.1361609,1791471033.166238,1791471033.1693935,1791471033.169415,front_rgbd_red_sphere,True,True,True,,41.952,41.952,1791471033.166238,1791471033.164935,1791471033.1361609,1791471033.1361609,1791471033.1361609,0.0,1791471032.1521719,1791471033.1481843,1791471033.138912,1791471033.1481843,1791471033.142912,1791471033.1521811,1791471032.1481614,1791471033.1481843,1791471032.1521719,1791471033.1521811,1791470991.184161,GAZEBO_CLOCK_SYSTEM_INTERPOLATION,MAPPED_EXACT,0,41.952,1791471033.1361609,0.002262592315673828,0.0,RGB,0.0,0,1,0,UNCALIBRATED,PREPARATION,MID,TURNING,1.0,386,1.0,6.841699600219727,0.3896941840648651,nan,nan,False,0.0,0.0,0.0,0.0,0,0,0,0,0,0.0,0.0,0.0,0.0,0.0,0.0,0.0,0.0,0.0,0.0,0.0,0.0,0.0,0.0,6.328745088725469,-2.052237350802823,-1.5950422816816996,0.0,0.0,0.0,0.0,0.0,0.0,0.0,0.0,0.0,0.0,0.0,False,DISABLED,0,nan,nan,nan,nan,nan,nan,nan,nan,nan,nan,nan,nan,nan,nan,nan,nan,nan,nan,nan,nan,nan,nan,nan,nan,nan,nan,nan,nan,nan,nan,nan,nan,nan,nan,79.55057522697373,-19.36502861208892,-0.15981437174509322,0.02202760448599418,0.02202760448599418,0.02202760448599418,79.52349573882911,-19.404337753820105,-0.1472561966560434,0.027079488144622132,0.03930914173118438,-0.012558175089049828,0.047733712424418366,0.049358029370957505,0.030077219009399414,False,DISABLED,none,MODEL_ORIGIN_FRAME_NOT_ESTABLISHED,nan,nan,nan,nan,nan,nan,nan,nan,nan,nan,nan,nan,nan,NOT_EVALUATED,nan,nan,nan,nan,DISABLED,nan,nan,nan,nan,nan,nan
1791471033.1842036,1791471033.208944,1791471033.2156615,1791471033.2157,front_rgbd_red_sphere,True,True,True,,42.0,42.0,1791471033.208944,1791471033.2043679,1791471033.1842036,1791471033.1842036,1791471033.1842036,0.0,1791471032.1921668,1791471033.1881742,1791471033.178912,1791471033.1881742,1791471033.1829119,1791471033.192178,1791471032.1881711,1791471033.1881742,1791471032.1921668,1791471033.192178,1791470991.1842036,GAZEBO_CLOCK_SYSTEM_INTERPOLATION,MAPPED_EXACT,0,42.0,1791471033.1842036,0.0019583702087402344,0.0,RGB,0.0,0,1,0,UNCALIBRATED,PREPARATION,MID,TURNING,1.0,383,1.0,6.846546649932861,0.3943353593349457,nan,nan,False,0.0,0.0,0.0,0.0,0,0,0,0,0,0.0,0.0,0.0,0.0,0.0,0.0,0.0,0.0,0.0,0.0,0.0,0.0,0.0,0.0,6.321088510061781,-2.0976281641389454,-1.5871341266792873,0.0,0.0,0.0,0.0,0.0,0.0,0.0,0.0,0.0,0.0,0.0,False,DISABLED,0,nan,nan,nan,nan,nan,nan,nan,nan,nan,nan,nan,nan,nan,nan,nan,nan,nan,nan,nan,nan,nan,nan,nan,nan,nan,nan,nan,nan,nan,nan,nan,nan,nan,nan,79.73694515455104,-19.28856589092234,-0.16134502085441488,0.022041994216658988,0.022041994216658988,0.022041994216658988,79.70150609136228,-19.33200078693682,-0.14897557269702918,0.03543906318876111,0.043434896014481694,-0.012369448157385693,0.05605816079292863,0.05740662539467106,0.02474045753479004,False,DISABLED,none,MODEL_ORIGIN_FRAME_NOT_ESTABLISHED,nan,nan,nan,nan,nan,nan,nan,nan,nan,nan,nan,nan,nan,NOT_EVALUATED,nan,nan,nan,nan,DISABLED,nan,nan,nan,nan,nan,nan
1791471033.236156,1791471033.264863,1791471033.2690344,1791471033.269056,front_rgbd_red_sphere,True,True,True,,42.052,42.052,1791471033.264863,1791471033.2535374,1791471033.236156,1791471033.236156,1791471033.236156,0.0,1791471032.252168,1791471033.2521682,1791471033.2429118,1791471033.2521682,1791471033.2429118,1791471033.2521682,1791471032.252168,1791471033.2521682,1791471032.252168,1791471033.2521682,1791470991.184156,GAZEBO_CLOCK_SYSTEM_INTERPOLATION,MAPPED_EXACT,0,42.052,1791471033.236156,0.0010771751403808594,0.0,RGB,0.0,0,1,0,UNCALIBRATED,PREPARATION,MID,TURNING,1.0,388,1.0,6.841047763824463,0.39970049262046814,nan,nan,False,0.0,0.0,0.0,0.0,0,0,0,0,0,0.0,0.0,0.0,0.0,0.0,0.0,0.0,0.0,0.0,0.0,0.0,0.0,0.0,0.0,6.301819768464197,-2.1381426616119033,-1.5859844577266118,0.0,0.0,0.0,0.0,0.0,0.0,0.0,0.0,0.0,0.0,0.0,False,DISABLED,0,nan,nan,nan,nan,nan,nan,nan,nan,nan,nan,nan,nan,nan,nan,nan,nan,nan,nan,nan,nan,nan,nan,nan,nan,nan,nan,nan,nan,nan,nan,nan,nan,nan,nan,79.9213194460259,-19.207683717915483,-0.1617852729835753,0.022025669575349505,0.022025669575349505,0.022025669575349505,79.89203137864047,-19.249086024151943,-0.14985553795742526,0.02928806738543699,0.04140230623645991,-0.011929735026150051,0.050714316054458475,0.052098564573946335,0.028707027435302734,False,DISABLED,none,MODEL_ORIGIN_FRAME_NOT_ESTABLISHED,nan,nan,nan,nan,nan,nan,nan,nan,nan,nan,nan,nan,nan,NOT_EVALUATED,nan,nan,nan,nan,DISABLED,nan,nan,nan,nan,nan,nan
1791471033.2841592,1791471033.311811,1791471033.319021,1791471033.3190641,front_rgbd_red_sphere,True,True,True,,42.1,42.1,1791471033.311811,1791471033.309905,1791471033.2841592,1791471033.2841592,1791471033.2841592,0.0,1791471032.2721624,1791471033.2921634,1791471033.282912,1791471033.2921634,1791471033.282912,1791471033.2921634,1791471032.2681594,1791471033.2921634,1791471032.2721624,1791471033.2921634,1791470991.1841593,GAZEBO_CLOCK_SYSTEM_INTERPOLATION,MAPPED_EXACT,0,42.1,1791471033.2841592,0.00409698486328125,0.0,RGB,0.0,0,1,0,UNCALIBRATED,PREPARATION,MID,TURNING,1.0,395,1.0,6.8472580909729,0.4045434594154358,nan,nan,False,0.0,0.0,0.0,0.0,0,0,0,0,0,0.0,0.0,0.0,0.0,0.0,0.0,0.0,0.0,0.0,0.0,0.0,0.0,0.0,0.0,6.294562604858314,-2.1839571704982386,-1.5791640527608406,0.0,0.0,0.0,0.0,0.0,0.0,0.0,0.0,0.0,0.0,0.0,False,DISABLED,0,nan,nan,nan,nan,nan,nan,nan,nan,nan,nan,nan,nan,nan,nan,nan,nan,nan,nan,nan,nan,nan,nan,nan,nan,nan,nan,nan,nan,nan,nan,nan,nan,nan,nan,80.10378069972231,-19.12275855491719,-0.16116981152204518,0.022044107943384145,0.022044107943384145,0.022044107943384145,80.0662940286304,-19.168403548346106,-0.14980545178084986,0.03748667109191217,0.04564499342891537,-0.011364359741195318,0.059065353081810414,0.06014868749196637,0.02765178680419922,False,DISABLED,none,MODEL_ORIGIN_FRAME_NOT_ESTABLISHED,nan,nan,nan,nan,nan,nan,nan,nan,nan,nan,nan,nan,nan,NOT_EVALUATED,nan,nan,nan,nan,DISABLED,nan,nan,nan,nan,nan,nan
1791471033.336159,1791471033.366264,1791471033.369748,1791471033.3697727,front_rgbd_red_sphere,True,True,True,,42.152,42.152,1791471033.366264,1791471033.3550427,1791471033.336159,1791471033.336159,1791471033.336159,0.0,1791471032.348165,1791471033.348166,1791471033.338912,1791471033.348166,1791471033.342912,1791471033.3521633,1791471032.348165,1791471033.348166,1791471032.3321576,1791471033.3521633,1791470991.184159,GAZEBO_CLOCK_SYSTEM_INTERPOLATION,MAPPED_EXACT,0,42.152,1791471033.336159,0.002315521240234375,0.0,RGB,0.0,0,1,0,UNCALIBRATED,PREPARATION,MID,TURNING,1.0,394,1.0,6.843132019042969,0.41008442640304565,nan,nan,False,0.0,0.0,0.0,0.0,0,0,0,0,0,0.0,0.0,0.0,0.0,0.0,0.0,0.0,0.0,0.0,0.0,0.0,0.0,0.0,0.0,6.275748355281159,-2.223254462227357,-1.5813207128521451,0.0,0.0,0.0,0.0,0.0,0.0,0.0,0.0,0.0,0.0,0.0,False,DISABLED,0,nan,nan,nan,nan,nan,nan,nan,nan,nan,nan,nan,nan,nan,nan,nan,nan,nan,nan,nan,nan,nan,nan,nan,nan,nan,nan,nan,nan,nan,nan,nan,nan,nan,nan,80.28395533935428,-19.033335474713024,-0.15974922604765845,0.022031856203854807,0.022031856203854807,0.022031856203854807,80.25290981318756,-19.076432345931988,-0.14876391976360467,0.031045526166721515,0.043096871218963884,-0.01098530628405378,0.05311464020242016,0.054238749598299364,0.030105113983154297,False,DISABLED,none,MODEL_ORIGIN_FRAME_NOT_ESTABLISHED,nan,nan,nan,nan,nan,nan,nan,nan,nan,nan,nan,nan,nan,NOT_EVALUATED,nan,nan,nan,nan,DISABLED,nan,nan,nan,nan,nan,nan
1791471033.3841581,1791471033.4102058,1791471033.4155521,1791471033.4155858,front_rgbd_red_sphere,True,True,True,,42.2,42.2,1791471033.4102058,1791471033.3991852,1791471033.3841581,1791471033.3841581,1791471033.3841581,0.0,1791471032.388165,1791471033.3881674,1791471033.378912,1791471033.3881674,1791471033.382912,1791471033.3921642,1791471032.388165,1791471033.3881674,1791471032.37216,1791471033.3921642,1791470991.184158,GAZEBO_CLOCK_SYSTEM_INTERPOLATION,MAPPED_EXACT,0,42.2,1791471033.3841581,0.0023441314697265625,0.0,RGB,0.0,0,1,0,UNCALIBRATED,PREPARATION,MID,TURNING,1.0,400,1.0,6.85093355178833,0.41487786173820496,nan,nan,False,0.0,0.0,0.0,0.0,0,0,0,0,0,0.0,0.0,0.0,0.0,0.0,0.0,0.0,0.0,0.0,0.0,0.0,0.0,0.0,0.0,6.26973856779379,-2.267484430223797,-1.576129691978004,0.0,0.0,0.0,0.0,0.0,0.0,0.0,0.0,0.0,0.0,0.0,False,DISABLED,0,nan,nan,nan,nan,nan,nan,nan,nan,nan,nan,nan,nan,nan,nan,nan,nan,nan,nan,nan,nan,nan,nan,nan,nan,nan,nan,nan,nan,nan,nan,nan,nan,nan,nan,80.46226532140702,-18.93979430939404,-0.1574728329385468,0.0220550230881542,0.0220550230881542,0.0220550230881542,80.42307501664652,-18.987687986093853,-0.14694756180573326,0.039190304760495565,0.04789367669981459,-0.01052527113281354,0.06188444275459612,0.06277312790889206,0.026047706604003906,False,DISABLED,none,MODEL_ORIGIN_FRAME_NOT_ESTABLISHED,nan,nan,nan,nan,nan,nan,nan,nan,nan,nan,nan,nan,nan,NOT_EVALUATED,nan,nan,nan,nan,DISABLED,nan,nan,nan,nan,nan,nan
1791471033.4361582,1791471033.4543145,1791471033.4617238,1791471033.4617581,front_rgbd_red_sphere,True,True,True,,42.252,42.252,1791471033.4543145,1791471033.453459,1791471033.4361582,1791471033.4361582,1791471033.4361582,0.0,1791471032.4321632,1791471033.4521706,1791471033.4429119,1791471033.4521706,1791471033.4429119,1791471033.4521706,1791471032.4281576,1791471033.4521706,1791471032.4321632,1791471033.4521706,1791470991.184158,GAZEBO_CLOCK_SYSTEM_INTERPOLATION,MAPPED_EXACT,0,42.252,1791471033.4361582,0.0013821125030517578,0.0,RGB,0.0,0,1,0,UNCALIBRATED,PREPARATION,MID,TURNING,1.0,398,1.0,6.848420143127441,0.42033475637435913,nan,nan,False,0.0,0.0,0.0,0.0,0,0,0,0,0,0.0,0.0,0.0,0.0,0.0,0.0,0.0,0.0,0.0,0.0,0.0,0.0,0.0,0.0,6.252281555155749,-2.305454236658909,-1.5794665043020546,0.0,0.0,0.0,0.0,0.0,0.0,0.0,0.0,0.0,0.0,0.0,False,DISABLED,0,nan,nan,nan,nan,nan,nan,nan,nan,nan,nan,nan,nan,nan,nan,nan,nan,nan,nan,nan,nan,nan,nan,nan,nan,nan,nan,nan,nan,nan,nan,nan,nan,nan,nan,80.63786944665583,-18.841835760461784,-0.15412507816489102,0.022047558045128708,0.022047558045128708,0.022047558045128708,80.60524093763856,-18.88706898163814,-0.14400907198271676,0.03262850901727177,0.045233221176356864,-0.010116006182174259,0.05577332604999816,0.05668330865217019,0.01815629005432129,False,DISABLED,none,MODEL_ORIGIN_FRAME_NOT_ESTABLISHED,nan,nan,nan,nan,nan,nan,nan,nan,nan,nan,nan,nan,nan,NOT_EVALUATED,nan,nan,nan,nan,DISABLED,nan,nan,nan,nan,nan,nan
1791471033.4841602,1791471033.513934,1791471033.5184717,1791471033.5184922,front_rgbd_red_sphere,True,True,True,,42.3,42.3,1791471033.513934,1791471033.5029547,1791471033.4841602,1791471033.4841602,1791471033.4841602,0.0,1791471032.492174,1791471033.4921753,1791471033.4829118,1791471033.4921753,1791471033.4829118,1791471033.4921753,1791471032.492174,1791471033.4921753,1791471032.492174,1791471033.4921753,1791470991.1841602,GAZEBO_CLOCK_SYSTEM_INTERPOLATION,MAPPED_EXACT,0,42.3,1791471033.4841602,0.002201080322265625,0.0,RGB,0.0,0,1,0,UNCALIBRATED,PREPARATION,MID,TURNING,1.0,397,1.0,6.85753870010376,0.42520469427108765,nan,nan,False,0.0,0.0,0.0,0.0,0,0,0,0,0,0.0,0.0,0.0,0.0,0.0,0.0,0.0,0.0,0.0,0.0,0.0,0.0,0.0,0.0,6.246904614875624,-2.348998282644333,-1.5761436111501554,0.0,0.0,0.0,0.0,0.0,0.0,0.0,0.0,0.0,0.0,0.0,False,DISABLED,0,nan,nan,nan,nan,nan,nan,nan,nan,nan,nan,nan,nan,nan,nan,nan,nan,nan,nan,nan,nan,nan,nan,nan,nan,nan,nan,nan,nan,nan,nan,nan,nan,nan,nan,80.81099043869676,-18.74006377470288,-0.15000800939257614,0.022074646025228867,0.022074646025228867,0.022074646025228867,80.77115850205357,-18.790509465089695,-0.14046893558441204,0.039831936643196286,0.05044569038681601,-0.0095390738081641,0.06427558521981815,0.06497957205512904,0.029773712158203125,False,DISABLED,none,MODEL_ORIGIN_FRAME_NOT_ESTABLISHED,nan,nan,nan,nan,nan,nan,nan,nan,nan,nan,nan,nan,nan,NOT_EVALUATED,nan,nan,nan,nan,DISABLED,nan,nan,nan,nan,nan,nan
1791471033.53616,1791471033.5550013,1791471033.5641816,1791471033.5642219,front_rgbd_red_sphere,True,True,True,,42.352,42.352,1791471033.5550013,1791471033.5536091,1791471033.53616,1791471033.53616,1791471033.53616,0.0,1791471032.5481815,1791471033.5481834,1791471033.5389118,1791471033.5481834,1791471033.542912,1791471033.5521705,1791471032.5481815,1791471033.5481834,1791471032.532158,1791471033.5521705,1791470991.18416,GAZEBO_CLOCK_SYSTEM_INTERPOLATION,MAPPED_EXACT,0,42.352,1791471033.53616,0.002271890640258789,0.0,RGB,0.0,0,1,0,UNCALIBRATED,PREPARATION,MID,TURNING,1.0,405,1.0,6.856700420379639,0.43049338459968567,nan,nan,False,0.0,0.0,0.0,0.0,0,0,0,0,0,0.0,0.0,0.0,0.0,0.0,0.0,0.0,0.0,0.0,0.0,0.0,0.0,0.0,0.0,6.231094808887493,-2.3849532011031,-1.5810745816442706,0.0,0.0,0.0,0.0,0.0,0.0,0.0,0.0,0.0,0.0,0.0,False,DISABLED,0,nan,nan,nan,nan,nan,nan,nan,nan,nan,nan,nan,nan,nan,nan,nan,nan,nan,nan,nan,nan,nan,nan,nan,nan,nan,nan,nan,nan,nan,nan,nan,nan,nan,nan,80.98167757803029,-18.63419043509861,-0.14507902600373507,0.0220721548392092,0.0220721548392092,0.0220721548392092,80.9483433755806,-18.681765359978726,-0.1357113577703638,0.033334202449680106,0.0475749248801165,-0.009367668233371262,0.05809081278743642,0.05884127580564089,0.018841266632080078,False,DISABLED,none,MODEL_ORIGIN_FRAME_NOT_ESTABLISHED,nan,nan,nan,nan,nan,nan,nan,nan,nan,nan,nan,nan,nan,NOT_EVALUATED,nan,nan,nan,nan,DISABLED,nan,nan,nan,nan,nan,nan
1791471033.5841599,1791471033.6023278,1791471033.6056824,1791471033.6057065,front_rgbd_red_sphere,True,True,True,,42.4,42.4,1791471033.6023278,1791471033.6007261,1791471033.5841599,1791471033.5841599,1791471033.5841599,0.0,1791471032.572158,1791471033.5881953,1791471033.5789418,1791471033.5881953,1791471033.582942,1791471033.5921707,1791471032.572158,1791471033.5881953,1791471032.572158,1791471033.5921707,1791470991.1841598,GAZEBO_CLOCK_SYSTEM_INTERPOLATION,MAPPED_EXACT,0,42.4,1791471033.5841599,0.0023679733276367188,0.0,RGB,0.0,0,1,0,UNCALIBRATED,PREPARATION,MID,TURNING,1.0,404,1.0,6.867480278015137,0.4351451098918915,nan,nan,False,0.0,0.0,0.0,0.0,0,0,0,0,0,0.0,0.0,0.0,0.0,0.0,0.0,0.0,0.0,0.0,0.0,0.0,0.0,0.0,0.0,6.227492051898838,-2.4258459051888357,-1.579841365286537,0.0,0.0,0.0,0.0,0.0,0.0,0.0,0.0,0.0,0.0,0.0,False,DISABLED,0,nan,nan,nan,nan,nan,nan,nan,nan,nan,nan,nan,nan,nan,nan,nan,nan,nan,nan,nan,nan,nan,nan,nan,nan,nan,nan,nan,nan,nan,nan,nan,nan,nan,nan,81.14982145648706,-18.52429353480087,-0.13972978639013162,0.02210419676148666,0.02210419676148666,0.02210419676148666,81.10972604061628,-18.577797275333307,-0.1305370783639851,0.04009541587078047,0.053503740532438115,-0.009192708026146523,0.06686024696943091,0.06748924733368475,0.018167972564697266,False,DISABLED,none,MODEL_ORIGIN_FRAME_NOT_ESTABLISHED,nan,nan,nan,nan,nan,nan,nan,nan,nan,nan,nan,nan,nan,NOT_EVALUATED,nan,nan,nan,nan,DISABLED,nan,nan,nan,nan,nan,nan
1791471033.6361594,1791471033.6567092,1791471033.6645036,1791471033.6645412,front_rgbd_red_sphere,True,True,True,,42.452,42.452,1791471033.6567092,1791471033.6557744,1791471033.6361594,1791471033.6361594,1791471033.6361594,0.0,1791471032.6521628,1791471033.652176,1791471033.642942,1791471033.652176,1791471033.642942,1791471033.652176,1791471032.6521628,1791471033.652176,1791471032.6521628,1791471033.652176,1791470991.1841595,GAZEBO_CLOCK_SYSTEM_INTERPOLATION,MAPPED_EXACT,0,42.452,1791471033.6361594,0.0028274059295654297,0.0,RGB,0.0,0,1,0,UNCALIBRATED,PREPARATION,MID,TURNING,1.0,409,1.0,6.867713451385498,0.44022804498672485,nan,nan,False,0.0,0.0,0.0,0.0,0,0,0,0,0,0.0,0.0,0.0,0.0,0.0,0.0,0.0,0.0,0.0,0.0,0.0,0.0,0.0,0.0,6.21290800301924,-2.4589059054603615,-1.5871501042266924,0.0,0.0,0.0,0.0,0.0,0.0,0.0,0.0,0.0,0.0,0.0,False,DISABLED,0,nan,nan,nan,nan,nan,nan,nan,nan,nan,nan,nan,nan,nan,nan,nan,nan,nan,nan,nan,nan,nan,nan,nan,nan,nan,nan,nan,nan,nan,nan,nan,nan,nan,nan,81.31482570444592,-18.410775871576753,-0.13376133389474182,0.022104890653906976,0.022104890653906976,0.022104890653906976,81.28193848146942,-18.461204013922742,-0.12407140179283842,0.032887222976498265,0.05042814234598936,-0.0096899321019034,0.060204376714432316,0.06097919120251414,0.020549774169921875,False,DISABLED,none,MODEL_ORIGIN_FRAME_NOT_ESTABLISHED,nan,nan,nan,nan,nan,nan,nan,nan,nan,nan,nan,nan,nan,NOT_EVALUATED,nan,nan,nan,nan,DISABLED,nan,nan,nan,nan,nan,nan
1791471033.6841626,1791471033.7056186,1791471033.7095525,1791471033.70959,front_rgbd_red_sphere,True,True,True,,42.5,42.5,1791471033.7056186,1791471033.7046967,1791471033.6841626,1791471033.6841626,1791471033.6841626,0.0,1791471032.6721582,1791471033.6921647,1791471033.682942,1791471033.6921647,1791471033.682942,1791471033.6921647,1791471032.6681592,1791471033.6921647,1791471032.6721582,1791471033.6921647,1791470991.1841626,GAZEBO_CLOCK_SYSTEM_INTERPOLATION,MAPPED_EXACT,0,42.5,1791471033.6841626,0.0016548633575439453,0.0,RGB,0.0,0,1,0,UNCALIBRATED,PREPARATION,MID,TURNING,1.0,411,1.0,6.8796916007995605,0.44464632868766785,nan,nan,False,0.0,0.0,0.0,0.0,0,0,0,0,0,0.0,0.0,0.0,0.0,0.0,0.0,0.0,0.0,0.0,0.0,0.0,0.0,0.0,0.0,6.210729979133386,-2.4978046835397167,-1.5868084415692922,0.0,0.0,0.0,0.0,0.0,0.0,0.0,0.0,0.0,0.0,0.0,False,DISABLED,0,nan,nan,nan,nan,nan,nan,nan,nan,nan,nan,nan,nan,nan,nan,nan,nan,nan,nan,nan,nan,nan,nan,nan,nan,nan,nan,nan,nan,nan,nan,nan,nan,nan,nan,81.47742958526074,-18.293776823652642,-0.12701293010324916,0.02214052213107379,0.02214052213107379,0.02214052213107379,81.43860407064555,-18.350213460175986,-0.11738776585157125,0.038825514615183465,0.056436636523343964,-0.009625164251677906,0.06850193082827569,0.06917483873543649,0.021456003189086914,False,DISABLED,none,MODEL_ORIGIN_FRAME_NOT_ESTABLISHED,nan,nan,nan,nan,nan,nan,nan,nan,nan,nan,nan,nan,nan,NOT_EVALUATED,nan,nan,nan,nan,DISABLED,nan,nan,nan,nan,nan,nan
1791471033.736162,1791471033.7556722,1791471033.7650292,1791471033.765067,front_rgbd_red_sphere,True,True,True,,42.552,42.552,1791471033.7556722,1791471033.7544267,1791471033.736162,1791471033.736162,1791471033.736162,0.0,1791471032.7521727,1791471033.748176,1791471033.738942,1791471033.748176,1791471033.7429419,1791471033.752184,1791471032.7321606,1791471033.748176,1791471032.7521727,1791471033.752184,1791470991.184162,GAZEBO_CLOCK_SYSTEM_INTERPOLATION,MAPPED_EXACT,0,42.552,1791471033.736162,0.0031843185424804688,0.0,RGB,0.0,0,1,0,UNCALIBRATED,PREPARATION,MID,TURNING,1.0,411,1.0,6.881387710571289,0.4493686854839325,nan,nan,False,0.0,0.0,0.0,0.0,0,0,0,0,0,0.0,0.0,0.0,0.0,0.0,0.0,0.0,0.0,0.0,0.0,0.0,0.0,0.0,0.0,6.19821380845636,-2.5277335807011285,-1.5956824983785347,0.0,0.0,0.0,0.0,0.0,0.0,0.0,0.0,0.0,0.0,0.0,False,DISABLED,0,nan,nan,nan,nan,nan,nan,nan,nan,nan,nan,nan,nan,nan,nan,nan,nan,nan,nan,nan,nan,nan,nan,nan,nan,nan,nan,nan,nan,nan,nan,nan,nan,nan,nan,81.63688778909133,-18.173128997650355,-0.1195426517657347,0.022145569431618654,0.022145569431618654,0.022145569431618654,81.60566781674025,-18.226219629531524,-0.10937261692311527,0.031219972351081537,0.053090631881168804,-0.010170034842619427,0.06158978703603442,0.06242380536177017,0.019510269165039062,False,DISABLED,none,MODEL_ORIGIN_FRAME_NOT_ESTABLISHED,nan,nan,nan,nan,nan,nan,nan,nan,nan,nan,nan,nan,nan,NOT_EVALUATED,nan,nan,nan,nan,DISABLED,nan,nan,nan,nan,nan,nan
1791471033.7841609,1791471033.8031504,1791471033.8068595,1791471033.8068843,front_rgbd_red_sphere,True,True,True,,42.6,42.6,1791471033.8031504,1791471033.8015163,1791471033.7841609,1791471033.7841609,1791471033.7841609,0.0,1791471032.7881646,1791471033.7881699,1791471033.7789419,1791471033.7881699,1791471033.7829418,1791471033.7921646,1791471032.7881646,1791471033.7881699,1791471032.7721624,1791471033.7921646,1791470991.184161,GAZEBO_CLOCK_SYSTEM_INTERPOLATION,MAPPED_EXACT,0,42.6,1791471033.7841609,0.003258228302001953,0.0,RGB,0.0,0,1,0,UNCALIBRATED,PREPARATION,MID,TURNING,1.0,413,1.0,6.894700050354004,0.45325490832328796,nan,nan,False,0.0,0.0,0.0,0.0,0,0,0,0,0,0.0,0.0,0.0,0.0,0.0,0.0,0.0,0.0,0.0,0.0,0.0,0.0,0.0,0.0,6.198518345858577,-2.562744127861874,-1.596120356129954,0.0,0.0,0.0,0.0,0.0,0.0,0.0,0.0,0.0,0.0,0.0,False,DISABLED,0,nan,nan,nan,nan,nan,nan,nan,nan,nan,nan,nan,nan,nan,nan,nan,nan,nan,nan,nan,nan,nan,nan,nan,nan,nan,nan,nan,nan,nan,nan,nan,nan,nan,nan,81.79427840673543,-18.049319696206386,-0.11158049857610569,0.02218520864699571,0.02218520864699571,0.02218520864699571,81.75746697035947,-18.108639169415255,-0.10134443650435562,0.036811436375955964,0.059319473208869766,-0.010236062071750068,0.06981319180383369,0.07055961108577337,0.01898956298828125,False,DISABLED,none,MODEL_ORIGIN_FRAME_NOT_ESTABLISHED,nan,nan,nan,nan,nan,nan,nan,nan,nan,nan,nan,nan,nan,NOT_EVALUATED,nan,nan,nan,nan,DISABLED,nan,nan,nan,nan,nan,nan
1791471033.8361585,1791471033.8613758,1791471033.8672888,1791471033.8673136,front_rgbd_red_sphere,True,True,True,,42.652,42.652,1791471033.8613758,1791471033.8573992,1791471033.8361585,1791471033.8361585,1791471033.8361585,0.0,1791471032.8521655,1791471033.8521678,1791471033.842942,1791471033.8521678,1791471033.842942,1791471033.8521678,1791471032.8521655,1791471033.8521678,1791471032.8521655,1791471033.8521678,1791470991.1841586,GAZEBO_CLOCK_SYSTEM_INTERPOLATION,MAPPED_EXACT,0,42.652,1791471033.8361585,0.0020198822021484375,0.0,RGB,0.0,0,1,0,UNCALIBRATED,PREPARATION,MID,TURNING,1.0,417,1.0,6.897763729095459,0.4573479890823364,nan,nan,False,0.0,0.0,0.0,0.0,0,0,0,0,0,0.0,0.0,0.0,0.0,0.0,0.0,0.0,0.0,0.0,0.0,0.0,0.0,0.0,0.0,6.188857819292042,-2.589424580581348,-1.6037658023544874,0.0,0.0,0.0,0.0,0.0,0.0,0.0,0.0,0.0,0.0,0.0,False,DISABLED,0,nan,nan,nan,nan,nan,nan,nan,nan,nan,nan,nan,nan,nan,nan,nan,nan,nan,nan,nan,nan,nan,nan,nan,nan,nan,nan,nan,nan,nan,nan,nan,nan,nan,nan,81.94865896507693,-17.921863005164305,-0.10307583702160622,0.022194336640072296,0.022194336640072296,0.022194336640072296,81.91911193112351,-17.97782754550686,-0.09198467703208536,0.02954703395342051,0.05596454034255416,-0.011091159989520857,0.06328551960123228,0.06425006475569581,0.025217294692993164,False,DISABLED,none,MODEL_ORIGIN_FRAME_NOT_ESTABLISHED,nan,nan,nan,nan,nan,nan,nan,nan,nan,nan,nan,nan,nan,NOT_EVALUATED,nan,nan,nan,nan,DISABLED,nan,nan,nan,nan,nan,nan
1791471033.8841593,1791471033.9036067,1791471033.9089994,1791471033.9090328,front_rgbd_red_sphere,True,True,True,,42.7,42.7,1791471033.9036067,1791471033.9023142,1791471033.8841593,1791471033.8841593,1791471033.8841593,0.0,1791471032.8721647,1791471033.8921654,1791471033.882942,1791471033.8921654,1791471033.882942,1791471033.8921654,1791471032.8681579,1791471033.8921654,1791471032.8721647,1791471033.8921654,1791470991.1841593,GAZEBO_CLOCK_SYSTEM_INTERPOLATION,MAPPED_EXACT,0,42.7,1791471033.8841593,0.0037620067596435547,0.0,RGB,0.0,0,1,0,UNCALIBRATED,PREPARATION,MID,TURNING,1.0,416,1.0,6.911845684051514,0.46081194281578064,nan,nan,False,0.0,0.0,0.0,0.0,0,0,0,0,0,0.0,0.0,0.0,0.0,0.0,0.0,0.0,0.0,0.0,0.0,0.0,0.0,0.0,0.0,6.190883304473169,-2.621858805949748,-1.60388081596035,0.0,0.0,0.0,0.0,0.0,0.0,0.0,0.0,0.0,0.0,0.0,False,DISABLED,0,nan,nan,nan,nan,nan,nan,nan,nan,nan,nan,nan,nan,nan,nan,nan,nan,nan,nan,nan,nan,nan,nan,nan,nan,nan,nan,nan,nan,nan,nan,nan,nan,nan,nan,82.10014392809771,-17.7917952341896,-0.09410963504271214,0.022236314731343996,0.022236314731343996,0.022236314731343996,82.06592754515151,-17.854116781110427,-0.08281138189427513,0.03421638294619811,0.062321546920827586,-0.011298253148437007,0.07109666709857637,0.07198879493874,0.01944732666015625,False,DISABLED,none,MODEL_ORIGIN_FRAME_NOT_ESTABLISHED,nan,nan,nan,nan,nan,nan,nan,nan,nan,nan,nan,nan,nan,NOT_EVALUATED,nan,nan,nan,nan,DISABLED,nan,nan,nan,nan,nan,nan
1791471033.9361584,1791471033.9534702,1791471033.9635284,1791471033.963564,front_rgbd_red_sphere,True,True,True,,42.752,42.752,1791471033.9534702,1791471033.9519498,1791471033.9361584,1791471033.9361584,1791471033.9361584,0.0,1791471032.9321585,1791471033.9481702,1791471033.938942,1791471033.9481702,1791471033.942942,1791471033.952172,1791471032.9321585,1791471033.9481702,1791471032.9321585,1791471033.952172,1791470991.1841583,GAZEBO_CLOCK_SYSTEM_INTERPOLATION,MAPPED_EXACT,0,42.752,1791471033.9361584,0.0018341541290283203,0.0,RGB,0.0,0,1,0,UNCALIBRATED,PREPARATION,MID,TURNING,1.0,419,1.0,6.915896415710449,0.464237242937088,nan,nan,False,0.0,0.0,0.0,0.0,0,0,0,0,0,0.0,0.0,0.0,0.0,0.0,0.0,0.0,0.0,0.0,0.0,0.0,0.0,0.0,0.0,6.183941079868329,-2.6447892522810674,-1.6104614291792692,0.0,0.0,0.0,0.0,0.0,0.0,0.0,0.0,0.0,0.0,0.0,False,DISABLED,0,nan,nan,nan,nan,nan,nan,nan,nan,nan,nan,nan,nan,nan,nan,nan,nan,nan,nan,nan,nan,nan,nan,nan,nan,nan,nan,nan,nan,nan,nan,nan,nan,nan,nan,82.24912357996705,-17.658593494407626,-0.08501137349136106,0.022248396642404404,0.022248396642404404,0.022248396642404404,82.22218092677355,-17.716878908597057,-0.07233148844242542,0.026942653193501087,0.058285414189430895,-0.012679885048935649,0.064211339094733,0.06545132201256906,0.017311811447143555,False,DISABLED,none,MODEL_ORIGIN_FRAME_NOT_ESTABLISHED,nan,nan,nan,nan,nan,nan,nan,nan,nan,nan,nan,nan,nan,NOT_EVALUATED,nan,nan,nan,nan,DISABLED,nan,nan,nan,nan,nan,nan
1791471033.9841602,1791471034.0052636,1791471034.0090268,1791471034.0090451,front_rgbd_red_sphere,True,True,True,,42.8,42.8,1791471034.0052636,1791471034.0041502,1791471033.9841602,1791471033.9841602,1791471033.9841602,0.0,1791471032.992165,1791471033.9881766,1791471033.978942,1791471033.9881766,1791471033.9829419,1791471033.992178,1791471032.9881668,1791471033.9881766,1791471032.992165,1791471033.992178,1791470991.1841602,GAZEBO_CLOCK_SYSTEM_INTERPOLATION,MAPPED_EXACT,0,42.8,1791471033.9841602,0.0014164447784423828,0.0,RGB,0.0,0,1,0,UNCALIBRATED,PREPARATION,MID,TURNING,1.0,417,1.0,6.930988788604736,0.4668652415275574,nan,nan,False,0.0,0.0,0.0,0.0,0,0,0,0,0,0.0,0.0,0.0,0.0,0.0,0.0,0.0,0.0,0.0,0.0,0.0,0.0,0.0,0.0,6.189259322026105,-2.6731098564964366,-1.608154002365712,0.0,0.0,0.0,0.0,0.0,0.0,0.0,0.0,0.0,0.0,0.0,False,DISABLED,0,nan,nan,nan,nan,nan,nan,nan,nan,nan,nan,nan,nan,nan,nan,nan,nan,nan,nan,nan,nan,nan,nan,nan,nan,nan,nan,nan,nan,nan,nan,nan,nan,nan,nan,82.39536103321707,-17.522591665075762,-0.07556891972412311,0.022293442829019353,0.022293442829019353,0.022293442829019353,82.3640076784145,-17.587448087136554,-0.06223749819154971,0.03135335480257595,0.06485642206079234,-0.013331421532573398,0.07203740930866298,0.07326059745854524,0.021103382110595703,False,DISABLED,none,MODEL_ORIGIN_FRAME_NOT_ESTABLISHED,nan,nan,nan,nan,nan,nan,nan,nan,nan,nan,nan,nan,nan,NOT_EVALUATED,nan,nan,nan,nan,DISABLED,nan,nan,nan,nan,nan,nan
1791471034.0361571,1791471034.0604084,1791471034.0639029,1791471034.063924,front_rgbd_red_sphere,True,True,True,,42.852,42.852,1791471034.0604084,1791471034.0589473,1791471034.0361571,1791471034.0361571,1791471034.0361571,0.0,1791471033.032161,1791471034.0521703,1791471034.0429418,1791471034.0521703,1791471034.0429418,1791471034.0521703,1791471033.0281565,1791471034.0521703,1791471033.032161,1791471034.0521703,1791470991.1841571,GAZEBO_CLOCK_SYSTEM_INTERPOLATION,MAPPED_EXACT,0,42.852,1791471034.0361571,0.0006039142608642578,0.0,RGB,0.0,0,1,0,UNCALIBRATED,PREPARATION,MID,TURNING,1.0,421,1.0,6.9358391761779785,0.4695470929145813,nan,nan,False,0.0,0.0,0.0,0.0,0,0,0,0,0,0.0,0.0,0.0,0.0,0.0,0.0,0.0,0.0,0.0,0.0,0.0,0.0,0.0,0.0,6.185196459237194,-2.6919596571571494,-1.613246872148674,0.0,0.0,0.0,0.0,0.0,0.0,0.0,0.0,0.0,0.0,0.0,False,DISABLED,0,nan,nan,nan,nan,nan,nan,nan,nan,nan,nan,nan,nan,nan,nan,nan,nan,nan,nan,nan,nan,nan,nan,nan,nan,nan,nan,nan,nan,nan,nan,nan,nan,nan,nan,82.53857469892621,-17.38351748889887,-0.06566539390345211,0.022307929712477907,0.022307929712477907,0.022307929712477907,82.51484385229219,-17.44425871114238,-0.05089624782789238,0.023730846634023806,0.06074122224350731,-0.014769146075559729,0.06521233902876591,0.06686386795126294,0.024251222610473633,False,DISABLED,none,MODEL_ORIGIN_FRAME_NOT_ESTABLISHED,nan,nan,nan,nan,nan,nan,nan,nan,nan,nan,nan,nan,nan,NOT_EVALUATED,nan,nan,nan,nan,DISABLED,nan,nan,nan,nan,nan,nan
1791471034.0841575,1791471034.1052685,1791471034.1101663,1791471034.1102095,front_rgbd_red_sphere,True,True,True,,42.9,42.9,1791471034.1052685,1791471034.1035192,1791471034.0841575,1791471034.0841575,1791471034.0841575,0.0,1791471033.0921645,1791471034.0921783,1791471034.082942,1791471034.0921783,1791471034.082942,1791471034.0921783,1791471033.0921645,1791471034.0921783,1791471033.0921645,1791471034.0921783,1791470991.1841574,GAZEBO_CLOCK_SYSTEM_INTERPOLATION,MAPPED_EXACT,0,42.9,1791471034.0841575,0.0014166831970214844,0.0,RGB,0.0,0,1,0,UNCALIBRATED,PREPARATION,MID,TURNING,1.0,420,1.0,6.951391220092773,0.47170794010162354,nan,nan,False,0.0,0.0,0.0,0.0,0,0,0,0,0,0.0,0.0,0.0,0.0,0.0,0.0,0.0,0.0,0.0,0.0,0.0,0.0,0.0,0.0,6.192254169050867,-2.7162780580135184,-1.6123473656060963,0.0,0.0,0.0,0.0,0.0,0.0,0.0,0.0,0.0,0.0,0.0,False,DISABLED,0,nan,nan,nan,nan,nan,nan,nan,nan,nan,nan,nan,nan,nan,nan,nan,nan,nan,nan,nan,nan,nan,nan,nan,nan,nan,nan,nan,nan,nan,nan,nan,nan,nan,nan,82.67900792128742,-17.242243371907573,-0.05551574807374221,0.022354410439584253,0.022354410439584253,0.022354410439584253,82.65166510678317,-17.309539840124472,-0.04013025103607422,0.027342814504251578,0.06729646821689883,-0.015385497037667992,0.07263913641751246,0.07425064079574044,0.021111011505126953,False,DISABLED,none,MODEL_ORIGIN_FRAME_NOT_ESTABLISHED,nan,nan,nan,nan,nan,nan,nan,nan,nan,nan,nan,nan,nan,NOT_EVALUATED,nan,nan,nan,nan,DISABLED,nan,nan,nan,nan,nan,nan
1791471034.136161,1791471034.1672354,1791471034.172884,1791471034.1729155,front_rgbd_red_sphere,True,True,True,,42.952,42.952,1791471034.1672354,1791471034.1660576,1791471034.136161,1791471034.136161,1791471034.136161,0.0,1791471033.132159,1791471034.1481774,1791471034.138942,1791471034.1481774,1791471034.142942,1791471034.1521726,1791471033.132159,1791471034.1481774,1791471033.132159,1791471034.1521726,1791470991.1841612,GAZEBO_CLOCK_SYSTEM_INTERPOLATION,MAPPED_EXACT,0,42.952,1791471034.136161,0.003530740737915039,0.0,RGB,0.0,0,1,0,UNCALIBRATED,PREPARATION,MID,TURNING,1.0,419,1.0,6.9566521644592285,0.47366803884506226,nan,nan,False,0.0,0.0,0.0,0.0,0,0,0,0,0,0.0,0.0,0.0,0.0,0.0,0.0,0.0,0.0,0.0,0.0,0.0,0.0,0.0,0.0,6.19073245149626,-2.7297629557538343,-1.6180968443114225,0.0,0.0,0.0,0.0,0.0,0.0,0.0,0.0,0.0,0.0,0.0,False,DISABLED,0,nan,nan,nan,nan,nan,nan,nan,nan,nan,nan,nan,nan,nan,nan,nan,nan,nan,nan,nan,nan,nan,nan,nan,nan,nan,nan,nan,nan,nan,nan,nan,nan,nan,nan,82.81697482285617,-17.098448038729305,-0.0451365958749132,0.02237014485715335,0.02237014485715335,0.02237014485715335,82.79705066656425,-17.160899852609933,-0.028210542861231445,0.019924156291921236,0.06245181388062804,-0.016926053013681754,0.06555304005860833,0.06770297136424276,0.03107428550720215,False,DISABLED,none,MODEL_ORIGIN_FRAME_NOT_ESTABLISHED,nan,nan,nan,nan,nan,nan,nan,nan,nan,nan,nan,nan,nan,NOT_EVALUATED,nan,nan,nan,nan,DISABLED,nan,nan,nan,nan,nan,nan
1791471034.1841676,1791471034.212323,1791471034.2172346,1791471034.2172601,front_rgbd_red_sphere,True,True,True,,43.0,43.0,1791471034.212323,1791471034.2104099,1791471034.1841676,1791471034.1841676,1791471034.1841676,0.0,1791471033.1721685,1791471034.1881683,1791471034.178942,1791471034.1881683,1791471034.182942,1791471034.1921613,1791471033.1721685,1791471034.1881683,1791471033.1721685,1791471034.1921613,1791470991.1841676,GAZEBO_CLOCK_SYSTEM_INTERPOLATION,MAPPED_EXACT,0,43.0,1791471034.1841676,0.0007658004760742188,0.0,RGB,0.0,0,1,0,UNCALIBRATED,PREPARATION,MID,TURNING,1.0,415,1.0,6.9727678298950195,0.4749469757080078,nan,nan,False,0.0,0.0,0.0,0.0,0,0,0,0,0,0.0,0.0,0.0,0.0,0.0,0.0,0.0,0.0,0.0,0.0,0.0,0.0,0.0,0.0,6.20100075078195,-2.7489148897462887,-1.6157189499584657,0.0,0.0,0.0,0.0,0.0,0.0,0.0,0.0,0.0,0.0,0.0,False,DISABLED,0,nan,nan,nan,nan,nan,nan,nan,nan,nan,nan,nan,nan,nan,nan,nan,nan,nan,nan,nan,nan,nan,nan,nan,nan,nan,nan,nan,nan,nan,nan,nan,nan,nan,nan,82.95266840573755,-16.952302048389353,-0.03459768197943708,0.022418377626870458,0.022418377626870458,0.022418377626870458,82.92872212111676,-17.0215089081335,-0.01705397393795341,0.023946284620791403,0.06920685974414909,-0.01754370804148367,0.07323260191189628,0.07530468560873946,0.02815532684326172,False,DISABLED,none,MODEL_ORIGIN_FRAME_NOT_ESTABLISHED,nan,nan,nan,nan,nan,nan,nan,nan,nan,nan,nan,nan,nan,NOT_EVALUATED,nan,nan,nan,nan,DISABLED,nan,nan,nan,nan,nan,nan
1791471034.2361627,1791471034.2651715,1791471034.269082,1791471034.2691023,front_rgbd_red_sphere,True,True,True,,43.052,43.052,1791471034.2651715,1791471034.264269,1791471034.2361627,1791471034.2361627,1791471034.2361627,0.0,1791471033.2321558,1791471034.2521636,1791471034.2429419,1791471034.2521636,1791471034.2429419,1791471034.2521636,1791471033.2281585,1791471034.2521636,1791471033.2321558,1791471034.2521636,1791470991.1841626,GAZEBO_CLOCK_SYSTEM_INTERPOLATION,MAPPED_EXACT,0,43.052,1791471034.2361627,0.0014684200286865234,0.0,RGB,0.0,0,1,0,UNCALIBRATED,PREPARATION,MID,TURNING,1.0,417,1.0,6.978152751922607,0.4761548638343811,nan,nan,False,0.0,0.0,0.0,0.0,0,0,0,0,0,0.0,0.0,0.0,0.0,0.0,0.0,0.0,0.0,0.0,0.0,0.0,0.0,0.0,0.0,6.201930851356481,-2.7573804207239085,-1.6209641332594809,0.0,0.0,0.0,0.0,0.0,0.0,0.0,0.0,0.0,0.0,0.0,False,DISABLED,0,nan,nan,nan,nan,nan,nan,nan,nan,nan,nan,nan,nan,nan,nan,nan,nan,nan,nan,nan,nan,nan,nan,nan,nan,nan,nan,nan,nan,nan,nan,nan,nan,nan,nan,83.08515793387413,-16.804287459012617,-0.023581221277493236,0.022434506407069062,0.022434506407069062,0.022434506407069062,83.06897183425134,-16.86757059532888,-0.004826964063869434,0.016186099622785832,0.06328313631626159,-0.018754257213623803,0.06532032733400296,0.06795930640211137,0.029008865356445312,False,DISABLED,none,MODEL_ORIGIN_FRAME_NOT_ESTABLISHED,nan,nan,nan,nan,nan,nan,nan,nan,nan,nan,nan,nan,nan,NOT_EVALUATED,nan,nan,nan,nan,DISABLED,nan,nan,nan,nan,nan,nan
1791471034.2841597,1791471034.3025327,1791471034.3058748,1791471034.3058984,front_rgbd_red_sphere,True,True,True,,43.1,43.1,1791471034.3025327,1791471034.3014083,1791471034.2841597,1791471034.2841597,1791471034.2841597,0.0,1791471033.2921634,1791471034.2921743,1791471034.2829418,1791471034.2921743,1791471034.2829418,1791471034.2921743,1791471033.2921634,1791471034.2921743,1791471033.2921634,1791471034.2921743,1791470991.1841598,GAZEBO_CLOCK_SYSTEM_INTERPOLATION,MAPPED_EXACT,0,43.1,1791471034.2841597,0.002569913864135742,0.0,RGB,0.0,0,1,0,UNCALIBRATED,PREPARATION,MID,TURNING,1.0,418,1.0,6.994353294372559,0.47674626111984253,nan,nan,False,0.0,0.0,0.0,0.0,0,0,0,0,0,0.0,0.0,0.0,0.0,0.0,0.0,0.0,0.0,0.0,0.0,0.0,0.0,0.0,0.0,6.214432309652578,-2.7727955704244005,-1.6166066480690588,0.0,0.0,0.0,0.0,0.0,0.0,0.0,0.0,0.0,0.0,0.0,False,DISABLED,0,nan,nan,nan,nan,nan,nan,nan,nan,nan,nan,nan,nan,nan,nan,nan,nan,nan,nan,nan,nan,nan,nan,nan,nan,nan,nan,nan,nan,nan,nan,nan,nan,nan,nan,83.21544786143372,-16.653974336889334,-0.012408709391260986,0.022483063769382094,0.022483063769382094,0.022483063769382094,83.19576107608452,-16.723679194587824,0.006463101225512594,0.01968678534919377,0.06970485769848977,-0.01887181061677358,0.07243160017666281,0.07484972905834267,0.01837301254272461,False,DISABLED,none,MODEL_ORIGIN_FRAME_NOT_ESTABLISHED,nan,nan,nan,nan,nan,nan,nan,nan,nan,nan,nan,nan,nan,NOT_EVALUATED,nan,nan,nan,nan,DISABLED,nan,nan,nan,nan,nan,nan
1791471034.336167,1791471034.3588665,1791471034.3628638,1791471034.3628864,front_rgbd_red_sphere,True,True,True,,43.152,43.152,1791471034.3588665,1791471034.3561354,1791471034.336167,1791471034.336167,1791471034.336167,0.0,1791471033.3521633,1791471034.3481767,1791471034.3389418,1791471034.3481767,1791471034.342942,1791471034.3521674,1791471033.348166,1791471034.3481767,1791471033.3521633,1791471034.3521674,1791470991.1841671,GAZEBO_CLOCK_SYSTEM_INTERPOLATION,MAPPED_EXACT,0,43.152,1791471034.336167,0.003025531768798828,0.0,RGB,0.0,0,1,0,UNCALIBRATED,PREPARATION,MID,TURNING,1.0,415,1.0,6.9990234375,0.4769878089427948,nan,nan,False,0.0,0.0,0.0,0.0,0,0,0,0,0,0.0,0.0,0.0,0.0,0.0,0.0,0.0,0.0,0.0,0.0,0.0,0.0,0.0,0.0,6.217805325521934,-2.776732808667737,-1.6170896623110156,0.0,0.0,0.0,0.0,0.0,0.0,0.0,0.0,0.0,0.0,0.0,False,DISABLED,0,nan,nan,nan,nan,nan,nan,nan,nan,nan,nan,nan,nan,nan,nan,nan,nan,nan,nan,nan,nan,nan,nan,nan,nan,nan,nan,nan,nan,nan,nan,nan,nan,nan,nan,83.34231590564288,-16.502133281763868,-0.0010624559384159737,0.022497069990857738,0.022497069990857738,0.022497069990857738,83.33072003464306,-16.565095381537592,0.018676823768241306,0.011595870999812519,0.06296209977372413,-0.01973927970665728,0.06402101398885124,0.06699499530187564,0.022699356079101562,False,DISABLED,none,MODEL_ORIGIN_FRAME_NOT_ESTABLISHED,nan,nan,nan,nan,nan,nan,nan,nan,nan,nan,nan,nan,nan,NOT_EVALUATED,nan,nan,nan,nan,DISABLED,nan,nan,nan,nan,nan,nan
1791471034.384159,1791471034.4167635,1791471034.4211705,1791471034.4211907,front_rgbd_red_sphere,True,True,True,,43.2,43.2,1791471034.4167635,1791471034.4156358,1791471034.384159,1791471034.384159,1791471034.384159,0.0,1791471033.3921642,1791471034.4121566,1791471034.402942,1791471034.4121566,1791471034.402942,1791471034.4121566,1791471033.3881674,1791471034.4121566,1791471033.3921642,1791471034.4121566,1791470991.184159,GAZEBO_CLOCK_SYSTEM_INTERPOLATION,MAPPED_EXACT,0,43.2,1791471034.384159,0.0018112659454345703,0.0,RGB,0.0,0,1,0,UNCALIBRATED,PREPARATION,MID,TURNING,1.0,412,1.0,7.0146870613098145,0.47671017050743103,nan,nan,False,0.0,0.0,0.0,0.0,0,0,0,0,0,0.0,0.0,0.0,0.0,0.0,0.0,0.0,0.0,0.0,0.0,0.0,0.0,0.0,0.0,6.232614743707593,-2.7868506616235376,-1.6105320486746728,0.0,0.0,0.0,0.0,0.0,0.0,0.0,0.0,0.0,0.0,0.0,False,DISABLED,0,nan,nan,nan,nan,nan,nan,nan,nan,nan,nan,nan,nan,nan,nan,nan,nan,nan,nan,nan,nan,nan,nan,nan,nan,nan,nan,nan,nan,nan,nan,nan,nan,nan,nan,83.46701869371635,-16.34805975398919,0.010292657273455907,0.022544083196992297,0.022544083196992297,0.022544083196992297,83.45284334849921,-16.416896203197147,0.029834659165835047,0.014175345217140034,0.06883644920795717,-0.01954200189237914,0.07028084484114261,0.07294715203177238,0.03260445594787598,False,DISABLED,none,MODEL_ORIGIN_FRAME_NOT_ESTABLISHED,nan,nan,nan,nan,nan,nan,nan,nan,nan,nan,nan,nan,nan,NOT_EVALUATED,nan,nan,nan,nan,DISABLED,nan,nan,nan,nan,nan,nan
1791471034.4361732,1791471034.453167,1791471034.460484,1791471034.4605086,front_rgbd_red_sphere,True,True,True,,43.252,43.252,1791471034.453167,1791471034.4516509,1791471034.4361732,1791471034.4361732,1791471034.4361732,0.0,1791471033.432158,1791471034.4521623,1791471034.442942,1791471034.4521623,1791471034.442942,1791471034.4521623,1791471033.4281585,1791471034.4521623,1791471033.432158,1791471034.4521623,1791470991.184173,GAZEBO_CLOCK_SYSTEM_INTERPOLATION,MAPPED_EXACT,0,43.252,1791471034.4361732,0.0011496543884277344,0.0,RGB,0.0,0,1,0,UNCALIBRATED,PREPARATION,MID,TURNING,1.0,416,1.0,7.019308090209961,0.47647449374198914,nan,nan,False,0.0,0.0,0.0,0.0,0,0,0,0,0,0.0,0.0,0.0,0.0,0.0,0.0,0.0,0.0,0.0,0.0,0.0,0.0,0.0,0.0,6.237479493795085,-2.784557540182357,-1.6157898985181538,0.0,0.0,0.0,0.0,0.0,0.0,0.0,0.0,0.0,0.0,0.0,False,DISABLED,0,nan,nan,nan,nan,nan,nan,nan,nan,nan,nan,nan,nan,nan,nan,nan,nan,nan,nan,nan,nan,nan,nan,nan,nan,nan,nan,nan,nan,nan,nan,nan,nan,nan,nan,83.58864903511245,-16.192231947499756,0.021438137381501632,0.022557961991852497,0.022557961991852497,0.022557961991852497,83.58251612525726,-16.25418204923641,0.04172504099356047,0.006132909855196544,0.061950101736652385,-0.020286903612058836,0.062252933171647006,0.06547508034846931,0.01699376106262207,False,DISABLED,none,MODEL_ORIGIN_FRAME_NOT_ESTABLISHED,nan,nan,nan,nan,nan,nan,nan,nan,nan,nan,nan,nan,nan,NOT_EVALUATED,nan,nan,nan,nan,DISABLED,nan,nan,nan,nan,nan,nan
1791471034.484157,1791471034.5015638,1791471034.5055242,1791471034.5055442,front_rgbd_red_sphere,True,True,True,,43.3,43.3,1791471034.5015638,1791471034.5003107,1791471034.484157,1791471034.484157,1791471034.484157,0.0,1791471033.472164,1791471034.492169,1791471034.4829419,1791471034.492169,1791471034.4829419,1791471034.492169,1791471033.468161,1791471034.492169,1791471033.472164,1791471034.492169,1791470991.1841571,GAZEBO_CLOCK_SYSTEM_INTERPOLATION,MAPPED_EXACT,0,43.3,1791471034.484157,0.001737833023071289,0.0,RGB,0.0,0,1,0,UNCALIBRATED,PREPARATION,MID,TURNING,1.0,413,1.0,7.034532070159912,0.47593918442726135,nan,nan,False,0.0,0.0,0.0,0.0,0,0,0,0,0,0.0,0.0,0.0,0.0,0.0,0.0,0.0,0.0,0.0,0.0,0.0,0.0,0.0,0.0,6.252733832440865,-2.7878527430065843,-1.6173551324319377,0.0,0.0,0.0,0.0,0.0,0.0,0.0,0.0,0.0,0.0,0.0,False,DISABLED,0,nan,nan,nan,nan,nan,nan,nan,nan,nan,nan,nan,nan,nan,nan,nan,nan,nan,nan,nan,nan,nan,nan,nan,nan,nan,nan,nan,nan,nan,nan,nan,nan,nan,nan,83.70801461680347,-16.03515900319662,0.03228842293069084,0.022603715344519222,0.022603715344519222,0.022603715344519222,83.6998449638244,-16.102302167915834,0.05245468998487561,0.008169652979063358,0.06714316471921578,-0.02016626705418477,0.06763836040524682,0.07058063562487064,0.017406702041625977,False,DISABLED,none,MODEL_ORIGIN_FRAME_NOT_ESTABLISHED,nan,nan,nan,nan,nan,nan,nan,nan,nan,nan,nan,nan,nan,NOT_EVALUATED,nan,nan,nan,nan,DISABLED,nan,nan,nan,nan,nan,nan
1791471034.5362065,1791471034.5652676,1791471034.5687377,1791471034.568756,front_rgbd_red_sphere,True,True,True,,43.352,43.352,1791471034.5652676,1791471034.554212,1791471034.5362065,1791471034.5362065,1791471034.5362065,0.0,1791471033.5521705,1791471034.5481803,1791471034.5389419,1791471034.5481803,1791471034.5429418,1791471034.5521815,1791471033.5321615,1791471034.5481803,1791471033.5521705,1791471034.5521815,1791470991.1842065,GAZEBO_CLOCK_SYSTEM_INTERPOLATION,MAPPED_EXACT,0,43.352,1791471034.5362065,0.0013358592987060547,0.0,RGB,0.0,0,1,0,UNCALIBRATED,PREPARATION,MID,TURNING,1.0,408,1.0,7.038478851318359,0.47496598958969116,nan,nan,False,0.0,0.0,0.0,0.0,0,0,0,0,0,0.0,0.0,0.0,0.0,0.0,0.0,0.0,0.0,0.0,0.0,0.0,0.0,0.0,0.0,6.259377694473939,-2.778923788837497,-1.6241801282344532,0.0,0.0,0.0,0.0,0.0,0.0,0.0,0.0,0.0,0.0,0.0,False,DISABLED,0,nan,nan,nan,nan,nan,nan,nan,nan,nan,nan,nan,nan,nan,nan,nan,nan,nan,nan,nan,nan,nan,nan,nan,nan,nan,nan,nan,nan,nan,nan,nan,nan,nan,nan,83.82501196190196,-15.876247419309756,0.042830586035484564,0.022615585277380112,0.022615585277380112,0.022615585277380112,83.82454033919032,-15.935576798339635,0.06374608479726561,0.0004716227116432492,0.05932937902987945,-0.020915498761781046,0.059331253518303796,0.06290990170479764,0.029061079025268555,False,DISABLED,none,MODEL_ORIGIN_FRAME_NOT_ESTABLISHED,nan,nan,nan,nan,nan,nan,nan,nan,nan,nan,nan,nan,nan,NOT_EVALUATED,nan,nan,nan,nan,DISABLED,nan,nan,nan,nan,nan,nan
1791471034.5841563,1791471034.6117578,1791471034.615065,1791471034.6150858,front_rgbd_red_sphere,True,True,True,,43.4,43.4,1791471034.6117578,1791471034.6012979,1791471034.5841563,1791471034.5841563,1791471034.5841563,0.0,1791471033.5921707,1791471034.5882857,1791471034.5789719,1791471034.5882857,1791471034.5829718,1791471034.5921998,1791471033.5881953,1791471034.5882857,1791471033.5921707,1791471034.5921998,1791470991.1841562,GAZEBO_CLOCK_SYSTEM_INTERPOLATION,MAPPED_EXACT,0,43.4,1791471034.5841563,0.0038309097290039062,0.0,RGB,0.0,0,1,0,UNCALIBRATED,PREPARATION,MID,TURNING,1.0,408,1.0,7.052901744842529,0.47347164154052734,nan,nan,False,0.0,0.0,0.0,0.0,0,0,0,0,0,0.0,0.0,0.0,0.0,0.0,0.0,0.0,0.0,0.0,0.0,0.0,0.0,0.0,0.0,6.277016561805597,-2.776947239660667,-1.6220505727592618,0.0,0.0,0.0,0.0,0.0,0.0,0.0,0.0,0.0,0.0,0.0,False,DISABLED,0,nan,nan,nan,nan,nan,nan,nan,nan,nan,nan,nan,nan,nan,nan,nan,nan,nan,nan,nan,nan,nan,nan,nan,nan,nan,nan,nan,nan,nan,nan,nan,nan,nan,nan,83.93981934028906,-15.715927155153423,0.053000753817691815,0.02265898465159943,0.02265898465159943,0.02265898465159943,83.9371901275678,-15.780349680724774,0.07378353684381637,0.0026292127212599326,0.06442252557135042,-0.02078278302612456,0.06447615497627734,0.0677428862009577,0.02760148048400879,False,DISABLED,none,MODEL_ORIGIN_FRAME_NOT_ESTABLISHED,nan,nan,nan,nan,nan,nan,nan,nan,nan,nan,nan,nan,nan,NOT_EVALUATED,nan,nan,nan,nan,DISABLED,nan,nan,nan,nan,nan,nan
1791471034.6361597,1791471034.6647801,1791471034.6698837,1791471034.6699035,front_rgbd_red_sphere,True,True,True,,43.452,43.452,1791471034.6647801,1791471034.6535363,1791471034.6361597,1791471034.6361597,1791471034.6361597,0.0,1791471033.6321607,1791471034.652166,1791471034.642972,1791471034.652166,1791471034.642972,1791471034.652166,1791471033.6281576,1791471034.652166,1791471033.6321607,1791471034.652166,1791470991.1841598,GAZEBO_CLOCK_SYSTEM_INTERPOLATION,MAPPED_EXACT,0,43.452,1791471034.6361597,0.0009450912475585938,0.0,RGB,0.0,0,1,0,UNCALIBRATED,PREPARATION,MID,TURNING,1.0,403,1.0,7.0559282302856445,0.47201016545295715,nan,nan,False,0.0,0.0,0.0,0.0,0,0,0,0,0,0.0,0.0,0.0,0.0,0.0,0.0,0.0,0.0,0.0,0.0,0.0,0.0,0.0,0.0,6.284405612177915,-2.762229158519764,-1.6317045127010417,0.0,0.0,0.0,0.0,0.0,0.0,0.0,0.0,0.0,0.0,0.0,False,DISABLED,0,nan,nan,nan,nan,nan,nan,nan,nan,nan,nan,nan,nan,nan,nan,nan,nan,nan,nan,nan,nan,nan,nan,nan,nan,nan,nan,nan,nan,nan,nan,nan,nan,nan,nan,84.05214216060747,-15.553767063296036,0.0628903612729293,0.022668097540549895,0.022668097540549895,0.022668097540549895,84.05690705354391,-15.610124457401572,0.0841863194515724,-0.004764892936435672,0.056357394105535974,-0.021295958178643104,0.05655846598929638,0.06043490638537394,0.028620481491088867,False,DISABLED,none,MODEL_ORIGIN_FRAME_NOT_ESTABLISHED,nan,nan,nan,nan,nan,nan,nan,nan,nan,nan,nan,nan,nan,NOT_EVALUATED,nan,nan,nan,nan,DISABLED,nan,nan,nan,nan,nan,nan
1791471034.684159,1791471034.7112389,1791471034.7157533,1791471034.7157881,front_rgbd_red_sphere,True,True,True,,43.5,43.5,1791471034.7112389,1791471034.7105708,1791471034.684159,1791471034.684159,1791471034.684159,0.0,1791471033.6921647,1791471034.6921723,1791471034.682972,1791471034.6921723,1791471034.682972,1791471034.6921723,1791471033.6921647,1791471034.6921723,1791471033.6921647,1791471034.6921723,1791470991.184159,GAZEBO_CLOCK_SYSTEM_INTERPOLATION,MAPPED_EXACT,0,43.5,1791471034.684159,0.0032286643981933594,0.0,RGB,0.0,0,1,0,UNCALIBRATED,PREPARATION,MID,TURNING,1.0,402,1.0,7.069347381591797,0.47014400362968445,nan,nan,False,0.0,0.0,0.0,0.0,0,0,0,0,0,0.0,0.0,0.0,0.0,0.0,0.0,0.0,0.0,0.0,0.0,0.0,0.0,0.0,0.0,6.302344676652772,-2.754674156198241,-1.6333683997659465,0.0,0.0,0.0,0.0,0.0,0.0,0.0,0.0,0.0,0.0,0.0,False,DISABLED,0,nan,nan,nan,nan,nan,nan,nan,nan,nan,nan,nan,nan,nan,nan,nan,nan,nan,nan,nan,nan,nan,nan,nan,nan,nan,nan,nan,nan,nan,nan,nan,nan,nan,nan,84.16242472586687,-15.390184783245804,0.07211851811406694,0.022708522636720723,0.022708522636720723,0.022708522636720723,84.16519820781278,-15.451564287510825,0.09330119324285545,-0.0027734819459084292,0.06137950426502137,-0.021182675128788506,0.06144213331195505,0.06499108763158108,0.02707982063293457,False,DISABLED,none,MODEL_ORIGIN_FRAME_NOT_ESTABLISHED,nan,nan,nan,nan,nan,nan,nan,nan,nan,nan,nan,nan,nan,NOT_EVALUATED,nan,nan,nan,nan,DISABLED,nan,nan,nan,nan,nan,nan
1791471034.7361598,1791471034.7519546,1791471034.7617388,1791471034.7617588,front_rgbd_red_sphere,True,True,True,,43.552,43.552,1791471034.7519546,1791471034.7511642,1791471034.7361598,1791471034.7361598,1791471034.7361598,0.0,1791471033.7321572,1791471034.7481732,1791471034.738972,1791471034.7481732,1791471034.742972,1791471034.752173,1791471033.7321572,1791471034.7481732,1791471033.7321572,1791471034.752173,1791470991.1841598,GAZEBO_CLOCK_SYSTEM_INTERPOLATION,MAPPED_EXACT,0,43.552,1791471034.7361598,0.0023016929626464844,0.0,RGB,0.0,0,1,0,UNCALIBRATED,PREPARATION,MID,TURNING,1.0,404,1.0,7.071033954620361,0.4678815007209778,nan,nan,False,0.0,0.0,0.0,0.0,0,0,0,0,0,0.0,0.0,0.0,0.0,0.0,0.0,0.0,0.0,0.0,0.0,0.0,0.0,0.0,0.0,6.311079803676582,-2.734968576565321,-1.6400429567918935,0.0,0.0,0.0,0.0,0.0,0.0,0.0,0.0,0.0,0.0,0.0,False,DISABLED,0,nan,nan,nan,nan,nan,nan,nan,nan,nan,nan,nan,nan,nan,nan,nan,nan,nan,nan,nan,nan,nan,nan,nan,nan,nan,nan,nan,nan,nan,nan,nan,nan,nan,nan,84.27062542375697,-15.225432799576097,0.08075775937551027,0.022713606683972862,0.022713606683972862,0.022713606683972862,84.28005328910974,-15.278180984806289,0.10255770676450938,-0.009427865352776621,0.052748185230191424,-0.02179994738899911,0.05358409922904994,0.05784888414093914,0.015794754028320312,False,DISABLED,none,MODEL_ORIGIN_FRAME_NOT_ESTABLISHED,nan,nan,nan,nan,nan,nan,nan,nan,nan,nan,nan,nan,nan,NOT_EVALUATED,nan,nan,nan,nan,DISABLED,nan,nan,nan,nan,nan,nan
1791471034.7841604,1791471034.802975,1791471034.8072937,1791471034.8073165,front_rgbd_red_sphere,True,True,True,,43.6,43.6,1791471034.802975,1791471034.8017426,1791471034.7841604,1791471034.7841604,1791471034.7841604,0.0,1791471033.7881699,1791471034.788209,1791471034.778972,1791471034.788209,1791471034.7829719,1791471034.7921643,1791471033.7881699,1791471034.788209,1791471033.772158,1791471034.7921643,1791470991.1841605,GAZEBO_CLOCK_SYSTEM_INTERPOLATION,MAPPED_EXACT,0,43.6,1791471034.7841604,0.003126859664916992,0.0,RGB,0.0,0,1,0,UNCALIBRATED,PREPARATION,MID,TURNING,1.0,399,1.0,7.082923889160156,0.4651530086994171,nan,nan,False,0.0,0.0,0.0,0.0,0,0,0,0,0,0.0,0.0,0.0,0.0,0.0,0.0,0.0,0.0,0.0,0.0,0.0,0.0,0.0,0.0,6.33038400628358,-2.7227165934929403,-1.637333977680647,0.0,0.0,0.0,0.0,0.0,0.0,0.0,0.0,0.0,0.0,0.0,False,DISABLED,0,nan,nan,nan,nan,nan,nan,nan,nan,nan,nan,nan,nan,nan,nan,nan,nan,nan,nan,nan,nan,nan,nan,nan,nan,nan,nan,nan,nan,nan,nan,nan,nan,nan,nan,84.37708610430461,-15.058938678960388,0.08871336898289078,0.022749459102388632,0.022749459102388632,0.022749459102388632,84.38393843118963,-15.116818349114732,0.11051093686780837,-0.00685232688502424,0.057879670154344254,-0.021797567884917587,0.05828387942574614,0.06222655837030122,0.018814563751220703,False,DISABLED,none,MODEL_ORIGIN_FRAME_NOT_ESTABLISHED,nan,nan,nan,nan,nan,nan,nan,nan,nan,nan,nan,nan,nan,NOT_EVALUATED,nan,nan,nan,nan,DISABLED,nan,nan,nan,nan,nan,nan
1791471034.8361607,1791471034.8547204,1791471034.8610663,1791471034.8610902,front_rgbd_red_sphere,True,True,True,,43.652,43.652,1791471034.8547204,1791471034.8530602,1791471034.8361607,1791471034.8361607,1791471034.8361607,0.0,1791471033.8321571,1791471034.852166,1791471034.8429718,1791471034.852166,1791471034.8429718,1791471034.852166,1791471033.8281598,1791471034.852166,1791471033.8321571,1791471034.852166,1791470991.1841607,GAZEBO_CLOCK_SYSTEM_INTERPOLATION,MAPPED_EXACT,0,43.652,1791471034.8361607,0.001367807388305664,0.0,RGB,0.0,0,1,0,UNCALIBRATED,PREPARATION,MID,TURNING,1.0,397,1.0,7.083148956298828,0.46235382556915283,nan,nan,False,0.0,0.0,0.0,0.0,0,0,0,0,0,0.0,0.0,0.0,0.0,0.0,0.0,0.0,0.0,0.0,0.0,0.0,0.0,0.0,0.0,6.339453835267429,-2.6983469348400004,-1.6435464650775709,0.0,0.0,0.0,0.0,0.0,0.0,0.0,0.0,0.0,0.0,0.0,False,DISABLED,0,nan,nan,nan,nan,nan,nan,nan,nan,nan,nan,nan,nan,nan,nan,nan,nan,nan,nan,nan,nan,nan,nan,nan,nan,nan,nan,nan,nan,nan,nan,nan,nan,nan,nan,84.48145807285304,-14.890948456298437,0.09625114623760839,0.022750137595587767,0.022750137595587767,0.022750137595587767,84.49415209112729,-14.94044992368403,0.11840045157705036,-0.012694018274245877,0.04950146738559269,-0.02214930533944197,0.051103164024097224,0.055696724322832646,0.018559694290161133,False,DISABLED,none,MODEL_ORIGIN_FRAME_NOT_ESTABLISHED,nan,nan,nan,nan,nan,nan,nan,nan,nan,nan,nan,nan,nan,NOT_EVALUATED,nan,nan,nan,nan,DISABLED,nan,nan,nan,nan,nan,nan
1791471034.8841584,1791471034.9014926,1791471034.9051073,1791471034.9051514,front_rgbd_red_sphere,True,True,True,,43.7,43.7,1791471034.9014926,1791471034.9002292,1791471034.8841584,1791471034.8841584,1791471034.8841584,0.0,1791471033.8921654,1791471034.8921669,1791471034.882972,1791471034.8921669,1791471034.882972,1791471034.8921669,1791471033.8921654,1791471034.8921669,1791471033.8921654,1791471034.8921669,1791470991.1841583,GAZEBO_CLOCK_SYSTEM_INTERPOLATION,MAPPED_EXACT,0,43.7,1791471034.8841584,0.0015697479248046875,0.0,RGB,0.0,0,1,0,UNCALIBRATED,PREPARATION,MID,TURNING,1.0,392,1.0,7.093652248382568,0.45948442816734314,nan,nan,False,0.0,0.0,0.0,0.0,0,0,0,0,0,0.0,0.0,0.0,0.0,0.0,0.0,0.0,0.0,0.0,0.0,0.0,0.0,0.0,0.0,6.357907549931973,-2.6810843963564803,-1.645812836539423,0.0,0.0,0.0,0.0,0.0,0.0,0.0,0.0,0.0,0.0,0.0,False,DISABLED,0,nan,nan,nan,nan,nan,nan,nan,nan,nan,nan,nan,nan,nan,nan,nan,nan,nan,nan,nan,nan,nan,nan,nan,nan,nan,nan,nan,nan,nan,nan,nan,nan,nan,nan,84.58404183268287,-14.7215972351696,0.10288497079003728,0.022781833739889956,0.022781833739889956,0.022781833739889956,84.59385475952723,-14.776389870240472,0.12500315766727782,-0.009812926844361414,0.0547926350708714,-0.022118186877240542,0.05566440865815854,0.059897751059610004,0.0173342227935791,False,DISABLED,none,MODEL_ORIGIN_FRAME_NOT_ESTABLISHED,nan,nan,nan,nan,nan,nan,nan,nan,nan,nan,nan,nan,nan,NOT_EVALUATED,nan,nan,nan,nan,DISABLED,nan,nan,nan,nan,nan,nan
1791471034.9361596,1791471034.9642518,1791471034.9683957,1791471034.968432,front_rgbd_red_sphere,True,True,True,,43.752,43.752,1791471034.9642518,1791471034.9526198,1791471034.9361596,1791471034.9361596,1791471034.9361596,0.0,1791471033.952172,1791471034.9481723,1791471034.938972,1791471034.9481723,1791471034.942972,1791471034.95218,1791471033.9481702,1791471034.9481723,1791471033.952172,1791471034.95218,1791470991.1841595,GAZEBO_CLOCK_SYSTEM_INTERPOLATION,MAPPED_EXACT,0,43.752,1791471034.9361596,0.00041794776916503906,0.0,RGB,0.0,0,1,0,UNCALIBRATED,PREPARATION,MID,TURNING,1.0,390,1.0,7.092320919036865,0.45657387375831604,nan,nan,False,0.0,0.0,0.0,0.0,0,0,0,0,0,0.0,0.0,0.0,0.0,0.0,0.0,0.0,0.0,0.0,0.0,0.0,0.0,0.0,0.0,6.36584204107919,-2.650043152342871,-1.65962070806021,0.0,0.0,0.0,0.0,0.0,0.0,0.0,0.0,0.0,0.0,0.0,False,DISABLED,0,nan,nan,nan,nan,nan,nan,nan,nan,nan,nan,nan,nan,nan,nan,nan,nan,nan,nan,nan,nan,nan,nan,nan,nan,nan,nan,nan,nan,nan,nan,nan,nan,nan,nan,84.68447308695023,-14.55118494210285,0.10861185649493083,0.022777814748284716,0.022777814748284716,0.022777814748284716,84.69958139119404,-14.597272370393648,0.13133190079960186,-0.015108304243810267,0.04608742829079837,-0.022720044304671033,0.04850063817706956,0.05355849434766844,0.028092145919799805,False,DISABLED,none,MODEL_ORIGIN_FRAME_NOT_ESTABLISHED,nan,nan,nan,nan,nan,nan,nan,nan,nan,nan,nan,nan,nan,NOT_EVALUATED,nan,nan,nan,nan,DISABLED,nan,nan,nan,nan,nan,nan
1791471034.9841776,1791471035.0009284,1791471035.0042725,1791471035.0042944,front_rgbd_red_sphere,True,True,True,,43.8,43.8,1791471035.0009284,1791471035.0001323,1791471034.9841776,1791471034.9841776,1791471034.9841776,0.0,1791471033.992178,1791471034.988172,1791471034.978972,1791471034.988172,1791471034.982972,1791471034.9921782,1791471033.9721618,1791471034.988172,1791471033.992178,1791471034.9921782,1791470991.1841776,GAZEBO_CLOCK_SYSTEM_INTERPOLATION,MAPPED_EXACT,0,43.8,1791471034.9841776,0.0010883808135986328,0.0,RGB,0.0,0,1,0,UNCALIBRATED,PREPARATION,MID,TURNING,1.0,394,1.0,7.101085186004639,0.4533027708530426,nan,nan,False,0.0,0.0,0.0,0.0,0,0,0,0,0,0.0,0.0,0.0,0.0,0.0,0.0,0.0,0.0,0.0,0.0,0.0,0.0,0.0,0.0,6.383915334693277,-2.6261875555237495,-1.6655854486671418,0.0,0.0,0.0,0.0,0.0,0.0,0.0,0.0,0.0,0.0,0.0,False,DISABLED,0,nan,nan,nan,nan,nan,nan,nan,nan,nan,nan,nan,nan,nan,nan,nan,nan,nan,nan,nan,nan,nan,nan,nan,nan,nan,nan,nan,nan,nan,nan,nan,nan,nan,nan,84.78297103844257,-14.37924242739494,0.1134379640800019,0.022804277410382802,0.022804277410382802,0.022804277410382802,84.79529677591091,-14.43061861693944,0.1364230230621407,-0.012325737468344755,0.051376189544500406,-0.022985058982138817,0.05283404826672844,0.05761726818119192,0.016750812530517578,False,DISABLED,none,MODEL_ORIGIN_FRAME_NOT_ESTABLISHED,nan,nan,nan,nan,nan,nan,nan,nan,nan,nan,nan,nan,nan,NOT_EVALUATED,nan,nan,nan,nan,DISABLED,nan,nan,nan,nan,nan,nan
1791471035.036159,1791471035.0636697,1791471035.0670447,1791471035.0670657,front_rgbd_red_sphere,True,True,True,,43.852,43.852,1791471035.0636697,1791471035.0523477,1791471035.036159,1791471035.036159,1791471035.036159,0.0,1791471034.0321603,1791471035.0521688,1791471035.0429718,1791471035.0521688,1791471035.0429718,1791471035.0521688,1791471034.0281765,1791471035.0521688,1791471034.0321603,1791471035.0521688,1791470991.184159,GAZEBO_CLOCK_SYSTEM_INTERPOLATION,MAPPED_EXACT,0,43.852,1791471035.036159,0.0037276744842529297,0.0,RGB,0.0,0,1,0,UNCALIBRATED,PREPARATION,MID,TURNING,1.0,387,1.0,7.097990989685059,0.4500836431980133,nan,nan,False,0.0,0.0,0.0,0.0,0,0,0,0,0,0.0,0.0,0.0,0.0,0.0,0.0,0.0,0.0,0.0,0.0,0.0,0.0,0.0,0.0,6.3911069847521915,-2.589837884137736,-1.6816555241212532,0.0,0.0,0.0,0.0,0.0,0.0,0.0,0.0,0.0,0.0,0.0,False,DISABLED,0,nan,nan,nan,nan,nan,nan,nan,nan,nan,nan,nan,nan,nan,nan,nan,nan,nan,nan,nan,nan,nan,nan,nan,nan,nan,nan,nan,nan,nan,nan,nan,nan,nan,nan,84.87905809092354,-14.206322845891577,0.11773582775383679,0.022794932760413097,0.022794932760413097,0.022794932760413097,84.89658215876439,-14.24915616243641,0.14103011489251213,-0.01752406784085281,0.04283331654483291,-0.023294287138675346,0.04627943344424895,0.051811290016942485,0.027510643005371094,False,DISABLED,none,MODEL_ORIGIN_FRAME_NOT_ESTABLISHED,nan,nan,nan,nan,nan,nan,nan,nan,nan,nan,nan,nan,nan,NOT_EVALUATED,nan,nan,nan,nan,DISABLED,nan,nan,nan,nan,nan,nan
1791471035.0841582,1791471035.1010122,1791471035.1044188,1791471035.1044505,front_rgbd_red_sphere,True,True,True,,43.9,43.9,1791471035.1010122,1791471035.0999455,1791471035.0841582,1791471035.0841582,1791471035.0841582,0.0,1791471034.0721583,1791471035.0921645,1791471035.0829718,1791471035.0921645,1791471035.0829718,1791471035.0921645,1791471034.0681593,1791471035.0921645,1791471034.0721583,1791471035.0921645,1791470991.184158,GAZEBO_CLOCK_SYSTEM_INTERPOLATION,MAPPED_EXACT,0,43.9,1791471035.0841582,0.0012278556823730469,0.0,RGB,0.0,0,1,0,UNCALIBRATED,PREPARATION,MID,TURNING,1.0,385,1.0,7.105048179626465,0.4464307725429535,nan,nan,False,0.0,0.0,0.0,0.0,0,0,0,0,0,0.0,0.0,0.0,0.0,0.0,0.0,0.0,0.0,0.0,0.0,0.0,0.0,0.0,0.0,6.408709665260257,-2.5622079701070826,-1.6867832445153157,0.0,0.0,0.0,0.0,0.0,0.0,0.0,0.0,0.0,0.0,0.0,False,DISABLED,0,nan,nan,nan,nan,nan,nan,nan,nan,nan,nan,nan,nan,nan,nan,nan,nan,nan,nan,nan,nan,nan,nan,nan,nan,nan,nan,nan,nan,nan,nan,nan,nan,nan,nan,84.9737071102817,-14.031901675839096,0.12102058616963968,0.022816247484282338,0.022816247484282338,0.022816247484282338,84.98824933892881,-14.080458778731677,0.14447549606435506,-0.014542228647115962,0.04855710289258042,-0.02345490989471538,0.05068795374983726,0.055851602067575994,0.016854047775268555,False,DISABLED,none,MODEL_ORIGIN_FRAME_NOT_ESTABLISHED,nan,nan,nan,nan,nan,nan,nan,nan,nan,nan,nan,nan,nan,NOT_EVALUATED,nan,nan,nan,nan,DISABLED,nan,nan,nan,nan,nan,nan
1791471035.1361597,1791471035.160867,1791471035.1638334,1791471035.1638546,front_rgbd_red_sphere,True,True,True,,43.952,43.952,1791471035.151879,1791471035.160867,1791471035.1361597,1791471035.1361597,1791471035.1361597,0.0,1791471034.1321743,1791471035.1481771,1791471035.1389718,1791471035.1481771,1791471035.142972,1791471035.1521704,1791471034.1321743,1791471035.1481771,1791471034.1321743,1791471035.1521704,1791470991.1841598,GAZEBO_CLOCK_SYSTEM_INTERPOLATION,MAPPED_EXACT,0,43.952,1791471035.1361597,0.0008728504180908203,0.0,RGB,0.0,0,1,0,UNCALIBRATED,PREPARATION,MID,TURNING,1.0,387,1.0,7.100069999694824,0.4426428973674774,nan,nan,False,0.0,0.0,0.0,0.0,0,0,0,0,0,0.0,0.0,0.0,0.0,0.0,0.0,0.0,0.0,0.0,0.0,0.0,0.0,0.0,0.0,6.415785255160551,-2.5225067714986427,-1.698721723843062,0.0,0.0,0.0,0.0,0.0,0.0,0.0,0.0,0.0,0.0,0.0,False,DISABLED,0,nan,nan,nan,nan,nan,nan,nan,nan,nan,nan,nan,nan,nan,nan,nan,nan,nan,nan,nan,nan,nan,nan,nan,nan,nan,nan,nan,nan,nan,nan,nan,nan,nan,nan,85.06621879555169,-13.856275111250163,0.1235793790963085,0.022801211898733884,0.022801211898733884,0.022801211898733884,85.08542528401354,-13.896521762786284,0.14725587523332156,-0.01920648846184747,0.04024665153612084,-0.02367649613701306,0.04459464271529729,0.050490183483831906,0.024707317352294922,False,DISABLED,none,MODEL_ORIGIN_FRAME_NOT_ESTABLISHED,nan,nan,nan,nan,nan,nan,nan,nan,nan,nan,nan,nan,nan,NOT_EVALUATED,nan,nan,nan,nan,DISABLED,nan,nan,nan,nan,nan,nan
1791471035.1841617,1791471035.2132487,1791471035.217107,1791471035.2171364,front_rgbd_red_sphere,True,True,True,,44.0,44.0,1791471035.2132487,1791471035.201905,1791471035.1841617,1791471035.1841617,1791471035.1841617,0.0,1791471034.1921613,1791471035.1881812,1791471035.178972,1791471035.1881812,1791471035.182972,1791471035.1921897,1791471034.1881683,1791471035.1881812,1791471034.1921613,1791471035.1921897,1791470991.1841617,GAZEBO_CLOCK_SYSTEM_INTERPOLATION,MAPPED_EXACT,0,44.0,1791471035.1841617,0.0013718605041503906,0.0,RGB,0.0,0,1,0,UNCALIBRATED,PREPARATION,MID,TURNING,1.0,381,1.0,7.105112552642822,0.43844568729400635,nan,nan,False,0.0,0.0,0.0,0.0,0,0,0,0,0,0.0,0.0,0.0,0.0,0.0,0.0,0.0,0.0,0.0,0.0,0.0,0.0,0.0,0.0,6.43305864583407,-2.4913400670479144,-1.7004725487335712,0.0,0.0,0.0,0.0,0.0,0.0,0.0,0.0,0.0,0.0,0.0,False,DISABLED,0,nan,nan,nan,nan,nan,nan,nan,nan,nan,nan,nan,nan,nan,nan,nan,nan,nan,nan,nan,nan,nan,nan,nan,nan,nan,nan,nan,nan,nan,nan,nan,nan,nan,nan,85.15706585198305,-13.67938649198923,0.12521029755875462,0.022816442814840934,0.022816442814840934,0.022816442814840934,85.17325606376215,-13.7258211499446,0.14897463574621542,-0.016190211779104402,0.04643465795536983,-0.023764338187460793,0.04917621800102608,0.05461725172848272,0.029087066650390625,False,DISABLED,none,MODEL_ORIGIN_FRAME_NOT_ESTABLISHED,nan,nan,nan,nan,nan,nan,nan,nan,nan,nan,nan,nan,nan,NOT_EVALUATED,nan,nan,nan,nan,DISABLED,nan,nan,nan,nan,nan,nan
1791471035.236156,1791471035.2557948,1791471035.2615266,1791471035.2615464,front_rgbd_red_sphere,True,True,True,,44.052,44.052,1791471035.2557948,1791471035.2551937,1791471035.236156,1791471035.236156,1791471035.236156,0.0,1791471034.2521636,1791471035.2521703,1791471035.242972,1791471035.2521703,1791471035.242972,1791471035.2521703,1791471034.2521636,1791471035.2521703,1791471034.2521636,1791471035.2521703,1791470991.184156,GAZEBO_CLOCK_SYSTEM_INTERPOLATION,MAPPED_EXACT,0,44.052,1791471035.236156,0.0011475086212158203,0.0,RGB,0.0,0,1,0,UNCALIBRATED,PREPARATION,MID,TURNING,1.0,376,1.0,7.098286151885986,0.4344143569469452,nan,nan,False,0.0,0.0,0.0,0.0,0,0,0,0,0,0.0,0.0,0.0,0.0,0.0,0.0,0.0,0.0,0.0,0.0,0.0,0.0,0.0,0.0,6.438973709317657,-2.4485458492280583,-1.7116967756361237,0.0,0.0,0.0,0.0,0.0,0.0,0.0,0.0,0.0,0.0,0.0,False,DISABLED,0,nan,nan,nan,nan,nan,nan,nan,nan,nan,nan,nan,nan,nan,nan,nan,nan,nan,nan,nan,nan,nan,nan,nan,nan,nan,nan,nan,nan,nan,nan,nan,nan,nan,nan,85.24603846448156,-13.501441789744431,0.12651571293813474,0.022795824209250286,0.022795824209250286,0.022795824209250286,85.26631079650805,-13.539885289232158,0.14985549357156905,-0.0202723320264937,0.03844349948772674,-0.02333978063343431,0.04346113319571003,0.049331688179831065,0.019638776779174805,False,DISABLED,none,MODEL_ORIGIN_FRAME_NOT_ESTABLISHED,nan,nan,nan,nan,nan,nan,nan,nan,nan,nan,nan,nan,nan,NOT_EVALUATED,nan,nan,nan,nan,DISABLED,nan,nan,nan,nan,nan,nan
1791471035.2841578,1791471035.3012488,1791471035.304431,1791471035.3044527,front_rgbd_red_sphere,True,True,True,,44.1,44.1,1791471035.3012488,1791471035.2999108,1791471035.2841578,1791471035.2841578,1791471035.2841578,0.0,1791471034.2721653,1791471035.2921653,1791471035.2829719,1791471035.2921653,1791471035.2829719,1791471035.2921653,1791471034.2681599,1791471035.2921653,1791471034.2721653,1791471035.2921653,1791470991.1841578,GAZEBO_CLOCK_SYSTEM_INTERPOLATION,MAPPED_EXACT,0,44.1,1791471035.2841578,0.0012788772583007812,0.0,RGB,0.0,0,1,0,UNCALIBRATED,PREPARATION,MID,TURNING,1.0,378,1.0,7.101564884185791,0.43018636107444763,nan,nan,False,0.0,0.0,0.0,0.0,0,0,0,0,0,0.0,0.0,0.0,0.0,0.0,0.0,0.0,0.0,0.0,0.0,0.0,0.0,0.0,0.0,6.454527219894006,-2.4147006380934526,-1.7147943474812295,0.0,0.0,0.0,0.0,0.0,0.0,0.0,0.0,0.0,0.0,0.0,False,DISABLED,0,nan,nan,nan,nan,nan,nan,nan,nan,nan,nan,nan,nan,nan,nan,nan,nan,nan,nan,nan,nan,nan,nan,nan,nan,nan,nan,nan,nan,nan,nan,nan,nan,nan,nan,85.33356877565427,-13.322545491734843,0.1267532184344518,0.022805725483556857,0.022805725483556857,0.022805725483556857,85.35048080851313,-13.367251081841598,0.1498056011325109,-0.016912032858854786,0.04470559010675501,-0.023052382698059093,0.047797558956626386,0.05306617557606681,0.017091035842895508,False,DISABLED,none,MODEL_ORIGIN_FRAME_NOT_ESTABLISHED,nan,nan,nan,nan,nan,nan,nan,nan,nan,nan,nan,nan,nan,NOT_EVALUATED,nan,nan,nan,nan,DISABLED,nan,nan,nan,nan,nan,nan
1791471035.336157,1791471035.3544207,1791471035.36109,1791471035.36111,front_rgbd_red_sphere,True,True,True,,44.152,44.152,1791471035.3544207,1791471035.353425,1791471035.336157,1791471035.336157,1791471035.336157,0.0,1791471034.3521674,1791471035.3481708,1791471035.3389719,1791471035.3481708,1791471035.3429718,1791471035.3521845,1791471034.3321586,1791471035.3481708,1791471034.3521674,1791471035.3521845,1791470991.1841571,GAZEBO_CLOCK_SYSTEM_INTERPOLATION,MAPPED_EXACT,0,44.152,1791471035.336157,0.0012540817260742188,0.0,RGB,0.0,0,1,0,UNCALIBRATED,PREPARATION,MID,TURNING,1.0,374,1.0,7.092620849609375,0.4258212745189667,nan,nan,False,0.0,0.0,0.0,0.0,0,0,0,0,0,0.0,0.0,0.0,0.0,0.0,0.0,0.0,0.0,0.0,0.0,0.0,0.0,0.0,0.0,6.459248540611593,-2.3695343661838946,-1.7229880249112377,0.0,0.0,0.0,0.0,0.0,0.0,0.0,0.0,0.0,0.0,0.0,False,DISABLED,0,nan,nan,nan,nan,nan,nan,nan,nan,nan,nan,nan,nan,nan,nan,nan,nan,nan,nan,nan,nan,nan,nan,nan,nan,nan,nan,nan,nan,nan,nan,nan,nan,nan,nan,85.41998070508406,-13.142688132655499,0.12608784200004047,0.022778720845018145,0.022778720845018145,0.022778720845018145,85.43965888746293,-13.179260759705143,0.14876433959846452,-0.019678182378868314,0.03657262704964381,-0.02267649759842405,0.04153056598516738,0.047318193693120555,0.018263578414916992,False,DISABLED,none,MODEL_ORIGIN_FRAME_NOT_ESTABLISHED,nan,nan,nan,nan,nan,nan,nan,nan,nan,nan,nan,nan,nan,NOT_EVALUATED,nan,nan,nan,nan,DISABLED,nan,nan,nan,nan,nan,nan
1791471035.3841593,1791471035.4142098,1791471035.4178927,1791471035.4179153,front_rgbd_red_sphere,True,True,True,,44.2,44.2,1791471035.4142098,1791471035.4032016,1791471035.3841593,1791471035.3841593,1791471035.3841593,0.0,1791471034.3721623,1791471035.388164,1791471035.3789718,1791471035.388164,1791471035.382972,1791471035.3921642,1791471034.3721623,1791471035.388164,1791471034.3721623,1791471035.3921642,1791470991.1841593,GAZEBO_CLOCK_SYSTEM_INTERPOLATION,MAPPED_EXACT,0,44.2,1791471035.3841593,0.0022962093353271484,0.0,RGB,0.0,0,1,0,UNCALIBRATED,PREPARATION,MID,TURNING,1.0,375,1.0,7.094125747680664,0.42108190059661865,nan,nan,False,0.0,0.0,0.0,0.0,0,0,0,0,0,0.0,0.0,0.0,0.0,0.0,0.0,0.0,0.0,0.0,0.0,0.0,0.0,0.0,0.0,6.474434173639197,-2.3339468692745515,-1.7207590786857034,0.0,0.0,0.0,0.0,0.0,0.0,0.0,0.0,0.0,0.0,0.0,False,DISABLED,0,nan,nan,nan,nan,nan,nan,nan,nan,nan,nan,nan,nan,nan,nan,nan,nan,nan,nan,nan,nan,nan,nan,nan,nan,nan,nan,nan,nan,nan,nan,nan,nan,nan,nan,85.50492212928246,-12.961422112593638,0.1243411373159074,0.02278326268534299,0.02278326268534299,0.02278326268534299,85.52019835955825,-13.005038718422735,0.1469478041019248,-0.015276230275787839,0.04361660582909721,-0.022606666786017388,0.046214408094118586,0.05144737990086332,0.03005051612854004,False,DISABLED,none,MODEL_ORIGIN_FRAME_NOT_ESTABLISHED,nan,nan,nan,nan,nan,nan,nan,nan,nan,nan,nan,nan,nan,NOT_EVALUATED,nan,nan,nan,nan,DISABLED,nan,nan,nan,nan,nan,nan
1791471035.436157,1791471035.4636242,1791471035.4681468,1791471035.4681752,front_rgbd_red_sphere,True,True,True,,44.252,44.252,1791471035.4636242,1791471035.452276,1791471035.436157,1791471035.436157,1791471035.436157,0.0,1791471034.4521623,1791471035.452166,1791471035.442972,1791471035.452166,1791471035.442972,1791471035.452166,1791471034.4521623,1791471035.452166,1791471034.4521623,1791471035.452166,1791470991.184157,GAZEBO_CLOCK_SYSTEM_INTERPOLATION,MAPPED_EXACT,0,44.252,1791471035.436157,0.0037469863891601562,0.0,RGB,0.0,0,1,0,UNCALIBRATED,PREPARATION,MID,TURNING,1.0,375,1.0,7.0835113525390625,0.41690728068351746,nan,nan,False,0.0,0.0,0.0,0.0,0,0,0,0,0,0.0,0.0,0.0,0.0,0.0,0.0,0.0,0.0,0.0,0.0,0.0,0.0,0.0,0.0,6.476777912492633,-2.2872625439640992,-1.7308701273439968,0.0,0.0,0.0,0.0,0.0,0.0,0.0,0.0,0.0,0.0,0.0,False,DISABLED,0,nan,nan,nan,nan,nan,nan,nan,nan,nan,nan,nan,nan,nan,nan,nan,nan,nan,nan,nan,nan,nan,nan,nan,nan,nan,nan,nan,nan,nan,nan,nan,nan,nan,nan,85.58801374193922,-12.779808628370755,0.12211084368124597,0.02275123155504104,0.02275123155504104,0.02275123155504104,85.6055751113165,-12.81526307503964,0.1440099040450563,-0.017561369377276037,0.03545444666888464,-0.021899060363810313,0.039565382381596084,0.04522154716304742,0.02746725082397461,False,DISABLED,none,MODEL_ORIGIN_FRAME_NOT_ESTABLISHED,nan,nan,nan,nan,nan,nan,nan,nan,nan,nan,nan,nan,nan,NOT_EVALUATED,nan,nan,nan,nan,DISABLED,nan,nan,nan,nan,nan,nan
1791471035.4841568,1791471035.5113626,1791471035.5154831,1791471035.515507,front_rgbd_red_sphere,True,True,True,,44.3,44.3,1791471035.5113626,1791471035.5009677,1791471035.4841568,1791471035.4841568,1791471035.4841568,0.0,1791471034.4721591,1791471035.4921665,1791471035.482972,1791471035.4921665,1791471035.482972,1791471035.4921665,1791471034.4681625,1791471035.4921665,1791471034.4721591,1791471035.4921665,1791470991.184157,GAZEBO_CLOCK_SYSTEM_INTERPOLATION,MAPPED_EXACT,0,44.3,1791471035.4841568,0.0034656524658203125,0.0,RGB,0.0,0,1,0,UNCALIBRATED,PREPARATION,MID,TURNING,1.0,370,1.0,7.083336353302002,0.41257739067077637,nan,nan,False,0.0,0.0,0.0,0.0,0,0,0,0,0,0.0,0.0,0.0,0.0,0.0,0.0,0.0,0.0,0.0,0.0,0.0,0.0,0.0,0.0,6.4889762434155065,-2.249670020673636,-1.733730946944993,0.0,0.0,0.0,0.0,0.0,0.0,0.0,0.0,0.0,0.0,0.0,False,DISABLED,0,nan,nan,nan,nan,nan,nan,nan,nan,nan,nan,nan,nan,nan,nan,nan,nan,nan,nan,nan,nan,nan,nan,nan,nan,nan,nan,nan,nan,nan,nan,nan,nan,nan,nan,85.66952468719109,-12.597342232881955,0.11873680793268987,0.02275070291413886,0.02275070291413886,0.02275070291413886,85.6826527504001,-12.639483539563683,0.14047066953172963,-0.01312806320900961,0.042141306681728,-0.021733861599039755,0.04413882386814588,0.04919955805156607,0.027205705642700195,False,DISABLED,none,MODEL_ORIGIN_FRAME_NOT_ESTABLISHED,nan,nan,nan,nan,nan,nan,nan,nan,nan,nan,nan,nan,nan,NOT_EVALUATED,nan,nan,nan,nan,DISABLED,nan,nan,nan,nan,nan,nan
1791471035.5362098,1791471035.558061,1791471035.5629761,1791471035.5630016,front_rgbd_red_sphere,True,True,True,,44.352,44.352,1791471035.558061,1791471035.555501,1791471035.5362098,1791471035.5362098,1791471035.5362098,0.0,1791471034.5521815,1791471035.5481868,1791471035.538972,1791471035.5481868,1791471035.5429718,1791471035.5521846,1791471034.5481803,1791471035.5481868,1791471034.5521815,1791471035.5521846,1791470991.1842098,GAZEBO_CLOCK_SYSTEM_INTERPOLATION,MAPPED_EXACT,0,44.352,1791471035.5362098,0.0031321048736572266,0.0,RGB,0.0,0,1,0,UNCALIBRATED,PREPARATION,MID,TURNING,1.0,373,1.0,7.070908546447754,0.40823906660079956,nan,nan,False,0.0,0.0,0.0,0.0,0,0,0,0,0,0.0,0.0,0.0,0.0,0.0,0.0,0.0,0.0,0.0,0.0,0.0,0.0,0.0,0.0,6.489830686859057,-2.201853899826011,-1.7411735360506269,0.0,0.0,0.0,0.0,0.0,0.0,0.0,0.0,0.0,0.0,0.0,False,DISABLED,0,nan,nan,nan,nan,nan,nan,nan,nan,nan,nan,nan,nan,nan,nan,nan,nan,nan,nan,nan,nan,nan,nan,nan,nan,nan,nan,nan,nan,nan,nan,nan,nan,nan,nan,85.74974423702301,-12.413403134871007,0.11395880407411957,0.022713228558913414,0.022713228558913414,0.022713228558913414,85.76437902782536,-12.448000571655182,0.1357061037996198,-0.014634790802347197,0.03459743678417482,-0.02174729972550024,0.03756540607877731,0.04340627580447535,0.021851062774658203,False,DISABLED,none,MODEL_ORIGIN_FRAME_NOT_ESTABLISHED,nan,nan,nan,nan,nan,nan,nan,nan,nan,nan,nan,nan,nan,NOT_EVALUATED,nan,nan,nan,nan,DISABLED,nan,nan,nan,nan,nan,nan
1791471035.5841582,1791471035.600931,1791471035.6053638,1791471035.6053853,front_rgbd_red_sphere,True,True,True,,44.4,44.4,1791471035.600931,1791471035.5999417,1791471035.5841582,1791471035.5841582,1791471035.5841582,0.0,1791471034.5721607,1791471035.5881681,1791471035.5789719,1791471035.5881681,1791471035.5829718,1791471035.5921662,1791471034.5721607,1791471035.5881681,1791471034.5721607,1791471035.5921662,1791470991.184158,GAZEBO_CLOCK_SYSTEM_INTERPOLATION,MAPPED_EXACT,0,44.4,1791471035.5841582,0.001352071762084961,0.0,RGB,0.0,0,1,0,UNCALIBRATED,PREPARATION,MID,TURNING,1.0,363,1.0,7.068772792816162,0.40328410267829895,nan,nan,False,0.0,0.0,0.0,0.0,0,0,0,0,0,0.0,0.0,0.0,0.0,0.0,0.0,0.0,0.0,0.0,0.0,0.0,0.0,0.0,0.0,6.501695598696418,-2.1640435215007328,-1.735631985302958,0.0,0.0,0.0,0.0,0.0,0.0,0.0,0.0,0.0,0.0,0.0,False,DISABLED,0,nan,nan,nan,nan,nan,nan,nan,nan,nan,nan,nan,nan,nan,nan,nan,nan,nan,nan,nan,nan,nan,nan,nan,nan,nan,nan,nan,nan,nan,nan,nan,nan,nan,nan,85.82770536807801,-12.229340772843258,0.10850234506548079,0.02270679126565475,0.02270679126565475,0.02270679126565475,85.83808409122979,-12.270844911415846,0.1305327840172088,-0.010378723151774238,0.041504138572587834,-0.022030438951728015,0.042782138947389574,0.0481212183274651,0.016772747039794922,False,DISABLED,none,MODEL_ORIGIN_FRAME_NOT_ESTABLISHED,nan,nan,nan,nan,nan,nan,nan,nan,nan,nan,nan,nan,nan,NOT_EVALUATED,nan,nan,nan,nan,DISABLED,nan,nan,nan,nan,nan,nan
1791471035.636159,1791471035.6557944,1791471035.661026,1791471035.6610482,front_rgbd_red_sphere,True,True,True,,44.452,44.452,1791471035.6557944,1791471035.6547945,1791471035.636159,1791471035.636159,1791471035.636159,0.0,1791471034.652166,1791471035.6521723,1791471035.643002,1791471035.6521723,1791471035.643002,1791471035.6521723,1791471034.652166,1791471035.6521723,1791471034.652166,1791471035.6521723,1791470991.184159,GAZEBO_CLOCK_SYSTEM_INTERPOLATION,MAPPED_EXACT,0,44.452,1791471035.636159,0.0011749267578125,0.0,RGB,0.0,0,1,0,UNCALIBRATED,PREPARATION,MID,TURNING,1.0,364,1.0,7.05487060546875,0.39875271916389465,nan,nan,False,0.0,0.0,0.0,0.0,0,0,0,0,0,0.0,0.0,0.0,0.0,0.0,0.0,0.0,0.0,0.0,0.0,0.0,0.0,0.0,0.0,6.501387775416469,-2.1169825004286684,-1.738258184174168,0.0,0.0,0.0,0.0,0.0,0.0,0.0,0.0,0.0,0.0,0.0,False,DISABLED,0,nan,nan,nan,nan,nan,nan,nan,nan,nan,nan,nan,nan,nan,nan,nan,nan,nan,nan,nan,nan,nan,nan,nan,nan,nan,nan,nan,nan,nan,nan,nan,nan,nan,nan,85.90384848461497,-12.043676026970626,0.10227783691201081,0.02266491293067617,0.02266491293067617,0.02266491293067617,85.91610996881094,-12.078200766524558,0.12407246007861208,-0.012261484195974504,0.03452473955393209,-0.021794623166601274,0.03663743489867946,0.042629886639881286,0.019635438919067383,False,DISABLED,none,MODEL_ORIGIN_FRAME_NOT_ESTABLISHED,nan,nan,nan,nan,nan,nan,nan,nan,nan,nan,nan,nan,nan,NOT_EVALUATED,nan,nan,nan,nan,DISABLED,nan,nan,nan,nan,nan,nan
1791471035.6841595,1791471035.7030823,1791471035.7066152,1791471035.7066395,front_rgbd_red_sphere,True,True,True,,44.5,44.5,1791471035.7030823,1791471035.70204,1791471035.6841595,1791471035.6841595,1791471035.6841595,0.0,1791471034.6921723,1791471035.69218,1791471035.683002,1791471035.69218,1791471035.683002,1791471035.69218,1791471034.6921723,1791471035.69218,1791471034.6921723,1791471035.69218,1791470991.1841595,GAZEBO_CLOCK_SYSTEM_INTERPOLATION,MAPPED_EXACT,0,44.5,1791471035.6841595,0.003121614456176758,0.0,RGB,0.0,0,1,0,UNCALIBRATED,PREPARATION,MID,TURNING,1.0,366,1.0,7.05129861831665,0.3940569758415222,nan,nan,False,0.0,0.0,0.0,0.0,0,0,0,0,0,0.0,0.0,0.0,0.0,0.0,0.0,0.0,0.0,0.0,0.0,0.0,0.0,0.0,0.0,6.510880484559714,-2.0788011472467716,-1.7343114510501374,0.0,0.0,0.0,0.0,0.0,0.0,0.0,0.0,0.0,0.0,0.0,False,DISABLED,0,nan,nan,nan,nan,nan,nan,nan,nan,nan,nan,nan,nan,nan,nan,nan,nan,nan,nan,nan,nan,nan,nan,nan,nan,nan,nan,nan,nan,nan,nan,nan,nan,nan,nan,85.97814136989305,-11.857724560744595,0.09495184533207107,0.02265415962848931,0.02265415962848931,0.02265415962848931,85.98664261161582,-11.899564527966183,0.11738666564360385,-0.008501241722768782,0.04183996722158767,-0.02243482031153278,0.04269489393279336,0.04823043779962234,0.018922805786132812,False,DISABLED,none,MODEL_ORIGIN_FRAME_NOT_ESTABLISHED,nan,nan,nan,nan,nan,nan,nan,nan,nan,nan,nan,nan,nan,NOT_EVALUATED,nan,nan,nan,nan,DISABLED,nan,nan,nan,nan,nan,nan
1791471035.73616,1791471035.7669477,1791471035.7703931,1791471035.7704153,front_rgbd_red_sphere,True,True,True,,44.552,44.552,1791471035.7669477,1791471035.7557118,1791471035.73616,1791471035.73616,1791471035.73616,0.0,1791471034.752173,1791471035.7481747,1791471035.739002,1791471035.7481747,1791471035.743002,1791471035.7521806,1791471034.7481732,1791471035.7481747,1791471034.752173,1791471035.7521806,1791470991.18416,GAZEBO_CLOCK_SYSTEM_INTERPOLATION,MAPPED_EXACT,0,44.552,1791471035.73616,0.0030336380004882812,0.0,RGB,0.0,0,1,0,UNCALIBRATED,PREPARATION,MID,TURNING,1.0,366,1.0,7.035645484924316,0.3899778723716736,nan,nan,False,0.0,0.0,0.0,0.0,0,0,0,0,0,0.0,0.0,0.0,0.0,0.0,0.0,0.0,0.0,0.0,0.0,0.0,0.0,0.0,0.0,6.507391421643835,-2.030162089897633,-1.741437756832313,0.0,0.0,0.0,0.0,0.0,0.0,0.0,0.0,0.0,0.0,0.0,False,DISABLED,0,nan,nan,nan,nan,nan,nan,nan,nan,nan,nan,nan,nan,nan,nan,nan,nan,nan,nan,nan,nan,nan,nan,nan,nan,nan,nan,nan,nan,nan,nan,nan,nan,nan,nan,86.0503739629687,-11.67132379329778,0.08715627736180226,0.022607063364623734,0.022607063364623734,0.022607063364623734,86.0612727693635,-11.705401346527571,0.10937321509847134,-0.010898806394791904,0.03407755322979078,-0.02221693773666908,0.03577797667504943,0.04211479475618291,0.03078770637512207,False,DISABLED,none,MODEL_ORIGIN_FRAME_NOT_ESTABLISHED,nan,nan,nan,nan,nan,nan,nan,nan,nan,nan,nan,nan,nan,NOT_EVALUATED,nan,nan,nan,nan,DISABLED,nan,nan,nan,nan,nan,nan
1791471035.7841587,1791471035.809523,1791471035.8129144,1791471035.8129327,front_rgbd_red_sphere,True,True,True,,44.6,44.6,1791471035.8013585,1791471035.809523,1791471035.7841587,1791471035.7841587,1791471035.7841587,0.0,1791471034.7921643,1791471035.7881815,1791471035.779002,1791471035.7881815,1791471035.783002,1791471035.7921708,1791471034.7721834,1791471035.7881815,1791471034.7921643,1791471035.7921708,1791470991.1841588,GAZEBO_CLOCK_SYSTEM_INTERPOLATION,MAPPED_EXACT,0,44.6,1791471035.7841587,0.0016717910766601562,0.0,RGB,0.0,0,1,0,UNCALIBRATED,PREPARATION,MID,TURNING,1.0,364,1.0,7.031047821044922,0.38541945815086365,nan,nan,False,0.0,0.0,0.0,0.0,0,0,0,0,0,0.0,0.0,0.0,0.0,0.0,0.0,0.0,0.0,0.0,0.0,0.0,0.0,0.0,0.0,6.515255941849708,-1.990276951843196,-1.739503215254701,0.0,0.0,0.0,0.0,0.0,0.0,0.0,0.0,0.0,0.0,0.0,False,DISABLED,0,nan,nan,nan,nan,nan,nan,nan,nan,nan,nan,nan,nan,nan,nan,nan,nan,nan,nan,nan,nan,nan,nan,nan,nan,nan,nan,nan,nan,nan,nan,nan,nan,nan,nan,86.12102637019765,-11.483878204670322,0.07852636352673953,0.022593239925464845,0.022593239925464845,0.022593239925464845,86.12863875538767,-11.525622990535739,0.10134668817501136,-0.0076123851900149475,0.041744785865416745,-0.022820324648271828,0.04243318931250226,0.048180315194933904,0.025364398956298828,False,DISABLED,none,MODEL_ORIGIN_FRAME_NOT_ESTABLISHED,nan,nan,nan,nan,nan,nan,nan,nan,nan,nan,nan,nan,nan,NOT_EVALUATED,nan,nan,nan,nan,DISABLED,nan,nan,nan,nan,nan,nan
1791471035.836158,1791471035.8629348,1791471035.8666599,1791471035.8666832,front_rgbd_red_sphere,True,True,True,,44.652,44.652,1791471035.8629348,1791471035.8618479,1791471035.836158,1791471035.836158,1791471035.836158,0.0,1791471034.852166,1791471035.8521733,1791471035.8430018,1791471035.8521733,1791471035.8430018,1791471035.8521733,1791471034.852166,1791471035.8521733,1791471034.852166,1791471035.8521733,1791470991.184158,GAZEBO_CLOCK_SYSTEM_INTERPOLATION,MAPPED_EXACT,0,44.652,1791471035.836158,0.0030400753021240234,0.0,RGB,0.0,0,1,0,UNCALIBRATED,PREPARATION,MID,TURNING,1.0,365,1.0,7.014040946960449,0.3814605474472046,nan,nan,False,0.0,0.0,0.0,0.0,0,0,0,0,0,0.0,0.0,0.0,0.0,0.0,0.0,0.0,0.0,0.0,0.0,0.0,0.0,0.0,0.0,6.509884912268662,-1.9410730842611787,-1.746540111277212,0.0,0.0,0.0,0.0,0.0,0.0,0.0,0.0,0.0,0.0,0.0,False,DISABLED,0,nan,nan,nan,nan,nan,nan,nan,nan,nan,nan,nan,nan,nan,nan,nan,nan,nan,nan,nan,nan,nan,nan,nan,nan,nan,nan,nan,nan,nan,nan,nan,nan,nan,nan,86.18973520848984,-11.296012339901836,0.06922165420935317,0.022542142179835523,0.022542142179835523,0.022542142179835523,86.19994417150178,-11.330136521582867,0.09198007724352814,-0.010208963011947958,0.034124181681031374,-0.022758423034174968,0.0356185724191658,0.04226852872033547,0.026776790618896484,False,DISABLED,none,MODEL_ORIGIN_FRAME_NOT_ESTABLISHED,nan,nan,nan,nan,nan,nan,nan,nan,nan,nan,nan,nan,nan,NOT_EVALUATED,nan,nan,nan,nan,DISABLED,nan,nan,nan,nan,nan,nan
1791471035.884162,1791471035.9002738,1791471035.9037619,1791471035.9037876,front_rgbd_red_sphere,True,True,True,,44.7,44.7,1791471035.9002738,1791471035.898966,1791471035.884162,1791471035.884162,1791471035.884162,0.0,1791471034.8921669,1791471035.8921688,1791471035.8830018,1791471035.8921688,1791471035.8830018,1791471035.8921688,1791471034.8921669,1791471035.8921688,1791471034.8921669,1791471035.8921688,1791470991.184162,GAZEBO_CLOCK_SYSTEM_INTERPOLATION,MAPPED_EXACT,0,44.7,1791471035.884162,0.0004622936248779297,0.0,RGB,0.0,0,1,0,UNCALIBRATED,PREPARATION,MID,TURNING,1.0,358,1.0,7.008305072784424,0.3767794966697693,nan,nan,False,0.0,0.0,0.0,0.0,0,0,0,0,0,0.0,0.0,0.0,0.0,0.0,0.0,0.0,0.0,0.0,0.0,0.0,0.0,0.0,0.0,6.516703286723532,-1.9018393540676843,-1.7412431914756745,0.0,0.0,0.0,0.0,0.0,0.0,0.0,0.0,0.0,0.0,0.0,False,DISABLED,0,nan,nan,nan,nan,nan,nan,nan,nan,nan,nan,nan,nan,nan,nan,nan,nan,nan,nan,nan,nan,nan,nan,nan,nan,nan,nan,nan,nan,nan,nan,nan,nan,nan,nan,86.25747676253792,-11.106995517158392,0.05933011997786958,0.02252492265426148,0.02252492265426148,0.02252492265426148,86.26423892733263,-11.149322315075437,0.08281178790032286,-0.0067621647947078145,0.04232679791704541,-0.023481667922453278,0.04286355905219707,0.04887405674835635,0.01611185073852539,False,DISABLED,none,MODEL_ORIGIN_FRAME_NOT_ESTABLISHED,nan,nan,nan,nan,nan,nan,nan,nan,nan,nan,nan,nan,nan,NOT_EVALUATED,nan,nan,nan,nan,DISABLED,nan,nan,nan,nan,nan,nan
1791471035.9361606,1791471035.9531188,1791471035.9607642,1791471035.9607918,front_rgbd_red_sphere,True,True,True,,44.752,44.752,1791471035.9531188,1791471035.9519215,1791471035.9361606,1791471035.9361606,1791471035.9361606,0.0,1791471034.9481723,1791471035.9481778,1791471035.939002,1791471035.9481778,1791471035.943002,1791471035.9521725,1791471034.9481723,1791471035.9481778,1791471034.9321618,1791471035.9521725,1791470991.1841605,GAZEBO_CLOCK_SYSTEM_INTERPOLATION,MAPPED_EXACT,0,44.752,1791471035.9361606,0.0014181137084960938,0.0,RGB,0.0,0,1,0,UNCALIBRATED,PREPARATION,MID,TURNING,1.0,360,1.0,6.990044116973877,0.3724460005760193,nan,nan,False,0.0,0.0,0.0,0.0,0,0,0,0,0,0.0,0.0,0.0,0.0,0.0,0.0,0.0,0.0,0.0,0.0,0.0,0.0,0.0,0.0,6.510807163714199,-1.8540956888438487,-1.7413897037352855,0.0,0.0,0.0,0.0,0.0,0.0,0.0,0.0,0.0,0.0,0.0,False,DISABLED,0,nan,nan,nan,nan,nan,nan,nan,nan,nan,nan,nan,nan,nan,nan,nan,nan,nan,nan,nan,nan,nan,nan,nan,nan,nan,nan,nan,nan,nan,nan,nan,nan,nan,nan,86.32359024036721,-10.917869849142228,0.04901447074420601,0.0224701427109715,0.0224701427109715,0.0224701427109715,86.33228147909797,-10.952723506513879,0.0723282066817917,-0.008691238730762052,0.03485365737165047,-0.023313735937585692,0.0359209557619992,0.04282342053389685,0.016958236694335938,False,DISABLED,none,MODEL_ORIGIN_FRAME_NOT_ESTABLISHED,nan,nan,nan,nan,nan,nan,nan,nan,nan,nan,nan,nan,nan,NOT_EVALUATED,nan,nan,nan,nan,DISABLED,nan,nan,nan,nan,nan,nan
1791471035.9841616,1791471036.001314,1791471036.0045907,1791471036.0046093,front_rgbd_red_sphere,True,True,True,,44.8,44.8,1791471036.001314,1791471036.000102,1791471035.9841616,1791471035.9841616,1791471035.9841616,0.0,1791471034.9921782,1791471035.9881747,1791471035.979002,1791471035.9881747,1791471035.983002,1791471035.9921818,1791471034.988172,1791471035.9881747,1791471034.9921782,1791471035.9921818,1791470991.1841617,GAZEBO_CLOCK_SYSTEM_INTERPOLATION,MAPPED_EXACT,0,44.8,1791471035.9841616,0.0013422966003417969,0.0,RGB,0.0,0,1,0,UNCALIBRATED,PREPARATION,MID,TURNING,1.0,362,1.0,6.982595920562744,0.367566853761673,nan,nan,False,0.0,0.0,0.0,0.0,0,0,0,0,0,0.0,0.0,0.0,0.0,0.0,0.0,0.0,0.0,0.0,0.0,0.0,0.0,0.0,0.0,6.516189614682398,-1.8154997056373974,-1.7320162106897095,0.0,0.0,0.0,0.0,0.0,0.0,0.0,0.0,0.0,0.0,0.0,False,DISABLED,0,nan,nan,nan,nan,nan,nan,nan,nan,nan,nan,nan,nan,nan,nan,nan,nan,nan,nan,nan,nan,nan,nan,nan,nan,nan,nan,nan,nan,nan,nan,nan,nan,nan,nan,86.38793301752288,-10.728456281326412,0.03818644436583535,0.022447818189189336,0.022447818189189336,0.022447818189189336,86.39368018642135,-10.770708706358139,0.06222974541428373,-0.0057471688984662705,0.04225242503172666,-0.02404330104844838,0.042641498231290834,0.04895281091740799,0.01715230941772461,False,DISABLED,none,MODEL_ORIGIN_FRAME_NOT_ESTABLISHED,nan,nan,nan,nan,nan,nan,nan,nan,nan,nan,nan,nan,nan,NOT_EVALUATED,nan,nan,nan,nan,DISABLED,nan,nan,nan,nan,nan,nan
1791471036.0361598,1791471036.0652087,1791471036.0707371,1791471036.0707712,front_rgbd_red_sphere,True,True,True,,44.852,44.852,1791471036.0652087,1791471036.053734,1791471036.0361598,1791471036.0361598,1791471036.0361598,0.0,1791471035.0521688,1791471036.0521922,1791471036.043002,1791471036.0521922,1791471036.043002,1791471036.0521922,1791471035.0521688,1791471036.0521922,1791471035.0521688,1791471036.0521922,1791470991.1841598,GAZEBO_CLOCK_SYSTEM_INTERPOLATION,MAPPED_EXACT,0,44.852,1791471036.0361598,0.0013473033905029297,0.0,RGB,0.0,0,1,0,UNCALIBRATED,PREPARATION,MID,TURNING,1.0,362,1.0,6.96376895904541,0.36374157667160034,nan,nan,False,0.0,0.0,0.0,0.0,0,0,0,0,0,0.0,0.0,0.0,0.0,0.0,0.0,0.0,0.0,0.0,0.0,0.0,0.0,0.0,0.0,6.508144825927918,-1.768891573300687,-1.734690089709297,0.0,0.0,0.0,0.0,0.0,0.0,0.0,0.0,0.0,0.0,0.0,False,DISABLED,0,nan,nan,nan,nan,nan,nan,nan,nan,nan,nan,nan,nan,nan,nan,nan,nan,nan,nan,nan,nan,nan,nan,nan,nan,nan,nan,nan,nan,nan,nan,nan,nan,nan,nan,86.45034820063448,-10.538631307400147,0.027540270076365003,0.02239143773032991,0.02239143773032991,0.02239143773032991,86.45854161617672,-10.573134655020302,0.05089021589704237,-0.008193415542237403,0.03450334762015572,-0.023349945820677363,0.03546284048472546,0.04245978126502362,0.029048919677734375,False,DISABLED,none,MODEL_ORIGIN_FRAME_NOT_ESTABLISHED,nan,nan,nan,nan,nan,nan,nan,nan,nan,nan,nan,nan,nan,NOT_EVALUATED,nan,nan,nan,nan,DISABLED,nan,nan,nan,nan,nan,nan
1791471036.0841582,1791471036.1135805,1791471036.1166856,1791471036.1167052,front_rgbd_red_sphere,True,True,True,,44.9,44.9,1791471036.1135805,1791471036.1029563,1791471036.0841582,1791471036.0841582,1791471036.0841582,0.0,1791471035.0721605,1791471036.0921628,1791471036.0830019,1791471036.0921628,1791471036.0830019,1791471036.0921628,1791471035.0681674,1791471036.0921628,1791471035.0721605,1791471036.0921628,1791470991.184158,GAZEBO_CLOCK_SYSTEM_INTERPOLATION,MAPPED_EXACT,0,44.9,1791471036.0841582,0.001657247543334961,0.0,RGB,0.0,0,1,0,UNCALIBRATED,PREPARATION,MID,TURNING,1.0,359,1.0,6.955691814422607,0.35970020294189453,nan,nan,False,0.0,0.0,0.0,0.0,0,0,0,0,0,0.0,0.0,0.0,0.0,0.0,0.0,0.0,0.0,0.0,0.0,0.0,0.0,0.0,0.0,6.510544276928282,-1.7310720374707964,-1.7314309123832041,0.0,0.0,0.0,0.0,0.0,0.0,0.0,0.0,0.0,0.0,0.0,False,DISABLED,0,nan,nan,nan,nan,nan,nan,nan,nan,nan,nan,nan,nan,nan,nan,nan,nan,nan,nan,nan,nan,nan,nan,nan,nan,nan,nan,nan,nan,nan,nan,nan,nan,nan,nan,86.51104805101356,-10.348859090972226,0.016038233634254218,0.022367272101916042,0.022367272101916042,0.022367272101916042,86.51701903695809,-10.390340918337444,0.04012991009645156,-0.005970985944529161,0.04148182736521733,-0.024091676462197342,0.041909362613948904,0.0483404959580128,0.029422283172607422,False,DISABLED,none,MODEL_ORIGIN_FRAME_NOT_ESTABLISHED,nan,nan,nan,nan,nan,nan,nan,nan,nan,nan,nan,nan,nan,NOT_EVALUATED,nan,nan,nan,nan,DISABLED,nan,nan,nan,nan,nan,nan
1791471036.1361566,1791471036.1529255,1791471036.1629398,1791471036.162972,front_rgbd_red_sphere,True,True,True,,44.952,44.952,1791471036.1529255,1791471036.151943,1791471036.1361566,1791471036.1361566,1791471036.1361566,0.0,1791471035.1321607,1791471036.1481686,1791471036.1390018,1791471036.1481686,1791471036.143002,1791471036.1521664,1791471035.1321607,1791471036.1481686,1791471035.1321607,1791471036.1521664,1791470991.1841567,GAZEBO_CLOCK_SYSTEM_INTERPOLATION,MAPPED_EXACT,0,44.952,1791471036.1361566,0.0017337799072265625,0.0,RGB,0.0,0,1,0,UNCALIBRATED,PREPARATION,MID,TURNING,1.0,359,1.0,6.936522006988525,0.3564159572124481,nan,nan,False,0.0,0.0,0.0,0.0,0,0,0,0,0,0.0,0.0,0.0,0.0,0.0,0.0,0.0,0.0,0.0,0.0,0.0,0.0,0.0,0.0,6.500585086546365,-1.6854050073391278,-1.736992147106839,0.0,0.0,0.0,0.0,0.0,0.0,0.0,0.0,0.0,0.0,0.0,False,DISABLED,0,nan,nan,nan,nan,nan,nan,nan,nan,nan,nan,nan,nan,nan,nan,nan,nan,nan,nan,nan,nan,nan,nan,nan,nan,nan,nan,nan,nan,nan,nan,nan,nan,nan,nan,86.5704267704182,-10.158276979269855,0.004727523723661753,0.02230996911119954,0.02230996911119954,0.02230996911119954,86.57883063295141,-10.191754004918547,0.02820688504006432,-0.008403862533214124,0.033477025648691594,-0.023479361316402568,0.03451573774034556,0.041744659054620346,0.016768932342529297,False,DISABLED,none,MODEL_ORIGIN_FRAME_NOT_ESTABLISHED,nan,nan,nan,nan,nan,nan,nan,nan,nan,nan,nan,nan,nan,NOT_EVALUATED,nan,nan,nan,nan,DISABLED,nan,nan,nan,nan,nan,nan
1791471036.18416,1791471036.2126863,1791471036.216356,1791471036.2163825,front_rgbd_red_sphere,True,True,True,,45.0,45.0,1791471036.2126863,1791471036.211009,1791471036.18416,1791471036.18416,1791471036.18416,0.0,1791471035.1721644,1791471036.1881735,1791471036.1790018,1791471036.1881735,1791471036.183002,1791471036.1921725,1791471035.1721644,1791471036.1881735,1791471035.1721644,1791471036.1921725,1791470991.18416,GAZEBO_CLOCK_SYSTEM_INTERPOLATION,MAPPED_EXACT,0,45.0,1791471036.18416,0.0009450912475585938,0.0,RGB,0.0,0,1,0,UNCALIBRATED,PREPARATION,MID,TURNING,1.0,363,1.0,6.927884101867676,0.35214000940322876,nan,nan,False,0.0,0.0,0.0,0.0,0,0,0,0,0,0.0,0.0,0.0,0.0,0.0,0.0,0.0,0.0,0.0,0.0,0.0,0.0,0.0,0.0,6.502766532787784,-1.6488101520468312,-1.729458950073818,0.0,0.0,0.0,0.0,0.0,0.0,0.0,0.0,0.0,0.0,0.0,False,DISABLED,0,nan,nan,nan,nan,nan,nan,nan,nan,nan,nan,nan,nan,nan,nan,nan,nan,nan,nan,nan,nan,nan,nan,nan,nan,nan,nan,nan,nan,nan,nan,nan,nan,nan,nan,86.62822252557444,-9.967459642831328,-0.0075808284887556865,0.02228417186488321,0.02228417186488321,0.02228417186488321,86.6345488157735,-10.008002417606564,0.017034920639410197,-0.0063262901990555065,0.04054277477523627,-0.024615749128165883,0.04103338316734558,0.04785053436795664,0.02852630615234375,False,DISABLED,none,MODEL_ORIGIN_FRAME_NOT_ESTABLISHED,nan,nan,nan,nan,nan,nan,nan,nan,nan,nan,nan,nan,nan,NOT_EVALUATED,nan,nan,nan,nan,DISABLED,nan,nan,nan,nan,nan,nan
1791471036.2361565,1791471036.2628021,1791471036.2664273,1791471036.2664475,front_rgbd_red_sphere,True,True,True,,45.052,45.052,1791471036.2628021,1791471036.251712,1791471036.2361565,1791471036.2361565,1791471036.2361565,0.0,1791471035.2521703,1791471036.2521734,1791471036.243002,1791471036.2521734,1791471036.243002,1791471036.2521734,1791471035.2521703,1791471036.2521734,1791471035.2521703,1791471036.2521734,1791470991.1841564,GAZEBO_CLOCK_SYSTEM_INTERPOLATION,MAPPED_EXACT,0,45.052,1791471036.2361565,0.0028228759765625,0.0,RGB,0.0,0,1,0,UNCALIBRATED,PREPARATION,MID,TURNING,1.0,360,1.0,6.907797813415527,0.3484860956668854,nan,nan,False,0.0,0.0,0.0,0.0,0,0,0,0,0,0.0,0.0,0.0,0.0,0.0,0.0,0.0,0.0,0.0,0.0,0.0,0.0,0.0,0.0,6.492575137553923,-1.605951165037081,-1.7277320324618288,0.0,0.0,0.0,0.0,0.0,0.0,0.0,0.0,0.0,0.0,0.0,False,DISABLED,0,nan,nan,nan,nan,nan,nan,nan,nan,nan,nan,nan,nan,nan,nan,nan,nan,nan,nan,nan,nan,nan,nan,nan,nan,nan,nan,nan,nan,nan,nan,nan,nan,nan,nan,86.68451038993571,-9.775924078943836,-0.019735912301347136,0.022224243220615125,0.022224243220615125,0.022224243220615125,86.69334314871949,-9.808657327193146,0.004832578595119991,-0.008832758783782424,0.032733248249309455,-0.024568490896467128,0.03390402879723007,0.04186996433737667,0.026645660400390625,False,DISABLED,none,MODEL_ORIGIN_FRAME_NOT_ESTABLISHED,nan,nan,nan,nan,nan,nan,nan,nan,nan,nan,nan,nan,nan,NOT_EVALUATED,nan,nan,nan,nan,DISABLED,nan,nan,nan,nan,nan,nan
1791471036.2841618,1791471036.3045247,1791471036.3081968,1791471036.3082178,front_rgbd_red_sphere,True,True,True,,45.1,45.1,1791471036.3045247,1791471036.3037786,1791471036.2841618,1791471036.2841618,1791471036.2841618,0.0,1791471035.2921653,1791471036.2921674,1791471036.283002,1791471036.2921674,1791471036.283002,1791471036.2921674,1791471035.2921653,1791471036.2921674,1791471035.2921653,1791471036.2921674,1791470991.184162,GAZEBO_CLOCK_SYSTEM_INTERPOLATION,MAPPED_EXACT,0,45.1,1791471036.2841618,0.0008356571197509766,0.0,RGB,0.0,0,1,0,UNCALIBRATED,PREPARATION,MID,TURNING,1.0,362,1.0,6.898834228515625,0.34449586272239685,nan,nan,False,0.0,0.0,0.0,0.0,0,0,0,0,0,0.0,0.0,0.0,0.0,0.0,0.0,0.0,0.0,0.0,0.0,0.0,0.0,0.0,0.0,6.493498926173284,-1.5716619589783445,-1.7199603508842665,0.0,0.0,0.0,0.0,0.0,0.0,0.0,0.0,0.0,0.0,0.0,False,DISABLED,0,nan,nan,nan,nan,nan,nan,nan,nan,nan,nan,nan,nan,nan,nan,nan,nan,nan,nan,nan,nan,nan,nan,nan,nan,nan,nan,nan,nan,nan,nan,nan,nan,nan,nan,86.73933053630427,-9.584872557306543,-0.031825847854062894,0.022197526031832636,0.022197526031832636,0.022197526031832636,86.74639760076795,-9.623931918607084,-0.006481326396708502,-0.007067064463683437,0.03905936130054144,-0.025344521457354392,0.03969353984391026,0.047094817902210734,0.02036285400390625,False,DISABLED,none,MODEL_ORIGIN_FRAME_NOT_ESTABLISHED,nan,nan,nan,nan,nan,nan,nan,nan,nan,nan,nan,nan,nan,NOT_EVALUATED,nan,nan,nan,nan,DISABLED,nan,nan,nan,nan,nan,nan
1791471036.3361619,1791471036.3658333,1791471036.370806,1791471036.3708384,front_rgbd_red_sphere,True,True,True,,45.152,45.152,1791471036.3658333,1791471036.3548822,1791471036.3361619,1791471036.3361619,1791471036.3361619,0.0,1791471035.3481708,1791471036.3481715,1791471036.339002,1791471036.3481715,1791471036.3430018,1791471036.352161,1791471035.3481708,1791471036.3481715,1791471035.3321593,1791471036.352161,1791470991.184162,GAZEBO_CLOCK_SYSTEM_INTERPOLATION,MAPPED_EXACT,0,45.152,1791471036.3361619,0.002008199691772461,0.0,RGB,0.0,0,1,0,UNCALIBRATED,PREPARATION,MID,TURNING,1.0,358,1.0,6.8785929679870605,0.3414323329925537,nan,nan,False,0.0,0.0,0.0,0.0,0,0,0,0,0,0.0,0.0,0.0,0.0,0.0,0.0,0.0,0.0,0.0,0.0,0.0,0.0,0.0,0.0,6.481533149369266,-1.5306088865151093,-1.721047329595136,0.0,0.0,0.0,0.0,0.0,0.0,0.0,0.0,0.0,0.0,0.0,False,DISABLED,0,nan,nan,nan,nan,nan,nan,nan,nan,nan,nan,nan,nan,nan,nan,nan,nan,nan,nan,nan,nan,nan,nan,nan,nan,nan,nan,nan,nan,nan,nan,nan,nan,nan,nan,86.79274758967152,-9.392950306947316,-0.044020526721265385,0.022137252485969237,0.022137252485969237,0.022137252485969237,86.80229848671019,-9.42374574242149,-0.018671839873660674,-0.00955089703866463,0.030795435474173516,-0.02534868684760471,0.03224249494513657,0.041013831876393674,0.029671430587768555,False,DISABLED,none,MODEL_ORIGIN_FRAME_NOT_ESTABLISHED,nan,nan,nan,nan,nan,nan,nan,nan,nan,nan,nan,nan,nan,NOT_EVALUATED,nan,nan,nan,nan,DISABLED,nan,nan,nan,nan,nan,nan
1791471036.3841586,1791471036.4116774,1791471036.417638,1791471036.4176605,front_rgbd_red_sphere,True,True,True,,45.2,45.2,1791471036.4116774,1791471036.4002502,1791471036.3841586,1791471036.3841586,1791471036.3841586,0.0,1791471035.3921642,1791471036.388177,1791471036.3790019,1791471036.388177,1791471036.3830018,1791471036.3921733,1791471035.388164,1791471036.388177,1791471035.3921642,1791471036.3921733,1791470991.1841586,GAZEBO_CLOCK_SYSTEM_INTERPOLATION,MAPPED_EXACT,0,45.2,1791471036.3841586,0.0040357112884521484,0.0,RGB,0.0,0,1,0,UNCALIBRATED,PREPARATION,MID,TURNING,1.0,362,1.0,6.869635105133057,0.33760368824005127,nan,nan,False,0.0,0.0,0.0,0.0,0,0,0,0,0,0.0,0.0,0.0,0.0,0.0,0.0,0.0,0.0,0.0,0.0,0.0,0.0,0.0,0.0,6.481851849638446,-1.497817307036562,-1.7129003990877645,0.0,0.0,0.0,0.0,0.0,0.0,0.0,0.0,0.0,0.0,0.0,False,DISABLED,0,nan,nan,nan,nan,nan,nan,nan,nan,nan,nan,nan,nan,nan,nan,nan,nan,nan,nan,nan,nan,nan,nan,nan,nan,nan,nan,nan,nan,nan,nan,nan,nan,nan,nan,86.84471326082742,-9.201062296087326,-0.05632736837201596,0.02211060511586487,0.02211060511586487,0.02211060511586487,86.8526263101157,-9.238600790690688,-0.029819673791140498,-0.007913049288276852,0.03753849460336234,-0.026507694580875464,0.0383634582138441,0.04663059937549952,0.027518749237060547,False,DISABLED,none,MODEL_ORIGIN_FRAME_NOT_ESTABLISHED,nan,nan,nan,nan,nan,nan,nan,nan,nan,nan,nan,nan,nan,NOT_EVALUATED,nan,nan,nan,nan,DISABLED,nan,nan,nan,nan,nan,nan
1791471036.436162,1791471036.4665523,1791471036.4699247,1791471036.4699488,front_rgbd_red_sphere,True,True,True,,45.252,45.252,1791471036.4665523,1791471036.465738,1791471036.436162,1791471036.436162,1791471036.436162,0.0,1791471035.452166,1791471036.4521873,1791471036.443002,1791471036.4521873,1791471036.443002,1791471036.4521873,1791471035.452166,1791471036.4521873,1791471035.452166,1791471036.4521873,1791470991.184162,GAZEBO_CLOCK_SYSTEM_INTERPOLATION,MAPPED_EXACT,0,45.252,1791471036.436162,0.0025603771209716797,0.0,RGB,0.0,0,1,0,UNCALIBRATED,PREPARATION,MID,TURNING,1.0,360,1.0,6.8492045402526855,0.3351920247077942,nan,nan,False,0.0,0.0,0.0,0.0,0,0,0,0,0,0.0,0.0,0.0,0.0,0.0,0.0,0.0,0.0,0.0,0.0,0.0,0.0,0.0,0.0,6.468027016014303,-1.458651506022984,-1.7171392994569845,0.0,0.0,0.0,0.0,0.0,0.0,0.0,0.0,0.0,0.0,0.0,False,DISABLED,0,nan,nan,nan,nan,nan,nan,nan,nan,nan,nan,nan,nan,nan,nan,nan,nan,nan,nan,nan,nan,nan,nan,nan,nan,nan,nan,nan,nan,nan,nan,nan,nan,nan,nan,86.89486475742993,-9.008918237911459,-0.0684349167267832,0.02204988803247276,0.02204988803247276,0.02204988803247276,86.90582371131237,-9.037199930593346,-0.04172385538804607,-0.010958953882436617,0.02828169268188674,-0.02671106133873713,0.030330723881075744,0.04041575941377121,0.030390262603759766,False,DISABLED,none,MODEL_ORIGIN_FRAME_NOT_ESTABLISHED,nan,nan,nan,nan,nan,nan,nan,nan,nan,nan,nan,nan,nan,NOT_EVALUATED,nan,nan,nan,nan,DISABLED,nan,nan,nan,nan,nan,nan
1791471036.4841654,1791471036.5054705,1791471036.5112844,1791471036.5113184,front_rgbd_red_sphere,True,True,True,,45.3,45.3,1791471036.5054705,1791471036.504252,1791471036.4841654,1791471036.4841654,1791471036.4841654,0.0,1791471035.4721599,1791471036.4921646,1791471036.483002,1791471036.4921646,1791471036.483002,1791471036.4921646,1791471035.468165,1791471036.4921646,1791471035.4721599,1791471036.4921646,1791470991.1841655,GAZEBO_CLOCK_SYSTEM_INTERPOLATION,MAPPED_EXACT,0,45.3,1791471036.4841654,0.0018315315246582031,0.0,RGB,0.0,0,1,0,UNCALIBRATED,PREPARATION,MID,TURNING,1.0,362,1.0,6.840431213378906,0.3321286737918854,nan,nan,False,0.0,0.0,0.0,0.0,0,0,0,0,0,0.0,0.0,0.0,0.0,0.0,0.0,0.0,0.0,0.0,0.0,0.0,0.0,0.0,0.0,6.466604572686278,-1.4274827853156342,-1.7137148885089024,0.0,0.0,0.0,0.0,0.0,0.0,0.0,0.0,0.0,0.0,0.0,False,DISABLED,0,nan,nan,nan,nan,nan,nan,nan,nan,nan,nan,nan,nan,nan,nan,nan,nan,nan,nan,nan,nan,nan,nan,nan,nan,nan,nan,nan,nan,nan,nan,nan,nan,nan,nan,86.9438731888671,-8.81655920114496,-0.08040565230939117,0.022023840149748,0.022023840149748,0.022023840149748,86.95357269728171,-8.851396629345473,-0.052448844733487106,-0.009699508414612978,0.03483742820051283,-0.027956807575904068,0.03616250637208426,0.045708970202217,0.021305084228515625,False,DISABLED,none,MODEL_ORIGIN_FRAME_NOT_ESTABLISHED,nan,nan,nan,nan,nan,nan,nan,nan,nan,nan,nan,nan,nan,NOT_EVALUATED,nan,nan,nan,nan,DISABLED,nan,nan,nan,nan,nan,nan
1791471036.536158,1791471036.5663412,1791471036.569668,1791471036.5696878,front_rgbd_red_sphere,True,True,True,,45.352,45.352,1791471036.5663412,1791471036.565569,1791471036.536158,1791471036.536158,1791471036.536158,0.0,1791471035.5481868,1791471036.5481873,1791471036.539002,1791471036.5481873,1791471036.543002,1791471036.5521703,1791471035.5481868,1791471036.5481873,1791471035.5321577,1791471036.5521703,1791470991.184158,GAZEBO_CLOCK_SYSTEM_INTERPOLATION,MAPPED_EXACT,0,45.352,1791471036.536158,0.0023500919342041016,0.0,RGB,0.0,0,1,0,UNCALIBRATED,PREPARATION,MID,TURNING,1.0,360,1.0,6.82037353515625,0.3298882842063904,nan,nan,False,0.0,0.0,0.0,0.0,0,0,0,0,0,0.0,0.0,0.0,0.0,0.0,0.0,0.0,0.0,0.0,0.0,0.0,0.0,0.0,0.0,6.452609002049559,-1.3903662119010392,-1.7170363107776767,0.0,0.0,0.0,0.0,0.0,0.0,0.0,0.0,0.0,0.0,0.0,False,DISABLED,0,nan,nan,nan,nan,nan,nan,nan,nan,nan,nan,nan,nan,nan,nan,nan,nan,nan,nan,nan,nan,nan,nan,nan,nan,nan,nan,nan,nan,nan,nan,nan,nan,nan,nan,86.99157265269726,-8.623338810554127,-0.09218174827657494,0.021964347100447614,0.021964347100447614,0.021964347100447614,87.00397799291952,-8.649429157829472,-0.06373845892299221,-0.012405340222258587,0.026090347275344428,-0.02844328935358273,0.028889421714150997,0.04054157614387595,0.030183076858520508,False,DISABLED,none,MODEL_ORIGIN_FRAME_NOT_ESTABLISHED,nan,nan,nan,nan,nan,nan,nan,nan,nan,nan,nan,nan,nan,NOT_EVALUATED,nan,nan,nan,nan,DISABLED,nan,nan,nan,nan,nan,nan
1791471036.584164,1791471036.61143,1791471036.615611,1791471036.615634,front_rgbd_red_sphere,True,True,True,,45.4,45.4,1791471036.61143,1791471036.6007662,1791471036.584164,1791471036.584164,1791471036.584164,0.0,1791471035.5921662,1791471036.5881689,1791471036.579002,1791471036.5881689,1791471036.5830019,1791471036.5921671,1791471035.5881681,1791471036.5881689,1791471035.5921662,1791471036.5921671,1791470991.1841638,GAZEBO_CLOCK_SYSTEM_INTERPOLATION,MAPPED_EXACT,0,45.4,1791471036.584164,0.0035042762756347656,0.0,RGB,0.0,0,1,0,UNCALIBRATED,PREPARATION,MID,TURNING,1.0,363,1.0,6.811901569366455,0.32671433687210083,nan,nan,False,0.0,0.0,0.0,0.0,0,0,0,0,0,0.0,0.0,0.0,0.0,0.0,0.0,0.0,0.0,0.0,0.0,0.0,0.0,0.0,0.0,6.451565144552706,-1.3609195265774572,-1.710908574432899,0.0,0.0,0.0,0.0,0.0,0.0,0.0,0.0,0.0,0.0,0.0,False,DISABLED,0,nan,nan,nan,nan,nan,nan,nan,nan,nan,nan,nan,nan,nan,nan,nan,nan,nan,nan,nan,nan,nan,nan,nan,nan,nan,nan,nan,nan,nan,nan,nan,nan,nan,nan,87.03807337551113,-8.429653094893123,-0.10397077934097426,0.02193924279517792,0.02193924279517792,0.02193924279517792,87.0492457204166,-8.462887399973683,-0.07378416127735911,-0.011172344905460818,0.033234305080560134,-0.030186618063615153,0.03506194981563805,0.04626631858050625,0.02726602554321289,False,DISABLED,none,MODEL_ORIGIN_FRAME_NOT_ESTABLISHED,nan,nan,nan,nan,nan,nan,nan,nan,nan,nan,nan,nan,nan,NOT_EVALUATED,nan,nan,nan,nan,DISABLED,nan,nan,nan,nan,nan,nan
1791471036.6361651,1791471036.657479,1791471036.6627321,1791471036.6627543,front_rgbd_red_sphere,True,True,True,,45.452,45.452,1791471036.657479,1791471036.6552727,1791471036.6361651,1791471036.6361651,1791471036.6361651,0.0,1791471035.6321585,1791471036.6521676,1791471036.643031,1791471036.6521676,1791471036.643031,1791471036.6521676,1791471035.6281564,1791471036.6521676,1791471035.6321585,1791471036.6521676,1791470991.1841652,GAZEBO_CLOCK_SYSTEM_INTERPOLATION,MAPPED_EXACT,0,45.452,1791471036.6361651,0.002619504928588867,0.0,RGB,0.0,0,1,0,UNCALIBRATED,PREPARATION,MID,TURNING,1.0,365,1.0,6.792360305786133,0.3251345753669739,nan,nan,False,0.0,0.0,0.0,0.0,0,0,0,0,0,0.0,0.0,0.0,0.0,0.0,0.0,0.0,0.0,0.0,0.0,0.0,0.0,0.0,0.0,6.436493249795492,-1.3253924577370055,-1.7178615364758159,0.0,0.0,0.0,0.0,0.0,0.0,0.0,0.0,0.0,0.0,0.0,False,DISABLED,0,nan,nan,nan,nan,nan,nan,nan,nan,nan,nan,nan,nan,nan,nan,nan,nan,nan,nan,nan,nan,nan,nan,nan,nan,nan,nan,nan,nan,nan,nan,nan,nan,nan,nan,87.0831655909013,-8.23610555601796,-0.11466096764617267,0.021881392397496043,0.021881392397496043,0.021881392397496043,87.09694799124443,-8.260323901283476,-0.0841864283858141,-0.01378240034313194,0.02421834526551514,-0.030474539260358577,0.027865441080630018,0.041293829439145016,0.021313905715942383,False,DISABLED,none,MODEL_ORIGIN_FRAME_NOT_ESTABLISHED,nan,nan,nan,nan,nan,nan,nan,nan,nan,nan,nan,nan,nan,NOT_EVALUATED,nan,nan,nan,nan,DISABLED,nan,nan,nan,nan,nan,nan
1791471036.6841702,1791471036.7149177,1791471036.7214074,1791471036.7214487,front_rgbd_red_sphere,True,True,True,,45.5,45.5,1791471036.7149177,1791471036.7033772,1791471036.6841702,1791471036.6841702,1791471036.6841702,0.0,1791471035.69218,1791471036.6921837,1791471036.6830308,1791471036.6921837,1791471036.6830308,1791471036.6921837,1791471035.69218,1791471036.6921837,1791471035.69218,1791471036.6921837,1791470991.1841702,GAZEBO_CLOCK_SYSTEM_INTERPOLATION,MAPPED_EXACT,0,45.5,1791471036.6841702,0.003085613250732422,0.0,RGB,0.0,0,1,0,UNCALIBRATED,PREPARATION,MID,TURNING,1.0,366,1.0,6.784751892089844,0.32288169860839844,nan,nan,False,0.0,0.0,0.0,0.0,0,0,0,0,0,0.0,0.0,0.0,0.0,0.0,0.0,0.0,0.0,0.0,0.0,0.0,0.0,0.0,0.0,6.434149739810381,-1.297165400682819,-1.7181200963908698,0.0,0.0,0.0,0.0,0.0,0.0,0.0,0.0,0.0,0.0,0.0,False,DISABLED,0,nan,nan,nan,nan,nan,nan,nan,nan,nan,nan,nan,nan,nan,nan,nan,nan,nan,nan,nan,nan,nan,nan,nan,nan,nan,nan,nan,nan,nan,nan,nan,nan,nan,nan,87.12718113810566,-8.042199347311904,-0.1250723196871561,0.021858888715837427,0.021858888715837427,0.021858888715837427,87.139767926423,-8.073185046896336,-0.09329966839494035,-0.012586788317349829,0.030985699584432425,-0.03177265129221575,0.03344459326830676,0.046130707657906236,0.030747413635253906,False,DISABLED,none,MODEL_ORIGIN_FRAME_NOT_ESTABLISHED,nan,nan,nan,nan,nan,nan,nan,nan,nan,nan,nan,nan,nan,NOT_EVALUATED,nan,nan,nan,nan,DISABLED,nan,nan,nan,nan,nan,nan
1791471036.736156,1791471036.7653856,1791471036.769109,1791471036.7691374,front_rgbd_red_sphere,True,True,True,,45.552,45.552,1791471036.7653856,1791471036.7643287,1791471036.736156,1791471036.736156,1791471036.736156,0.0,1791471035.7521806,1791471036.7481813,1791471036.7390308,1791471036.7481813,1791471036.743031,1791471036.7521873,1791471035.7481747,1791471036.7481813,1791471035.7521806,1791471036.7521873,1791470991.184156,GAZEBO_CLOCK_SYSTEM_INTERPOLATION,MAPPED_EXACT,0,45.552,1791471036.736156,0.001453399658203125,0.0,RGB,0.0,0,1,0,UNCALIBRATED,PREPARATION,MID,TURNING,1.0,366,1.0,6.765881061553955,0.3218036890029907,nan,nan,False,0.0,0.0,0.0,0.0,0,0,0,0,0,0.0,0.0,0.0,0.0,0.0,0.0,0.0,0.0,0.0,0.0,0.0,0.0,0.0,0.0,6.418564658615647,-1.263101183628966,-1.727353442345752,0.0,0.0,0.0,0.0,0.0,0.0,0.0,0.0,0.0,0.0,0.0,False,DISABLED,0,nan,nan,nan,nan,nan,nan,nan,nan,nan,nan,nan,nan,nan,nan,nan,nan,nan,nan,nan,nan,nan,nan,nan,nan,nan,nan,nan,nan,nan,nan,nan,nan,nan,nan,87.17012094587881,-7.848056172691527,-0.13482989463420653,0.021803124407524143,0.021803124407524143,0.021803124407524143,87.18478984910834,-7.870269865315471,-0.10255132844489934,-0.01466890322953418,0.022213692623943793,-0.03227856618930719,0.02662000867671709,0.04183934389048158,0.02922964096069336,False,DISABLED,none,MODEL_ORIGIN_FRAME_NOT_ESTABLISHED,nan,nan,nan,nan,nan,nan,nan,nan,nan,nan,nan,nan,nan,NOT_EVALUATED,nan,nan,nan,nan,DISABLED,nan,nan,nan,nan,nan,nan
1791471036.7841702,1791471036.8138661,1791471036.8186004,1791471036.8186269,front_rgbd_red_sphere,True,True,True,,45.6,45.6,1791471036.8138661,1791471036.8022819,1791471036.7841702,1791471036.7841702,1791471036.7841702,0.0,1791471035.7921708,1791471036.788179,1791471036.7790308,1791471036.788179,1791471036.783031,1791471036.7921817,1791471035.7721632,1791471036.788179,1791471035.7921708,1791471036.7921817,1791470991.1841702,GAZEBO_CLOCK_SYSTEM_INTERPOLATION,MAPPED_EXACT,0,45.6,1791471036.7841702,0.00199127197265625,0.0,RGB,0.0,0,1,0,UNCALIBRATED,PREPARATION,MID,TURNING,1.0,367,1.0,6.758935928344727,0.31986260414123535,nan,nan,False,0.0,0.0,0.0,0.0,0,0,0,0,0,0.0,0.0,0.0,0.0,0.0,0.0,0.0,0.0,0.0,0.0,0.0,0.0,0.0,0.0,6.416113551027059,-1.2361355664609555,-1.7287776946796853,0.0,0.0,0.0,0.0,0.0,0.0,0.0,0.0,0.0,0.0,0.0,False,DISABLED,0,nan,nan,nan,nan,nan,nan,nan,nan,nan,nan,nan,nan,nan,nan,nan,nan,nan,nan,nan,nan,nan,nan,nan,nan,nan,nan,nan,nan,nan,nan,nan,nan,nan,nan,87.21161044577983,-7.653947296930715,-0.14388250974090594,0.02178261933890768,0.02178261933890768,0.02178261933890768,87.22525977560831,-7.68237581193106,-0.11051588623872775,-0.013649329828481882,0.02842851500034449,-0.033366623502178186,0.03153545100187243,0.04591095984432918,0.029695987701416016,False,DISABLED,none,MODEL_ORIGIN_FRAME_NOT_ESTABLISHED,nan,nan,nan,nan,nan,nan,nan,nan,nan,nan,nan,nan,nan,NOT_EVALUATED,nan,nan,nan,nan,DISABLED,nan,nan,nan,nan,nan,nan
1791471036.8361607,1791471036.8632889,1791471036.8688028,1791471036.8688514,front_rgbd_red_sphere,True,True,True,,45.652,45.652,1791471036.8632889,1791471036.851988,1791471036.8361607,1791471036.8361607,1791471036.8361607,0.0,1791471035.8521733,1791471036.8522367,1791471036.843031,1791471036.8522367,1791471036.843031,1791471036.8522367,1791471035.8521733,1791471036.8522367,1791471035.8521733,1791471036.8522367,1791470991.1841607,GAZEBO_CLOCK_SYSTEM_INTERPOLATION,MAPPED_EXACT,0,45.652,1791471036.8361607,0.0034570693969726562,0.0,RGB,0.0,0,1,0,UNCALIBRATED,PREPARATION,MID,TURNING,1.0,368,1.0,6.740906715393066,0.31926220655441284,nan,nan,False,0.0,0.0,0.0,0.0,0,0,0,0,0,0.0,0.0,0.0,0.0,0.0,0.0,0.0,0.0,0.0,0.0,0.0,0.0,0.0,0.0,6.400270118633348,-1.2040926918082695,-1.739691479366258,0.0,0.0,0.0,0.0,0.0,0.0,0.0,0.0,0.0,0.0,0.0,False,DISABLED,0,nan,nan,nan,nan,nan,nan,nan,nan,nan,nan,nan,nan,nan,nan,nan,nan,nan,nan,nan,nan,nan,nan,nan,nan,nan,nan,nan,nan,nan,nan,nan,nan,nan,nan,87.25180891533226,-7.459696474624154,-0.15240283721829234,0.02172943305725537,0.02172943305725537,0.02172943305725537,87.26771813526929,-7.478888666805866,-0.11840127608925893,-0.015909219937029206,0.019192192181711754,-0.03400156112903341,0.02492876891754836,0.042160997129526256,0.027128219604492188,False,DISABLED,none,MODEL_ORIGIN_FRAME_NOT_ESTABLISHED,nan,nan,nan,nan,nan,nan,nan,nan,nan,nan,nan,nan,nan,NOT_EVALUATED,nan,nan,nan,nan,DISABLED,nan,nan,nan,nan,nan,nan
1791471036.8841588,1791471036.9019175,1791471036.9072504,1791471036.907287,front_rgbd_red_sphere,True,True,True,,45.7,45.7,1791471036.9019175,1791471036.9007816,1791471036.8841588,1791471036.8841588,1791471036.8841588,0.0,1791471035.8921688,1791471036.8921719,1791471036.883031,1791471036.8921719,1791471036.883031,1791471036.8921719,1791471035.8921688,1791471036.8921719,1791471035.8921688,1791471036.8921719,1791470991.1841588,GAZEBO_CLOCK_SYSTEM_INTERPOLATION,MAPPED_EXACT,0,45.7,1791471036.8841588,0.0020666122436523438,0.0,RGB,0.0,0,1,0,UNCALIBRATED,PREPARATION,MID,TURNING,1.0,371,1.0,6.7350006103515625,0.3175590932369232,nan,nan,False,0.0,0.0,0.0,0.0,0,0,0,0,0,0.0,0.0,0.0,0.0,0.0,0.0,0.0,0.0,0.0,0.0,0.0,0.0,0.0,0.0,6.398253247531449,-1.1789511411402165,-1.7414537147779603,0.0,0.0,0.0,0.0,0.0,0.0,0.0,0.0,0.0,0.0,0.0,False,DISABLED,0,nan,nan,nan,nan,nan,nan,nan,nan,nan,nan,nan,nan,nan,nan,nan,nan,nan,nan,nan,nan,nan,nan,nan,nan,nan,nan,nan,nan,nan,nan,nan,nan,nan,nan,87.29087483571612,-7.265091382371236,-0.16011323880069467,0.0217120239119032,0.0217120239119032,0.0217120239119032,87.30581405502956,-7.290630271616648,-0.12500639931745272,-0.014939219313433227,0.02553888924541159,-0.03510683948324195,0.029587415189303985,0.045911929997402325,0.017758607864379883,False,DISABLED,none,MODEL_ORIGIN_FRAME_NOT_ESTABLISHED,nan,nan,nan,nan,nan,nan,nan,nan,nan,nan,nan,nan,nan,NOT_EVALUATED,nan,nan,nan,nan,DISABLED,nan,nan,nan,nan,nan,nan
1791471036.936156,1791471036.9606874,1791471036.9653058,1791471036.9653273,front_rgbd_red_sphere,True,True,True,,45.752,45.752,1791471036.9516568,1791471036.9606874,1791471036.936156,1791471036.936156,1791471036.936156,0.0,1791471035.9521725,1791471036.9481711,1791471036.939031,1791471036.9481711,1791471036.9430308,1791471036.9521754,1791471035.9321578,1791471036.9481711,1791471035.9521725,1791471036.9521754,1791470991.184156,GAZEBO_CLOCK_SYSTEM_INTERPOLATION,MAPPED_EXACT,0,45.752,1791471036.936156,0.0008881092071533203,0.0,RGB,0.0,0,1,0,UNCALIBRATED,PREPARATION,MID,TURNING,1.0,371,1.0,6.718249797821045,0.3171297609806061,nan,nan,False,0.0,0.0,0.0,0.0,0,0,0,0,0,0.0,0.0,0.0,0.0,0.0,0.0,0.0,0.0,0.0,0.0,0.0,0.0,0.0,0.0,6.383240026309247,-1.1491694211932755,-1.75172332561569,0.0,0.0,0.0,0.0,0.0,0.0,0.0,0.0,0.0,0.0,0.0,False,DISABLED,0,nan,nan,nan,nan,nan,nan,nan,nan,nan,nan,nan,nan,nan,nan,nan,nan,nan,nan,nan,nan,nan,nan,nan,nan,nan,nan,nan,nan,nan,nan,nan,nan,nan,nan,87.3288376256141,-7.07018886735923,-0.16698798178147006,0.021662687241328103,0.021662687241328103,0.021662687241328103,87.34576706178079,-7.0865943131822515,-0.13133242624803326,-0.016929436166691403,0.016405445823021836,-0.0356555555334368,0.023574233000761308,0.042744158688318795,0.02453136444091797,False,DISABLED,none,MODEL_ORIGIN_FRAME_NOT_ESTABLISHED,nan,nan,nan,nan,nan,nan,nan,nan,nan,nan,nan,nan,nan,NOT_EVALUATED,nan,nan,nan,nan,DISABLED,nan,nan,nan,nan,nan,nan
1791471036.984161,1791471037.0033207,1791471037.007296,1791471037.0073266,front_rgbd_red_sphere,True,True,True,,45.8,45.8,1791471037.0033207,1791471037.002518,1791471036.984161,1791471036.984161,1791471036.984161,0.0,1791471035.9881747,1791471036.9882267,1791471036.9790308,1791471036.9882267,1791471036.983031,1791471036.9921715,1791471035.9881747,1791471036.9882267,1791471035.972166,1791471036.9921715,1791470991.184161,GAZEBO_CLOCK_SYSTEM_INTERPOLATION,MAPPED_EXACT,0,45.8,1791471036.984161,0.0034329891204833984,0.0,RGB,0.0,0,1,0,UNCALIBRATED,PREPARATION,MID,TURNING,1.0,370,1.0,6.713718891143799,0.31548312306404114,nan,nan,False,0.0,0.0,0.0,0.0,0,0,0,0,0,0.0,0.0,0.0,0.0,0.0,0.0,0.0,0.0,0.0,0.0,0.0,0.0,0.0,0.0,6.382373997913981,-1.1262607427975944,-1.7523871828678743,0.0,0.0,0.0,0.0,0.0,0.0,0.0,0.0,0.0,0.0,0.0,False,DISABLED,0,nan,nan,nan,nan,nan,nan,nan,nan,nan,nan,nan,nan,nan,nan,nan,nan,nan,nan,nan,nan,nan,nan,nan,nan,nan,nan,nan,nan,nan,nan,nan,nan,nan,nan,87.36581664407282,-6.875055752659599,-0.1729811767602189,0.02164935249212277,0.02164935249212277,0.02164935249212277,87.38155649218653,-6.897924390284508,-0.13642010626111484,-0.015739848113710764,0.022868637624909205,-0.036561070499104065,0.027761797590611766,0.04590674549020606,0.019159793853759766,False,DISABLED,none,MODEL_ORIGIN_FRAME_NOT_ESTABLISHED,nan,nan,nan,nan,nan,nan,nan,nan,nan,nan,nan,nan,nan,NOT_EVALUATED,nan,nan,nan,nan,DISABLED,nan,nan,nan,nan,nan,nan
1791471037.0361598,1791471037.070683,1791471037.073812,1791471037.0738316,front_rgbd_red_sphere,True,True,True,,45.852,45.852,1791471037.070683,1791471037.0591986,1791471037.0361598,1791471037.0361598,1791471037.0361598,0.0,1791471036.0521922,1791471037.0521924,1791471037.043031,1791471037.0521924,1791471037.043031,1791471037.0521924,1791471036.0521922,1791471037.0521924,1791471036.0521922,1791471037.0521924,1791470991.1841598,GAZEBO_CLOCK_SYSTEM_INTERPOLATION,MAPPED_EXACT,0,45.852,1791471037.0361598,0.002736330032348633,0.0,RGB,0.0,0,1,0,UNCALIBRATED,PREPARATION,MID,TURNING,1.0,371,1.0,6.698383808135986,0.31580987572669983,nan,nan,False,0.0,0.0,0.0,0.0,0,0,0,0,0,0.0,0.0,0.0,0.0,0.0,0.0,0.0,0.0,0.0,0.0,0.0,0.0,0.0,0.0,6.367116139192915,-1.0986443370897758,-1.766679472501905,0.0,0.0,0.0,0.0,0.0,0.0,0.0,0.0,0.0,0.0,0.0,False,DISABLED,0,nan,nan,nan,nan,nan,nan,nan,nan,nan,nan,nan,nan,nan,nan,nan,nan,nan,nan,nan,nan,nan,nan,nan,nan,nan,nan,nan,nan,nan,nan,nan,nan,nan,nan,87.40155486656536,-6.6799146519379295,-0.1775073820149568,0.02160424822415591,0.02160424822415591,0.02160424822415591,87.41906827583155,-6.693291542416176,-0.141031925860149,-0.017513409266186386,0.01337689047824675,-0.036475456154807795,0.022037710929040513,0.042615954813816595,0.03452324867248535,False,DISABLED,none,MODEL_ORIGIN_FRAME_NOT_ESTABLISHED,nan,nan,nan,nan,nan,nan,nan,nan,nan,nan,nan,nan,nan,NOT_EVALUATED,nan,nan,nan,nan,DISABLED,nan,nan,nan,nan,nan,nan
1791471037.0841615,1791471037.1114492,1791471037.1149693,1791471037.1149888,front_rgbd_red_sphere,True,True,True,,45.9,45.9,1791471037.1114492,1791471037.0997474,1791471037.0841615,1791471037.0841615,1791471037.0841615,0.0,1791471036.0921628,1791471037.0921948,1791471037.083031,1791471037.0921948,1791471037.083031,1791471037.0921948,1791471036.0921628,1791471037.0921948,1791471036.0921628,1791471037.0921948,1791470991.1841614,GAZEBO_CLOCK_SYSTEM_INTERPOLATION,MAPPED_EXACT,0,45.9,1791471037.0841615,0.0036172866821289062,0.0,RGB,0.0,0,1,0,UNCALIBRATED,PREPARATION,MID,TURNING,1.0,370,1.0,6.695403099060059,0.3152094781398773,nan,nan,False,0.0,0.0,0.0,0.0,0,0,0,0,0,0.0,0.0,0.0,0.0,0.0,0.0,0.0,0.0,0.0,0.0,0.0,0.0,0.0,0.0,6.365530392584698,-1.0775390539237995,-1.774078874460792,0.0,0.0,0.0,0.0,0.0,0.0,0.0,0.0,0.0,0.0,0.0,False,DISABLED,0,nan,nan,nan,nan,nan,nan,nan,nan,nan,nan,nan,nan,nan,nan,nan,nan,nan,nan,nan,nan,nan,nan,nan,nan,nan,nan,nan,nan,nan,nan,nan,nan,nan,nan,87.4364636705519,-6.484506810023901,-0.18166865172722962,0.021595487396804024,0.021595487396804024,0.021595487396804024,87.45258639501593,-6.504297926544527,-0.14447612988916875,-0.01612272446402585,0.019791116520625707,-0.03719252183806088,0.025527055005932067,0.0451100234753931,0.027287721633911133,False,DISABLED,none,MODEL_ORIGIN_FRAME_NOT_ESTABLISHED,nan,nan,nan,nan,nan,nan,nan,nan,nan,nan,nan,nan,nan,NOT_EVALUATED,nan,nan,nan,nan,DISABLED,nan,nan,nan,nan,nan,nan
1791471037.1361606,1791471037.162822,1791471037.1665199,1791471037.1665401,front_rgbd_red_sphere,True,True,True,,45.952,45.952,1791471037.162822,1791471037.1519697,1791471037.1361606,1791471037.1361606,1791471037.1361606,0.0,1791471036.1521664,1791471037.1481779,1791471037.139031,1791471037.1481779,1791471037.143031,1791471037.152174,1791471036.1481686,1791471037.1481779,1791471036.1521664,1791471037.152174,1791470991.1841607,GAZEBO_CLOCK_SYSTEM_INTERPOLATION,MAPPED_EXACT,0,45.952,1791471037.1361606,0.002844095230102539,0.0,RGB,0.0,0,1,0,UNCALIBRATED,PREPARATION,MID,TURNING,1.0,373,1.0,6.681328773498535,0.3160713315010071,nan,nan,False,0.0,0.0,0.0,0.0,0,0,0,0,0,0.0,0.0,0.0,0.0,0.0,0.0,0.0,0.0,0.0,0.0,0.0,0.0,0.0,0.0,6.350362015028952,-1.051846702529307,-1.7907195765098063,0.0,0.0,0.0,0.0,0.0,0.0,0.0,0.0,0.0,0.0,0.0,False,DISABLED,0,nan,nan,nan,nan,nan,nan,nan,nan,nan,nan,nan,nan,nan,nan,nan,nan,nan,nan,nan,nan,nan,nan,nan,nan,nan,nan,nan,nan,nan,nan,nan,nan,nan,nan,87.4699548502099,-6.289463307260766,-0.1848736103473056,0.02155414181365173,0.02155414181365173,0.02155414181365173,87.4876854561256,-6.2991889827445915,-0.14725665430229282,-0.017730605915701858,0.009725675483825746,-0.03761695604501278,0.02022283733195248,0.042708295819981326,0.026661396026611328,False,DISABLED,none,MODEL_ORIGIN_FRAME_NOT_ESTABLISHED,nan,nan,nan,nan,nan,nan,nan,nan,nan,nan,nan,nan,nan,NOT_EVALUATED,nan,nan,nan,nan,DISABLED,nan,nan,nan,nan,nan,nan
1791471037.1841562,1791471037.2015445,1791471037.2050815,1791471037.2051,front_rgbd_red_sphere,True,True,True,,46.0,46.0,1791471037.2015445,1791471037.1997852,1791471037.1841562,1791471037.1841562,1791471037.1841562,0.0,1791471036.1921725,1791471037.1961908,1791471037.187031,1791471037.1961908,1791471037.187031,1791471037.1961908,1791471036.1881735,1791471037.1961908,1791471036.1921725,1791471037.1961908,1791470991.1841562,GAZEBO_CLOCK_SYSTEM_INTERPOLATION,MAPPED_EXACT,0,46.0,1791471037.1841562,0.0017807483673095703,0.0,RGB,0.0,0,1,0,UNCALIBRATED,PREPARATION,MID,TURNING,1.0,376,1.0,6.679869651794434,0.3151717483997345,nan,nan,False,0.0,0.0,0.0,0.0,0,0,0,0,0,0.0,0.0,0.0,0.0,0.0,0.0,0.0,0.0,0.0,0.0,0.0,0.0,0.0,0.0,6.350840463694938,-1.0327135588066154,-1.794711111508815,0.0,0.0,0.0,0.0,0.0,0.0,0.0,0.0,0.0,0.0,0.0,False,DISABLED,0,nan,nan,nan,nan,nan,nan,nan,nan,nan,nan,nan,nan,nan,nan,nan,nan,nan,nan,nan,nan,nan,nan,nan,nan,nan,nan,nan,nan,nan,nan,nan,nan,nan,nan,87.5027358998528,-6.09352569067873,-0.1873618546250881,0.021549857584764017,0.021549857584764017,0.021549857584764017,87.51899274895091,-6.109796306019079,-0.1489746646164947,-0.01625684909811298,0.016270615340348904,-0.03838719000859339,0.02300039273909065,0.044750356679117836,0.017388343811035156,False,DISABLED,none,MODEL_ORIGIN_FRAME_NOT_ESTABLISHED,nan,nan,nan,nan,nan,nan,nan,nan,nan,nan,nan,nan,nan,NOT_EVALUATED,nan,nan,nan,nan,DISABLED,nan,nan,nan,nan,nan,nan
1791471037.2361562,1791471037.2643185,1791471037.2699656,1791471037.269993,front_rgbd_red_sphere,True,True,True,,46.052,46.052,1791471037.2643185,1791471037.2530942,1791471037.2361562,1791471037.2361562,1791471037.2361562,0.0,1791471036.2321584,1791471037.2521715,1791471037.243031,1791471037.2521715,1791471037.243031,1791471037.2521715,1791471036.228162,1791471037.2521715,1791471036.2321584,1791471037.2521715,1791470991.1841562,GAZEBO_CLOCK_SYSTEM_INTERPOLATION,MAPPED_EXACT,0,46.052,1791471037.2361562,0.0007278919219970703,0.0,RGB,0.0,0,1,0,UNCALIBRATED,PREPARATION,MID,TURNING,1.0,371,1.0,6.667911052703857,0.31545183062553406,nan,nan,False,0.0,0.0,0.0,0.0,0,0,0,0,0,0.0,0.0,0.0,0.0,0.0,0.0,0.0,0.0,0.0,0.0,0.0,0.0,0.0,0.0,6.338891426225477,-1.0099606544664246,-1.8054002463984036,0.0,0.0,0.0,0.0,0.0,0.0,0.0,0.0,0.0,0.0,0.0,False,DISABLED,0,nan,nan,nan,nan,nan,nan,nan,nan,nan,nan,nan,nan,nan,nan,nan,nan,nan,nan,nan,nan,nan,nan,nan,nan,nan,nan,nan,nan,nan,nan,nan,nan,nan,nan,87.53428746092312,-5.897131383816489,-0.18859335429342922,0.021514760866657566,0.021514760866657566,0.021514760866657566,87.55166297534872,-5.904631125321224,-0.1498558001271782,-0.01737551442559493,0.007499741504735091,-0.03873755416625102,0.0189249735585523,0.0431132546553277,0.028162240982055664,False,DISABLED,none,MODEL_ORIGIN_FRAME_NOT_ESTABLISHED,nan,nan,nan,nan,nan,nan,nan,nan,nan,nan,nan,nan,nan,NOT_EVALUATED,nan,nan,nan,nan,DISABLED,nan,nan,nan,nan,nan,nan
1791471037.2841616,1791471037.3154442,1791471037.3220987,1791471037.3221266,front_rgbd_red_sphere,True,True,True,,46.1,46.1,1791471037.3154442,1791471037.3030522,1791471037.2841616,1791471037.2841616,1791471037.2841616,0.0,1791471036.2921674,1791471037.2921739,1791471037.283031,1791471037.2921739,1791471037.283031,1791471037.2921739,1791471036.2921674,1791471037.2921739,1791471036.2921674,1791471037.2921739,1791470991.1841617,GAZEBO_CLOCK_SYSTEM_INTERPOLATION,MAPPED_EXACT,0,46.1,1791471037.2841616,0.003779172897338867,0.0,RGB,0.0,0,1,0,UNCALIBRATED,PREPARATION,MID,TURNING,1.0,376,1.0,6.6679863929748535,0.3147523105144501,nan,nan,False,0.0,0.0,0.0,0.0,0,0,0,0,0,0.0,0.0,0.0,0.0,0.0,0.0,0.0,0.0,0.0,0.0,0.0,0.0,0.0,0.0,6.340408869612513,-0.9928789975700676,-1.8098203935222061,0.0,0.0,0.0,0.0,0.0,0.0,0.0,0.0,0.0,0.0,0.0,False,DISABLED,0,nan,nan,nan,nan,nan,nan,nan,nan,nan,nan,nan,nan,nan,nan,nan,nan,nan,nan,nan,nan,nan,nan,nan,nan,nan,nan,nan,nan,nan,nan,nan,nan,nan,nan,87.56459841955034,-5.701165787391288,-0.18906688718360248,0.021514982627103253,0.021514982627103253,0.021514982627103253,87.58076464439566,-5.715097569748993,-0.14980714720568258,-0.016166224845321153,0.013931782357705202,-0.0392597399779199,0.02134107273339241,0.04468521644286651,0.031282663345336914,False,DISABLED,none,MODEL_ORIGIN_FRAME_NOT_ESTABLISHED,nan,nan,nan,nan,nan,nan,nan,nan,nan,nan,nan,nan,nan,NOT_EVALUATED,nan,nan,nan,nan,DISABLED,nan,nan,nan,nan,nan,nan
1791471037.3361657,1791471037.3646648,1791471037.3682256,1791471037.3682473,front_rgbd_red_sphere,True,True,True,,46.152,46.152,1791471037.3646648,1791471037.3533564,1791471037.3361657,1791471037.3361657,1791471037.3361657,0.0,1791471036.352161,1791471037.3482044,1791471037.339031,1791471037.3482044,1791471037.343031,1791471037.352164,1791471036.3481715,1791471037.3482044,1791471036.352161,1791471037.352164,1791470991.1841657,GAZEBO_CLOCK_SYSTEM_INTERPOLATION,MAPPED_EXACT,0,46.152,1791471037.3361657,0.0007781982421875,0.0,RGB,0.0,0,1,0,UNCALIBRATED,PREPARATION,MID,TURNING,1.0,376,1.0,6.657779693603516,0.3156656324863434,nan,nan,False,0.0,0.0,0.0,0.0,0,0,0,0,0,0.0,0.0,0.0,0.0,0.0,0.0,0.0,0.0,0.0,0.0,0.0,0.0,0.0,0.0,6.328818266069896,-0.971952224564129,-1.8241153073863963,0.0,0.0,0.0,0.0,0.0,0.0,0.0,0.0,0.0,0.0,0.0,False,DISABLED,0,nan,nan,nan,nan,nan,nan,nan,nan,nan,nan,nan,nan,nan,nan,nan,nan,nan,nan,nan,nan,nan,nan,nan,nan,nan,nan,nan,nan,nan,nan,nan,nan,nan,nan,87.59376747760685,-5.504742081242926,-0.18847231929958136,0.02148505010942623,0.02148505010942623,0.02148505010942623,87.61117682436472,-5.509047643773458,-0.14876639022196184,-0.017409346757872868,0.004305562530531937,-0.03970592907761952,0.017933856898062366,0.04356815381855342,0.028499126434326172,False,DISABLED,none,MODEL_ORIGIN_FRAME_NOT_ESTABLISHED,nan,nan,nan,nan,nan,nan,nan,nan,nan,nan,nan,nan,nan,NOT_EVALUATED,nan,nan,nan,nan,DISABLED,nan,nan,nan,nan,nan,nan
1791471037.3841558,1791471037.4159966,1791471037.4225466,1791471037.4225848,front_rgbd_red_sphere,True,True,True,,46.2,46.2,1791471037.4159966,1791471037.404057,1791471037.3841558,1791471037.3841558,1791471037.3841558,0.0,1791471036.372165,1791471037.3881683,1791471037.379031,1791471037.3881683,1791471037.383031,1791471037.3921666,1791471036.372165,1791471037.3881683,1791471036.372165,1791471037.3921666,1791470991.1841557,GAZEBO_CLOCK_SYSTEM_INTERPOLATION,MAPPED_EXACT,0,46.2,1791471037.3841558,0.0004627704620361328,0.0,RGB,0.0,0,1,0,UNCALIBRATED,PREPARATION,MID,TURNING,1.0,375,1.0,6.659470558166504,0.3150552809238434,nan,nan,False,0.0,0.0,0.0,0.0,0,0,0,0,0,0.0,0.0,0.0,0.0,0.0,0.0,0.0,0.0,0.0,0.0,0.0,0.0,0.0,0.0,6.331686387803202,-0.9566700864671684,-1.8284085092996518,0.0,0.0,0.0,0.0,0.0,0.0,0.0,0.0,0.0,0.0,0.0,False,DISABLED,0,nan,nan,nan,nan,nan,nan,nan,nan,nan,nan,nan,nan,nan,nan,nan,nan,nan,nan,nan,nan,nan,nan,nan,nan,nan,nan,nan,nan,nan,nan,nan,nan,nan,nan,87.62181051697435,-5.308270344187262,-0.18732748860676546,0.021490007645057797,0.021490007645057797,0.021490007645057797,87.63819172387713,-5.318816380953552,-0.1469473128264921,-0.016381206902778445,0.010546036766290179,-0.040380175780273364,0.019482372316213966,0.04483437773755041,0.03184080123901367,False,DISABLED,none,MODEL_ORIGIN_FRAME_NOT_ESTABLISHED,nan,nan,nan,nan,nan,nan,nan,nan,nan,nan,nan,nan,nan,NOT_EVALUATED,nan,nan,nan,nan,DISABLED,nan,nan,nan,nan,nan,nan
1791471037.4361603,1791471037.464179,1791471037.469066,1791471037.4690895,front_rgbd_red_sphere,True,True,True,,46.252,46.252,1791471037.464179,1791471037.4528613,1791471037.4361603,1791471037.4361603,1791471037.4361603,0.0,1791471036.432163,1791471037.4521694,1791471037.4430308,1791471037.4521694,1791471037.4430308,1791471037.4521694,1791471036.4281554,1791471037.4521694,1791471036.432163,1791471037.4521694,1791470991.1841602,GAZEBO_CLOCK_SYSTEM_INTERPOLATION,MAPPED_EXACT,0,46.252,1791471037.4361603,0.00048279762268066406,0.0,RGB,0.0,0,1,0,UNCALIBRATED,PREPARATION,MID,TURNING,1.0,378,1.0,6.650686264038086,0.315424382686615,nan,nan,False,0.0,0.0,0.0,0.0,0,0,0,0,0,0.0,0.0,0.0,0.0,0.0,0.0,0.0,0.0,0.0,0.0,0.0,0.0,0.0,0.0,6.32257338043076,-0.9380896159467786,-1.8375747878707775,0.0,0.0,0.0,0.0,0.0,0.0,0.0,0.0,0.0,0.0,0.0,False,DISABLED,0,nan,nan,nan,nan,nan,nan,nan,nan,nan,nan,nan,nan,nan,nan,nan,nan,nan,nan,nan,nan,nan,nan,nan,nan,nan,nan,nan,nan,nan,nan,nan,nan,nan,nan,87.64891360221378,-5.111177212032627,-0.1852144758044067,0.021464260711914273,0.021464260711914273,0.021464260711914273,87.66627505231895,-5.112594801765835,-0.14400868587176474,-0.017361450105170206,0.0014175897332080467,-0.041205789932641956,0.017419228180548398,0.04473641284657308,0.028018712997436523,False,DISABLED,none,MODEL_ORIGIN_FRAME_NOT_ESTABLISHED,nan,nan,nan,nan,nan,nan,nan,nan,nan,nan,nan,nan,nan,NOT_EVALUATED,nan,nan,nan,nan,DISABLED,nan,nan,nan,nan,nan,nan
1791471037.4841588,1791471037.5052416,1791471037.5097256,1791471037.5097497,front_rgbd_red_sphere,True,True,True,,46.3,46.3,1791471037.5052416,1791471037.5033453,1791471037.4841588,1791471037.4841588,1791471037.4841588,0.0,1791471036.4721642,1791471037.492162,1791471037.483031,1791471037.492162,1791471037.483031,1791471037.492162,1791471036.4681828,1791471037.492162,1791471036.4721642,1791471037.492162,1791470991.1841588,GAZEBO_CLOCK_SYSTEM_INTERPOLATION,MAPPED_EXACT,0,46.3,1791471037.4841588,0.0014786720275878906,0.0,RGB,0.0,0,1,0,UNCALIBRATED,PREPARATION,MID,TURNING,1.0,379,1.0,6.654273509979248,0.31446102261543274,nan,nan,False,0.0,0.0,0.0,0.0,0,0,0,0,0,0.0,0.0,0.0,0.0,0.0,0.0,0.0,0.0,0.0,0.0,0.0,0.0,0.0,0.0,6.327969464258657,-0.9249724848367711,-1.8386368143243699,0.0,0.0,0.0,0.0,0.0,0.0,0.0,0.0,0.0,0.0,0.0,False,DISABLED,0,nan,nan,nan,nan,nan,nan,nan,nan,nan,nan,nan,nan,nan,nan,nan,nan,nan,nan,nan,nan,nan,nan,nan,nan,nan,nan,nan,nan,nan,nan,nan,nan,nan,nan,87.6751434818887,-4.913733366992633,-0.18220768703918105,0.02147477343684557,0.02147477343684557,0.02147477343684557,87.69115613092904,-4.922244235559511,-0.1404685570650461,-0.016012649040348492,0.008510868566877328,-0.04173912997413495,0.018133940913437268,0.04550818370414012,0.02108287811279297,False,DISABLED,none,MODEL_ORIGIN_FRAME_NOT_ESTABLISHED,nan,nan,nan,nan,nan,nan,nan,nan,nan,nan,nan,nan,nan,NOT_EVALUATED,nan,nan,nan,nan,DISABLED,nan,nan,nan,nan,nan,nan
1791471037.5361657,1791471037.5638604,1791471037.5682282,1791471037.5682566,front_rgbd_red_sphere,True,True,True,,46.352,46.352,1791471037.5638604,1791471037.560979,1791471037.5361657,1791471037.5361657,1791471037.5361657,0.0,1791471036.5521703,1791471037.548184,1791471037.539031,1791471037.548184,1791471037.543031,1791471037.5521834,1791471036.5321572,1791471037.548184,1791471036.5521703,1791471037.5521834,1791470991.1841657,GAZEBO_CLOCK_SYSTEM_INTERPOLATION,MAPPED_EXACT,0,46.352,1791471037.5361657,0.003977060317993164,0.0,RGB,0.0,0,1,0,UNCALIBRATED,PREPARATION,MID,TURNING,1.0,376,1.0,6.64763069152832,0.3147946894168854,nan,nan,False,0.0,0.0,0.0,0.0,0,0,0,0,0,0.0,0.0,0.0,0.0,0.0,0.0,0.0,0.0,0.0,0.0,0.0,0.0,0.0,0.0,6.320965806208706,-0.9080848882540682,-1.8470965146960374,0.0,0.0,0.0,0.0,0.0,0.0,0.0,0.0,0.0,0.0,0.0,False,DISABLED,0,nan,nan,nan,nan,nan,nan,nan,nan,nan,nan,nan,nan,nan,nan,nan,nan,nan,nan,nan,nan,nan,nan,nan,nan,nan,nan,nan,nan,nan,nan,nan,nan,nan,nan,87.70031349231667,-4.715660476770675,-0.1783897487045349,0.02145530818152437,0.02145530818152437,0.02145530818152437,87.71695135699873,-4.715878872284326,-0.13571031565989494,-0.016637864682067516,0.00021839551365054888,-0.04267943304463995,0.016639297995383467,0.045808298841924666,0.0276947021484375,False,DISABLED,none,MODEL_ORIGIN_FRAME_NOT_ESTABLISHED,nan,nan,nan,nan,nan,nan,nan,nan,nan,nan,nan,nan,nan,NOT_EVALUATED,nan,nan,nan,nan,DISABLED,nan,nan,nan,nan,nan,nan
1791471037.5841594,1791471037.6038754,1791471037.607668,1791471037.607692,front_rgbd_red_sphere,True,True,True,,46.4,46.4,1791471037.6038754,1791471037.6027644,1791471037.5841594,1791471037.5841594,1791471037.5841594,0.0,1791471036.5721629,1791471037.5881684,1791471037.579031,1791471037.5881684,1791471037.583031,1791471037.5921636,1791471036.5721629,1791471037.5881684,1791471036.5721629,1791471037.5921636,1791470991.1841593,GAZEBO_CLOCK_SYSTEM_INTERPOLATION,MAPPED_EXACT,0,46.4,1791471037.5841594,0.003922224044799805,0.0,RGB,0.0,0,1,0,UNCALIBRATED,PREPARATION,MID,TURNING,1.0,374,1.0,6.652426719665527,0.313790500164032,nan,nan,False,0.0,0.0,0.0,0.0,0,0,0,0,0,0.0,0.0,0.0,0.0,0.0,0.0,0.0,0.0,0.0,0.0,0.0,0.0,0.0,0.0,6.32759141577867,-0.8957961177835108,-1.847678797516351,0.0,0.0,0.0,0.0,0.0,0.0,0.0,0.0,0.0,0.0,0.0,False,DISABLED,0,nan,nan,nan,nan,nan,nan,nan,nan,nan,nan,nan,nan,nan,nan,nan,nan,nan,nan,nan,nan,nan,nan,nan,nan,nan,nan,nan,nan,nan,nan,nan,nan,nan,nan,87.7245455398136,-4.518491229353119,-0.17394339426613298,0.02146936076473288,0.02146936076473288,0.02146936076473288,87.73975693848098,-4.525216742641427,-0.1305327448945489,-0.01521139866737542,0.006725513288308171,-0.043410649371584065,0.016631872366304416,0.046487672099941216,0.01971602439880371,False,DISABLED,none,MODEL_ORIGIN_FRAME_NOT_ESTABLISHED,nan,nan,nan,nan,nan,nan,nan,nan,nan,nan,nan,nan,nan,NOT_EVALUATED,nan,nan,nan,nan,DISABLED,nan,nan,nan,nan,nan,nan
1791471037.6361592,1791471037.6556938,1791471037.6632962,1791471037.663332,front_rgbd_red_sphere,True,True,True,,46.452,46.452,1791471037.6556938,1791471037.6536212,1791471037.6361592,1791471037.6361592,1791471037.6361592,0.0,1791471036.632184,1791471037.6521652,1791471037.643061,1791471037.6521652,1791471037.643061,1791471037.6521652,1791471036.6281593,1791471037.6521652,1791471036.632184,1791471037.6521652,1791470991.1841593,GAZEBO_CLOCK_SYSTEM_INTERPOLATION,MAPPED_EXACT,0,46.452,1791471037.6361592,0.002146005630493164,0.0,RGB,0.0,0,1,0,UNCALIBRATED,PREPARATION,MID,TURNING,1.0,379,1.0,6.64723539352417,0.31483787298202515,nan,nan,False,0.0,0.0,0.0,0.0,0,0,0,0,0,0.0,0.0,0.0,0.0,0.0,0.0,0.0,0.0,0.0,0.0,0.0,0.0,0.0,0.0,6.320500966118637,-0.8795713193449348,-1.8610098809222588,0.0,0.0,0.0,0.0,0.0,0.0,0.0,0.0,0.0,0.0,0.0,False,DISABLED,0,nan,nan,nan,nan,nan,nan,nan,nan,nan,nan,nan,nan,nan,nan,nan,nan,nan,nan,nan,nan,nan,nan,nan,nan,nan,nan,nan,nan,nan,nan,nan,nan,nan,nan,87.74748447761017,-4.321379919291849,-0.16834697418618377,0.021454149931545714,0.021454149931545714,0.021454149931545714,87.76331136435762,-4.318585999413613,-0.12406755680676501,-0.01582688674744759,-0.002793919878236295,-0.04427941737941876,0.016071600181765847,0.047105871564628844,0.019534587860107422,False,DISABLED,none,MODEL_ORIGIN_FRAME_NOT_ESTABLISHED,nan,nan,nan,nan,nan,nan,nan,nan,nan,nan,nan,nan,nan,NOT_EVALUATED,nan,nan,nan,nan,DISABLED,nan,nan,nan,nan,nan,nan
1791471037.6841562,1791471037.7020116,1791471037.7057488,1791471037.7057712,front_rgbd_red_sphere,True,True,True,,46.5,46.5,1791471037.7020116,1791471037.7000556,1791471037.6841562,1791471037.6841562,1791471037.6841562,0.0,1791471036.6721613,1791471037.6921787,1791471037.683061,1791471037.6921787,1791471037.683061,1791471037.6921787,1791471036.6681616,1791471037.6921787,1791471036.6721613,1791471037.6921787,1791470991.1841562,GAZEBO_CLOCK_SYSTEM_INTERPOLATION,MAPPED_EXACT,0,46.5,1791471037.6841562,0.0021779537200927734,0.0,RGB,0.0,0,1,0,UNCALIBRATED,PREPARATION,MID,TURNING,1.0,373,1.0,6.654491424560547,0.3146730363368988,nan,nan,False,0.0,0.0,0.0,0.0,0,0,0,0,0,0.0,0.0,0.0,0.0,0.0,0.0,0.0,0.0,0.0,0.0,0.0,0.0,0.0,0.0,6.327739864818421,-0.8679025535173688,-1.8678078898411394,0.0,0.0,0.0,0.0,0.0,0.0,0.0,0.0,0.0,0.0,0.0,False,DISABLED,0,nan,nan,nan,nan,nan,nan,nan,nan,nan,nan,nan,nan,nan,nan,nan,nan,nan,nan,nan,nan,nan,nan,nan,nan,nan,nan,nan,nan,nan,nan,nan,nan,nan,nan,87.76964380304396,-4.12326245220783,-0.16253656579241932,0.021475411193820303,0.021475411193820303,0.021475411193820303,87.78405303190635,-4.127797804616573,-0.11738741831036893,-0.014409228862390933,0.00453535240874281,-0.045149147482050386,0.015106134445325485,0.04760925137235604,0.017855405807495117,False,DISABLED,none,MODEL_ORIGIN_FRAME_NOT_ESTABLISHED,nan,nan,nan,nan,nan,nan,nan,nan,nan,nan,nan,nan,nan,NOT_EVALUATED,nan,nan,nan,nan,DISABLED,nan,nan,nan,nan,nan,nan
1791471037.736156,1791471037.7676198,1791471037.7728083,1791471037.7728307,front_rgbd_red_sphere,True,True,True,,46.552,46.552,1791471037.7676198,1791471037.7567787,1791471037.736156,1791471037.736156,1791471037.736156,0.0,1791471036.73216,1791471037.748175,1791471037.7390609,1791471037.748175,1791471037.7430608,1791471037.7521663,1791471036.73216,1791471037.748175,1791471036.73216,1791471037.7521663,1791470991.184156,GAZEBO_CLOCK_SYSTEM_INTERPOLATION,MAPPED_EXACT,0,46.552,1791471037.736156,0.0039119720458984375,0.0,RGB,0.0,0,1,0,UNCALIBRATED,PREPARATION,MID,TURNING,1.0,379,1.0,6.650875568389893,0.31606006622314453,nan,nan,False,0.0,0.0,0.0,0.0,0,0,0,0,0,0.0,0.0,0.0,0.0,0.0,0.0,0.0,0.0,0.0,0.0,0.0,0.0,0.0,0.0,6.321440462615692,-0.8523774134970843,-1.8833449371905342,0.0,0.0,0.0,0.0,0.0,0.0,0.0,0.0,0.0,0.0,0.0,False,DISABLED,0,nan,nan,nan,nan,nan,nan,nan,nan,nan,nan,nan,nan,nan,nan,nan,nan,nan,nan,nan,nan,nan,nan,nan,nan,nan,nan,nan,nan,nan,nan,nan,nan,nan,nan,87.79065058089442,-3.9256425326183537,-0.15599950309738103,0.02146481529459653,0.02146481529459653,0.02146481529459653,87.80540268377494,-3.920862740512677,-0.10937337782641275,-0.014752102880521534,-0.0047797921056766945,-0.04662612527096828,0.015507125844945638,0.04913722122541127,0.0314638614654541,False,DISABLED,none,MODEL_ORIGIN_FRAME_NOT_ESTABLISHED,nan,nan,nan,nan,nan,nan,nan,nan,nan,nan,nan,nan,nan,NOT_EVALUATED,nan,nan,nan,nan,DISABLED,nan,nan,nan,nan,nan,nan
1791471037.7841609,1791471037.7995503,1791471037.8043358,1791471037.804364,front_rgbd_red_sphere,True,True,True,,46.6,46.6,1791471037.7995503,1791471037.7983046,1791471037.7841609,1791471037.7841609,1791471037.7841609,0.0,1791471036.7721646,1791471037.7881696,1791471037.7790608,1791471037.7881696,1791471037.783061,1791471037.7921684,1791471036.7721646,1791471037.7881696,1791471036.7721646,1791471037.7921684,1791470991.184161,GAZEBO_CLOCK_SYSTEM_INTERPOLATION,MAPPED_EXACT,0,46.6,1791471037.7841609,0.003674745559692383,0.0,RGB,0.0,0,1,0,UNCALIBRATED,PREPARATION,MID,TURNING,1.0,374,1.0,6.659280776977539,0.3159964978694916,nan,nan,False,0.0,0.0,0.0,0.0,0,0,0,0,0,0.0,0.0,0.0,0.0,0.0,0.0,0.0,0.0,0.0,0.0,0.0,0.0,0.0,0.0,6.3295609417268155,-0.8411627380615716,-1.8907997393818823,0.0,0.0,0.0,0.0,0.0,0.0,0.0,0.0,0.0,0.0,0.0,False,DISABLED,0,nan,nan,nan,nan,nan,nan,nan,nan,nan,nan,nan,nan,nan,nan,nan,nan,nan,nan,nan,nan,nan,nan,nan,nan,nan,nan,nan,nan,nan,nan,nan,nan,nan,nan,87.81081556014267,-3.7277840314364896,-0.14884150136105928,0.02148945121382777,0.02148945121382777,0.02148945121382777,87.82412939515946,-3.7296968242287485,-0.1013422071128087,-0.013313835016788289,0.0019127927922588661,-0.047499294248250584,0.013450538246493168,0.04936699234511119,0.015389442443847656,False,DISABLED,none,MODEL_ORIGIN_FRAME_NOT_ESTABLISHED,nan,nan,nan,nan,nan,nan,nan,nan,nan,nan,nan,nan,nan,NOT_EVALUATED,nan,nan,nan,nan,DISABLED,nan,nan,nan,nan,nan,nan
1791471037.8361654,1791471037.8588202,1791471037.8625321,1791471037.8625522,front_rgbd_red_sphere,True,True,True,,46.652,46.652,1791471037.8588202,1791471037.8573751,1791471037.8361654,1791471037.8361654,1791471037.8361654,0.0,1791471036.8321602,1791471037.8521693,1791471037.843061,1791471037.8521693,1791471037.843061,1791471037.8521693,1791471036.82817,1791471037.8521693,1791471036.8321602,1791471037.8521693,1791470991.1841655,GAZEBO_CLOCK_SYSTEM_INTERPOLATION,MAPPED_EXACT,0,46.652,1791471037.8361654,0.0034589767456054688,0.0,RGB,0.0,0,1,0,UNCALIBRATED,PREPARATION,MID,TURNING,1.0,375,1.0,6.657389163970947,0.31754395365715027,nan,nan,False,0.0,0.0,0.0,0.0,0,0,0,0,0,0.0,0.0,0.0,0.0,0.0,0.0,0.0,0.0,0.0,0.0,0.0,0.0,0.0,0.0,6.324553801516274,-0.8266927774600417,-1.9072038880118285,0.0,0.0,0.0,0.0,0.0,0.0,0.0,0.0,0.0,0.0,0.0,False,DISABLED,0,nan,nan,nan,nan,nan,nan,nan,nan,nan,nan,nan,nan,nan,nan,nan,nan,nan,nan,nan,nan,nan,nan,nan,nan,nan,nan,nan,nan,nan,nan,nan,nan,nan,nan,87.82996474426612,-3.529652161098001,-0.14089909358866842,0.021483905253885546,0.021483905253885546,0.021483905253885546,87.84327005377494,-3.522782945870446,-0.09198949317335356,-0.013305309508822916,-0.0068692152275553475,-0.04890960041531486,0.014973889907704402,0.05115042904760252,0.02265477180480957,False,DISABLED,none,MODEL_ORIGIN_FRAME_NOT_ESTABLISHED,nan,nan,nan,nan,nan,nan,nan,nan,nan,nan,nan,nan,nan,NOT_EVALUATED,nan,nan,nan,nan,DISABLED,nan,nan,nan,nan,nan,nan
1791471037.8841605,1791471037.9003038,1791471037.9040747,1791471037.9041,front_rgbd_red_sphere,True,True,True,,46.7,46.7,1791471037.9003038,1791471037.898116,1791471037.8841605,1791471037.8841605,1791471037.8841605,0.0,1791471036.8721642,1791471037.8921647,1791471037.883061,1791471037.8921647,1791471037.883061,1791471037.8921647,1791471036.8681612,1791471037.8921647,1791471036.8721642,1791471037.8921647,1791470991.1841605,GAZEBO_CLOCK_SYSTEM_INTERPOLATION,MAPPED_EXACT,0,46.7,1791471037.8841605,0.00041031837463378906,0.0,RGB,0.0,0,1,0,UNCALIBRATED,PREPARATION,MID,TURNING,1.0,374,1.0,6.66719388961792,0.3172535300254822,nan,nan,False,0.0,0.0,0.0,0.0,0,0,0,0,0,0.0,0.0,0.0,0.0,0.0,0.0,0.0,0.0,0.0,0.0,0.0,0.0,0.0,0.0,6.334472913825675,-0.81707112307285,-1.9126744619663523,0.0,0.0,0.0,0.0,0.0,0.0,0.0,0.0,0.0,0.0,0.0,False,DISABLED,0,nan,nan,nan,nan,nan,nan,nan,nan,nan,nan,nan,nan,nan,nan,nan,nan,nan,nan,nan,nan,nan,nan,nan,nan,nan,nan,nan,nan,nan,nan,nan,nan,nan,nan,87.8481428294141,-3.331283667982005,-0.1323183699655956,0.02151265800095689,0.02151265800095689,0.02151265800095689,87.8599896108731,-3.331412013212445,-0.08281182142169632,-0.01184678145899909,0.00012834523044036317,-0.04950654854389927,0.011847476669547038,0.05090443057499923,0.016143321990966797,False,DISABLED,none,MODEL_ORIGIN_FRAME_NOT_ESTABLISHED,nan,nan,nan,nan,nan,nan,nan,nan,nan,nan,nan,nan,nan,NOT_EVALUATED,nan,nan,nan,nan,DISABLED,nan,nan,nan,nan,nan,nan
1791471037.936158,1791471037.9536972,1791471037.9610455,1791471037.9610658,front_rgbd_red_sphere,True,True,True,,46.752,46.752,1791471037.9536972,1791471037.9528537,1791471037.936158,1791471037.936158,1791471037.936158,0.0,1791471036.9481711,1791471037.9481733,1791471037.939061,1791471037.9481733,1791471037.9430609,1791471037.952172,1791471036.9481711,1791471037.9481733,1791471036.9321575,1791471037.952172,1791470991.1841578,GAZEBO_CLOCK_SYSTEM_INTERPOLATION,MAPPED_EXACT,0,46.752,1791471037.936158,0.0015740394592285156,0.0,RGB,0.0,0,1,0,UNCALIBRATED,PREPARATION,MID,TURNING,1.0,378,1.0,6.665993690490723,0.3182373046875,nan,nan,False,0.0,0.0,0.0,0.0,0,0,0,0,0,0.0,0.0,0.0,0.0,0.0,0.0,0.0,0.0,0.0,0.0,0.0,0.0,0.0,0.0,6.331283730273629,-0.8042582768660029,-1.9244446667610688,0.0,0.0,0.0,0.0,0.0,0.0,0.0,0.0,0.0,0.0,0.0,False,DISABLED,0,nan,nan,nan,nan,nan,nan,nan,nan,nan,nan,nan,nan,nan,nan,nan,nan,nan,nan,nan,nan,nan,nan,nan,nan,nan,nan,nan,nan,nan,nan,nan,nan,nan,nan,87.86534057059232,-3.133359711381029,-0.12293377457521343,0.021509137190394302,0.021509137190394302,0.021509137190394302,87.87698020246523,-3.124124849853445,-0.07233112744143005,-0.011639631872910172,-0.009234861527584126,-0.050602647133783374,0.014858118910902543,0.052738900202001886,0.017539262771606445,False,DISABLED,none,MODEL_ORIGIN_FRAME_NOT_ESTABLISHED,nan,nan,nan,nan,nan,nan,nan,nan,nan,nan,nan,nan,nan,NOT_EVALUATED,nan,nan,nan,nan,DISABLED,nan,nan,nan,nan,nan,nan
1791471037.9841578,1791471038.0101395,1791471038.0133548,1791471038.0133748,front_rgbd_red_sphere,True,True,True,,46.8,46.8,1791471038.0101395,1791471037.998717,1791471037.9841578,1791471037.9841578,1791471037.9841578,0.0,1791471036.9921715,1791471037.9881742,1791471037.979061,1791471037.9881742,1791471037.9830608,1791471037.9921732,1791471036.972163,1791471037.9881742,1791471036.9921715,1791471037.9921732,1791470991.1841578,GAZEBO_CLOCK_SYSTEM_INTERPOLATION,MAPPED_EXACT,0,46.8,1791471037.9841578,0.002212047576904297,0.0,RGB,0.0,0,1,0,UNCALIBRATED,PREPARATION,MID,TURNING,1.0,373,1.0,6.676775932312012,0.3178570568561554,nan,nan,False,0.0,0.0,0.0,0.0,0,0,0,0,0,0.0,0.0,0.0,0.0,0.0,0.0,0.0,0.0,0.0,0.0,0.0,0.0,0.0,0.0,6.342318349997761,-0.7956993338745457,-1.9290403079060674,0.0,0.0,0.0,0.0,0.0,0.0,0.0,0.0,0.0,0.0,0.0,False,DISABLED,0,nan,nan,nan,nan,nan,nan,nan,nan,nan,nan,nan,nan,nan,nan,nan,nan,nan,nan,nan,nan,nan,nan,nan,nan,nan,nan,nan,nan,nan,nan,nan,nan,nan,nan,87.88177145839343,-2.9348248560641217,-0.113023475824435,0.021540774988097096,0.021540774988097096,0.021540774988097096,87.89169414653321,-2.9327717548561183,-0.06224241281134349,-0.009922688139781144,-0.002053101208003394,-0.050781063013091515,0.010132865561609824,0.05178215257431106,0.025981664657592773,False,DISABLED,none,MODEL_ORIGIN_FRAME_NOT_ESTABLISHED,nan,nan,nan,nan,nan,nan,nan,nan,nan,nan,nan,nan,nan,NOT_EVALUATED,nan,nan,nan,nan,DISABLED,nan,nan,nan,nan,nan,nan
1791471038.0361903,1791471038.0536153,1791471038.0632043,1791471038.0632403,front_rgbd_red_sphere,True,True,True,,46.852,46.852,1791471038.0536153,1791471038.0524788,1791471038.0361903,1791471038.0361903,1791471038.0361903,0.0,1791471037.0321603,1791471038.0521746,1791471038.043061,1791471038.0521746,1791471038.043061,1791471038.0521746,1791471037.0281618,1791471038.0521746,1791471037.0321603,1791471038.0521746,1791470991.1841903,GAZEBO_CLOCK_SYSTEM_INTERPOLATION,MAPPED_EXACT,0,46.852,1791471038.0361903,0.0019450187683105469,0.0,RGB,0.0,0,1,0,UNCALIBRATED,PREPARATION,MID,TURNING,1.0,376,1.0,6.677134037017822,0.3192305266857147,nan,nan,False,0.0,0.0,0.0,0.0,0,0,0,0,0,0.0,0.0,0.0,0.0,0.0,0.0,0.0,0.0,0.0,0.0,0.0,0.0,0.0,0.0,6.339786254175854,-0.783975839074162,-1.9433498385749717,0.0,0.0,0.0,0.0,0.0,0.0,0.0,0.0,0.0,0.0,0.0,False,DISABLED,0,nan,nan,nan,nan,nan,nan,nan,nan,nan,nan,nan,nan,nan,nan,nan,nan,nan,nan,nan,nan,nan,nan,nan,nan,nan,nan,nan,nan,nan,nan,nan,nan,nan,nan,87.89721202719255,-2.736238176886941,-0.10213400543424894,0.02154182580709565,0.02154182580709565,0.02154182580709565,87.90655590779447,-2.725070072129263,-0.050887244869786026,-0.009343880601917931,-0.01116810475767771,-0.051246760564462916,0.014561410253864895,0.05327537082867423,0.017425060272216797,False,DISABLED,none,MODEL_ORIGIN_FRAME_NOT_ESTABLISHED,nan,nan,nan,nan,nan,nan,nan,nan,nan,nan,nan,nan,nan,NOT_EVALUATED,nan,nan,nan,nan,DISABLED,nan,nan,nan,nan,nan,nan
1791471038.084157,1791471038.1009798,1791471038.1048093,1791471038.1048281,front_rgbd_red_sphere,True,True,True,,46.9,46.9,1791471038.1009798,1791471038.099918,1791471038.084157,1791471038.084157,1791471038.084157,0.0,1791471037.0721667,1791471038.0921786,1791471038.083061,1791471038.0921786,1791471038.083061,1791471038.0921786,1791471037.0681567,1791471038.0921786,1791471037.0721667,1791471038.0921786,1791470991.184157,GAZEBO_CLOCK_SYSTEM_INTERPOLATION,MAPPED_EXACT,0,46.9,1791471038.084157,0.0010161399841308594,0.0,RGB,0.0,0,1,0,UNCALIBRATED,PREPARATION,MID,TURNING,1.0,374,1.0,6.6891303062438965,0.3191518485546112,nan,nan,False,0.0,0.0,0.0,0.0,0,0,0,0,0,0.0,0.0,0.0,0.0,0.0,0.0,0.0,0.0,0.0,0.0,0.0,0.0,0.0,0.0,6.351341594741645,-0.7765242939228498,-1.949854158652177,0.0,0.0,0.0,0.0,0.0,0.0,0.0,0.0,0.0,0.0,0.0,False,DISABLED,0,nan,nan,nan,nan,nan,nan,nan,nan,nan,nan,nan,nan,nan,nan,nan,nan,nan,nan,nan,nan,nan,nan,nan,nan,nan,nan,nan,nan,nan,nan,nan,nan,nan,nan,87.91169014072929,-2.537289028783545,-0.0911983709028989,0.021577054260597972,0.021577054260597972,0.021577054260597972,87.91929310291246,-2.5336328218593285,-0.04013051364877401,-0.007602962183170803,-0.0036562069242163098,-0.05106785725412488,0.008436402256377575,0.051760012824178164,0.01682281494140625,False,DISABLED,none,MODEL_ORIGIN_FRAME_NOT_ESTABLISHED,nan,nan,nan,nan,nan,nan,nan,nan,nan,nan,nan,nan,nan,NOT_EVALUATED,nan,nan,nan,nan,DISABLED,nan,nan,nan,nan,nan,nan
1791471038.1361558,1791471038.1611955,1791471038.165415,1791471038.165451,front_rgbd_red_sphere,True,True,True,,46.952,46.952,1791471038.15184,1791471038.1611955,1791471038.1361558,1791471038.1361558,1791471038.1361558,0.0,1791471037.1321604,1791471038.1481671,1791471038.139061,1791471038.1481671,1791471038.143061,1791471038.1521635,1791471037.1321604,1791471038.1481671,1791471037.1321604,1791471038.1521635,1791470991.184156,GAZEBO_CLOCK_SYSTEM_INTERPOLATION,MAPPED_EXACT,0,46.952,1791471038.1361558,0.001435995101928711,0.0,RGB,0.0,0,1,0,UNCALIBRATED,PREPARATION,MID,TURNING,1.0,376,1.0,6.690185546875,0.32026079297065735,nan,nan,False,0.0,0.0,0.0,0.0,0,0,0,0,0,0.0,0.0,0.0,0.0,0.0,0.0,0.0,0.0,0.0,0.0,0.0,0.0,0.0,0.0,6.350011972434132,-0.7658396474406688,-1.9619937562137197,0.0,0.0,0.0,0.0,0.0,0.0,0.0,0.0,0.0,0.0,0.0,False,DISABLED,0,nan,nan,nan,nan,nan,nan,nan,nan,nan,nan,nan,nan,nan,nan,nan,nan,nan,nan,nan,nan,nan,nan,nan,nan,nan,nan,nan,nan,nan,nan,nan,nan,nan,nan,87.92518418097998,-2.33860570449621,-0.07962911178460436,0.0215801549784324,0.0215801549784324,0.0215801549784324,87.93200945293668,-2.3259993725217116,-0.028205104133296244,-0.006825271956699908,-0.012606331974498453,-0.05142400765130811,0.014335408718769626,0.05338475911771048,0.0250396728515625,False,DISABLED,none,MODEL_ORIGIN_FRAME_NOT_ESTABLISHED,nan,nan,nan,nan,nan,nan,nan,nan,nan,nan,nan,nan,nan,NOT_EVALUATED,nan,nan,nan,nan,DISABLED,nan,nan,nan,nan,nan,nan
1791471038.1841574,1791471038.2006614,1791471038.2044525,1791471038.2044778,front_rgbd_red_sphere,True,True,True,,47.0,47.0,1791471038.2006614,1791471038.198931,1791471038.1841574,1791471038.1841574,1791471038.1841574,0.0,1791471037.1721578,1791471038.1881683,1791471038.179061,1791471038.1881683,1791471038.183061,1791471038.1921654,1791471037.1721578,1791471038.1881683,1791471037.1721578,1791471038.1921654,1791470991.1841574,GAZEBO_CLOCK_SYSTEM_INTERPOLATION,MAPPED_EXACT,0,47.0,1791471038.1841574,0.0009620189666748047,0.0,RGB,0.0,0,1,0,UNCALIBRATED,PREPARATION,MID,TURNING,1.0,370,1.0,6.702610492706299,0.31949344277381897,nan,nan,False,0.0,0.0,0.0,0.0,0,0,0,0,0,0.0,0.0,0.0,0.0,0.0,0.0,0.0,0.0,0.0,0.0,0.0,0.0,0.0,0.0,6.363422406653894,-0.7593430242431625,-1.9634763752012425,0.0,0.0,0.0,0.0,0.0,0.0,0.0,0.0,0.0,0.0,0.0,False,DISABLED,0,nan,nan,nan,nan,nan,nan,nan,nan,nan,nan,nan,nan,nan,nan,nan,nan,nan,nan,nan,nan,nan,nan,nan,nan,nan,nan,nan,nan,nan,nan,nan,nan,nan,nan,87.9376500750621,-2.1394567921646965,-0.06812363903779856,0.021616675225778148,0.021616675225778148,0.021616675225778148,87.94279934590888,-2.134229358512277,-0.01702966289975187,-0.00514927084678618,-0.0052274336524194,-0.051093976138046684,0.0073376462741133065,0.05161816977033661,0.01650404930114746,False,DISABLED,none,MODEL_ORIGIN_FRAME_NOT_ESTABLISHED,nan,nan,nan,nan,nan,nan,nan,nan,nan,nan,nan,nan,nan,NOT_EVALUATED,nan,nan,nan,nan,DISABLED,nan,nan,nan,nan,nan,nan
1791471038.23616,1791471038.2534907,1791471038.2626693,1791471038.262704,front_rgbd_red_sphere,True,True,True,,47.052,47.052,1791471038.2534907,1791471038.2524421,1791471038.23616,1791471038.23616,1791471038.23616,0.0,1791471037.2521715,1791471038.2521718,1791471038.2430608,1791471038.2521718,1791471038.2430608,1791471038.2521718,1791471037.2521715,1791471038.2521718,1791471037.2521715,1791471038.2521718,1791470991.18416,GAZEBO_CLOCK_SYSTEM_INTERPOLATION,MAPPED_EXACT,0,47.052,1791471038.23616,0.0017771720886230469,0.0,RGB,0.0,0,1,0,UNCALIBRATED,PREPARATION,MID,TURNING,1.0,369,1.0,6.704524993896484,0.32046613097190857,nan,nan,False,0.0,0.0,0.0,0.0,0,0,0,0,0,0.0,0.0,0.0,0.0,0.0,0.0,0.0,0.0,0.0,0.0,0.0,0.0,0.0,0.0,6.3631889542985265,-0.7497141176932169,-1.9744397305263064,0.0,0.0,0.0,0.0,0.0,0.0,0.0,0.0,0.0,0.0,0.0,False,DISABLED,0,nan,nan,nan,nan,nan,nan,nan,nan,nan,nan,nan,nan,nan,nan,nan,nan,nan,nan,nan,nan,nan,nan,nan,nan,nan,nan,nan,nan,nan,nan,nan,nan,nan,nan,87.94935453211865,-1.9403195351490519,-0.056302813872416146,0.021622305920461257,0.021622305920461257,0.021622305920461257,87.95339671033955,-1.9265442675838635,-0.004820204015420489,-0.004042178220899473,-0.01377526756518832,-0.051482609856995654,0.014356085861475035,0.0534467615384662,0.017330646514892578,False,DISABLED,none,MODEL_ORIGIN_FRAME_NOT_ESTABLISHED,nan,nan,nan,nan,nan,nan,nan,nan,nan,nan,nan,nan,nan,NOT_EVALUATED,nan,nan,nan,nan,DISABLED,nan,nan,nan,nan,nan,nan
1791471038.2841644,1791471038.3036542,1791471038.3095057,1791471038.3095431,front_rgbd_red_sphere,True,True,True,,47.1,47.1,1791471038.3036542,1791471038.3014145,1791471038.2841644,1791471038.2841644,1791471038.2841644,0.0,1791471037.2921739,1791471038.292186,1791471038.283061,1791471038.292186,1791471038.283061,1791471038.292186,1791471037.2921739,1791471038.292186,1791471037.2921739,1791471038.292186,1791470991.1841645,GAZEBO_CLOCK_SYSTEM_INTERPOLATION,MAPPED_EXACT,0,47.1,1791471038.2841644,0.003819704055786133,0.0,RGB,0.0,0,1,0,UNCALIBRATED,PREPARATION,MID,TURNING,1.0,373,1.0,6.717604637145996,0.32000455260276794,nan,nan,False,0.0,0.0,0.0,0.0,0,0,0,0,0,0.0,0.0,0.0,0.0,0.0,0.0,0.0,0.0,0.0,0.0,0.0,0.0,0.0,0.0,6.376578417123964,-0.7436423135231935,-1.9779921177658055,0.0,0.0,0.0,0.0,0.0,0.0,0.0,0.0,0.0,0.0,0.0,False,DISABLED,0,nan,nan,nan,nan,nan,nan,nan,nan,nan,nan,nan,nan,nan,nan,nan,nan,nan,nan,nan,nan,nan,nan,nan,nan,nan,nan,nan,nan,nan,nan,nan,nan,nan,nan,87.95999636181607,-1.7410631070451101,-0.04445487376471119,0.021660787958871868,0.021660787958871868,0.021660787958871868,87.96223656347934,-1.7346972072428937,0.006485253145073239,-0.0022402016632696586,-0.006365899802216468,-0.05094012690978443,0.006748569017501104,0.05138520909141968,0.019489765167236328,False,DISABLED,none,MODEL_ORIGIN_FRAME_NOT_ESTABLISHED,nan,nan,nan,nan,nan,nan,nan,nan,nan,nan,nan,nan,nan,NOT_EVALUATED,nan,nan,nan,nan,DISABLED,nan,nan,nan,nan,nan,nan
1791471038.3361583,1791471038.3619702,1791471038.36755,1791471038.3675973,front_rgbd_red_sphere,True,True,True,,47.152,47.152,1791471038.3619702,1791471038.360286,1791471038.3361583,1791471038.3361583,1791471038.3361583,0.0,1791471037.352164,1791471038.3481839,1791471038.339061,1791471038.3481839,1791471038.343061,1791471038.3521848,1791471037.3321638,1791471038.3481839,1791471037.352164,1791471038.3521848,1791470991.1841583,GAZEBO_CLOCK_SYSTEM_INTERPOLATION,MAPPED_EXACT,0,47.152,1791471038.3361583,0.0022475719451904297,0.0,RGB,0.0,0,1,0,UNCALIBRATED,PREPARATION,MID,TURNING,1.0,371,1.0,6.719877243041992,0.32088446617126465,nan,nan,False,0.0,0.0,0.0,0.0,0,0,0,0,0,0.0,0.0,0.0,0.0,0.0,0.0,0.0,0.0,0.0,0.0,0.0,0.0,0.0,0.0,6.376873454206352,-0.7343622193279993,-1.98820236029042,0.0,0.0,0.0,0.0,0.0,0.0,0.0,0.0,0.0,0.0,0.0,False,DISABLED,0,nan,nan,nan,nan,nan,nan,nan,nan,nan,nan,nan,nan,nan,nan,nan,nan,nan,nan,nan,nan,nan,nan,nan,nan,nan,nan,nan,nan,nan,nan,nan,nan,nan,nan,87.96957871745157,-1.5415655416157854,-0.0327654334168867,0.021667478908198146,0.021667478908198146,0.021667478908198146,87.97073075369703,-1.526897461234989,0.018683140061480117,-0.0011520362454575661,-0.014668080380796367,-0.051448573478366816,0.014713251495449647,0.05351107812899363,0.02581191062927246,False,DISABLED,none,MODEL_ORIGIN_FRAME_NOT_ESTABLISHED,nan,nan,nan,nan,nan,nan,nan,nan,nan,nan,nan,nan,nan,NOT_EVALUATED,nan,nan,nan,nan,DISABLED,nan,nan,nan,nan,nan,nan
1791471038.3841572,1791471038.4032934,1791471038.4074552,1791471038.407492,front_rgbd_red_sphere,True,True,True,,47.2,47.2,1791471038.4032934,1791471038.4014592,1791471038.3841572,1791471038.3841572,1791471038.3841572,0.0,1791471037.3721607,1791471038.3881674,1791471038.379061,1791471038.3881674,1791471038.383061,1791471038.392163,1791471037.3721607,1791471038.3881674,1791471037.3721607,1791471038.392163,1791470991.1841571,GAZEBO_CLOCK_SYSTEM_INTERPOLATION,MAPPED_EXACT,0,47.2,1791471038.3841572,0.0033180713653564453,0.0,RGB,0.0,0,1,0,UNCALIBRATED,PREPARATION,MID,TURNING,1.0,370,1.0,6.733088493347168,0.32017552852630615,nan,nan,False,0.0,0.0,0.0,0.0,0,0,0,0,0,0.0,0.0,0.0,0.0,0.0,0.0,0.0,0.0,0.0,0.0,0.0,0.0,0.0,0.0,6.390914228113877,-0.7285498032111493,-1.9899527405968538,0.0,0.0,0.0,0.0,0.0,0.0,0.0,0.0,0.0,0.0,0.0,False,DISABLED,0,nan,nan,nan,nan,nan,nan,nan,nan,nan,nan,nan,nan,nan,nan,nan,nan,nan,nan,nan,nan,nan,nan,nan,nan,nan,nan,nan,nan,nan,nan,nan,nan,nan,nan,87.97808184525307,-1.3420110065560733,-0.021268197075578088,0.021706389816642007,0.021706389816642007,0.021706389816642007,87.97763126614399,-1.3349999904070626,0.029839784800678348,0.0004505791090849698,-0.007011016149010674,-0.05110798187625644,0.007025479981839836,0.05158859544937223,0.01913619041442871,False,DISABLED,none,MODEL_ORIGIN_FRAME_NOT_ESTABLISHED,nan,nan,nan,nan,nan,nan,nan,nan,nan,nan,nan,nan,nan,NOT_EVALUATED,nan,nan,nan,nan,DISABLED,nan,nan,nan,nan,nan,nan
1791471038.436165,1791471038.464821,1791471038.4698546,1791471038.4698784,front_rgbd_red_sphere,True,True,True,,47.252,47.252,1791471038.464821,1791471038.4534419,1791471038.436165,1791471038.436165,1791471038.436165,0.0,1791471037.4521694,1791471038.4521704,1791471038.4430609,1791471038.4521704,1791471038.4430609,1791471038.4521704,1791471037.4521694,1791471038.4521704,1791471037.4521694,1791471038.4521704,1791470991.184165,GAZEBO_CLOCK_SYSTEM_INTERPOLATION,MAPPED_EXACT,0,47.252,1791471038.436165,0.0012445449829101562,0.0,RGB,0.0,0,1,0,UNCALIBRATED,PREPARATION,MID,TURNING,1.0,370,1.0,6.7360334396362305,0.3209199607372284,nan,nan,False,0.0,0.0,0.0,0.0,0,0,0,0,0,0.0,0.0,0.0,0.0,0.0,0.0,0.0,0.0,0.0,0.0,0.0,0.0,0.0,0.0,6.392129430814028,-0.7196282196667072,-1.9992403425186254,0.0,0.0,0.0,0.0,0.0,0.0,0.0,0.0,0.0,0.0,0.0,False,DISABLED,0,nan,nan,nan,nan,nan,nan,nan,nan,nan,nan,nan,nan,nan,nan,nan,nan,nan,nan,nan,nan,nan,nan,nan,nan,nan,nan,nan,nan,nan,nan,nan,nan,nan,nan,87.98556528231495,-1.1421595969135048,-0.009146432134232663,0.02171506790884591,0.02171506790884591,0.02171506790884591,87.98403113864211,-1.1271196695590833,0.0417250195543748,0.0015341436728419922,-0.0150399273544215,-0.05087145168860746,0.01511796982518477,0.05307030816324247,0.028656005859375,False,DISABLED,none,MODEL_ORIGIN_FRAME_NOT_ESTABLISHED,nan,nan,nan,nan,nan,nan,nan,nan,nan,nan,nan,nan,nan,NOT_EVALUATED,nan,nan,nan,nan,DISABLED,nan,nan,nan,nan,nan,nan
1791471038.4841607,1791471038.5132675,1791471038.5181406,1791471038.518172,front_rgbd_red_sphere,True,True,True,,47.3,47.3,1791471038.5132675,1791471038.5010562,1791471038.4841607,1791471038.4841607,1791471038.4841607,0.0,1791471037.492162,1791471038.492179,1791471038.4830608,1791471038.492179,1791471038.4830608,1791471038.492179,1791471037.492162,1791471038.492179,1791471037.492162,1791471038.492179,1791470991.1841607,GAZEBO_CLOCK_SYSTEM_INTERPOLATION,MAPPED_EXACT,0,47.3,1791471038.4841607,0.0015668869018554688,0.0,RGB,0.0,0,1,0,UNCALIBRATED,PREPARATION,MID,TURNING,1.0,369,1.0,6.749334812164307,0.31999099254608154,nan,nan,False,0.0,0.0,0.0,0.0,0,0,0,0,0,0.0,0.0,0.0,0.0,0.0,0.0,0.0,0.0,0.0,0.0,0.0,0.0,0.0,0.0,6.406726665237765,-0.7141457351078522,-1.9993420028310034,0.0,0.0,0.0,0.0,0.0,0.0,0.0,0.0,0.0,0.0,0.0,False,DISABLED,0,nan,nan,nan,nan,nan,nan,nan,nan,nan,nan,nan,nan,nan,nan,nan,nan,nan,nan,nan,nan,nan,nan,nan,nan,nan,nan,nan,nan,nan,nan,nan,nan,nan,nan,87.99218638648352,-0.9423970966287802,0.002363958197991123,0.02175428746295562,0.02175428746295562,0.02175428746295562,87.98899963111506,-0.9352525751235501,0.05245506756193876,0.003186755368460581,-0.00714452150523015,-0.05009110936394764,0.007823017149227555,0.0506983119504789,0.029106855392456055,False,DISABLED,none,MODEL_ORIGIN_FRAME_NOT_ESTABLISHED,nan,nan,nan,nan,nan,nan,nan,nan,nan,nan,nan,nan,nan,NOT_EVALUATED,nan,nan,nan,nan,DISABLED,nan,nan,nan,nan,nan,nan
1791471038.536166,1791471038.5672195,1791471038.570462,1791471038.5704827,front_rgbd_red_sphere,True,True,True,,47.352,47.352,1791471038.5580301,1791471038.5672195,1791471038.536166,1791471038.536166,1791471038.536166,0.0,1791471037.5321624,1791471038.5481668,1791471038.5390608,1791471038.5481668,1791471038.543061,1791471038.5521705,1791471037.5321624,1791471038.5481668,1791471037.5321624,1791471038.5521705,1791470991.184166,GAZEBO_CLOCK_SYSTEM_INTERPOLATION,MAPPED_EXACT,0,47.352,1791471038.536166,0.0032846927642822266,0.0,RGB,0.0,0,1,0,UNCALIBRATED,PREPARATION,MID,TURNING,1.0,366,1.0,6.752157211303711,0.32039323449134827,nan,nan,False,0.0,0.0,0.0,0.0,0,0,0,0,0,0.0,0.0,0.0,0.0,0.0,0.0,0.0,0.0,0.0,0.0,0.0,0.0,0.0,0.0,6.408551150569473,-0.7054115666160969,-2.0061144206961137,0.0,0.0,0.0,0.0,0.0,0.0,0.0,0.0,0.0,0.0,0.0,False,DISABLED,0,nan,nan,nan,nan,nan,nan,nan,nan,nan,nan,nan,nan,nan,nan,nan,nan,nan,nan,nan,nan,nan,nan,nan,nan,nan,nan,nan,nan,nan,nan,nan,nan,nan,nan,87.99771467578141,-0.742385949354281,0.0141474406625966,0.02176261454250925,0.02176261454250925,0.02176261454250925,87.99331218303674,-0.7273439143925061,0.06373360529326763,0.004402492744674191,-0.01504203496177492,-0.04958616463067103,0.015673058353689873,0.05200415830429504,0.031053543090820312,False,DISABLED,none,MODEL_ORIGIN_FRAME_NOT_ESTABLISHED,nan,nan,nan,nan,nan,nan,nan,nan,nan,nan,nan,nan,nan,NOT_EVALUATED,nan,nan,nan,nan,DISABLED,nan,nan,nan,nan,nan,nan
1791471038.5841608,1791471038.6006687,1791471038.6042297,1791471038.6042547,front_rgbd_red_sphere,True,True,True,,47.4,47.4,1791471038.6006687,1791471038.599397,1791471038.5841608,1791471038.5841608,1791471038.5841608,0.0,1791471037.5921636,1791471038.5881763,1791471038.579061,1791471038.5881763,1791471038.583061,1791471038.5922287,1791471037.5881684,1791471038.5881763,1791471037.5921636,1791471038.5922287,1791470991.1841607,GAZEBO_CLOCK_SYSTEM_INTERPOLATION,MAPPED_EXACT,0,47.4,1791471038.5841608,0.0008211135864257812,0.0,RGB,0.0,0,1,0,UNCALIBRATED,PREPARATION,MID,TURNING,1.0,365,1.0,6.765069007873535,0.3191009759902954,nan,nan,False,0.0,0.0,0.0,0.0,0,0,0,0,0,0.0,0.0,0.0,0.0,0.0,0.0,0.0,0.0,0.0,0.0,0.0,0.0,0.0,0.0,6.423553489475421,-0.699964495005915,-2.0035384832346956,0.0,0.0,0.0,0.0,0.0,0.0,0.0,0.0,0.0,0.0,0.0,False,DISABLED,0,nan,nan,nan,nan,nan,nan,nan,nan,nan,nan,nan,nan,nan,nan,nan,nan,nan,nan,nan,nan,nan,nan,nan,nan,nan,nan,nan,nan,nan,nan,nan,nan,nan,nan,88.00208201887094,-0.5424056336407093,0.02485258319142064,0.021800725734857376,0.021800725734857376,0.021800725734857376,87.99635849131272,-0.535287527994031,0.0737855556284358,0.005723527558217256,-0.007118105646678252,-0.048932972437015165,0.009133794157246222,0.04977812759866155,0.016507863998413086,False,DISABLED,none,MODEL_ORIGIN_FRAME_NOT_ESTABLISHED,nan,nan,nan,nan,nan,nan,nan,nan,nan,nan,nan,nan,nan,NOT_EVALUATED,nan,nan,nan,nan,DISABLED,nan,nan,nan,nan,nan,nan
1791471038.6361763,1791471038.662117,1791471038.6652808,1791471038.6653492,front_rgbd_red_sphere,True,True,True,,47.452,47.452,1791471038.652567,1791471038.662117,1791471038.6361763,1791471038.6361763,1791471038.6361763,0.0,1791471037.6521652,1791471038.6521697,1791471038.643091,1791471038.6521697,1791471038.643091,1791471038.6521697,1791471037.6521652,1791471038.6521697,1791471037.6521652,1791471038.6521697,1791470991.1841764,GAZEBO_CLOCK_SYSTEM_INTERPOLATION,MAPPED_EXACT,0,47.452,1791471038.6361763,0.0021483898162841797,0.0,RGB,0.0,0,1,0,UNCALIBRATED,PREPARATION,MID,STRAIGHT,1.0,366,1.0,6.767587184906006,0.3189910054206848,nan,nan,False,0.0,0.0,0.0,0.0,0,0,0,0,0,0.0,0.0,0.0,0.0,0.0,0.0,0.0,0.0,0.0,0.0,0.0,0.0,0.0,0.0,6.426178098071683,-0.6915944557935401,-2.0065310801142697,0.0,0.0,0.0,0.0,0.0,0.0,0.0,0.0,0.0,0.0,0.0,False,DISABLED,0,nan,nan,nan,nan,nan,nan,nan,nan,nan,nan,nan,nan,nan,nan,nan,nan,nan,nan,nan,nan,nan,nan,nan,nan,nan,nan,nan,nan,nan,nan,nan,nan,nan,nan,88.00528936757844,-0.34190450945311746,0.03580682060532331,0.02180816280115493,0.02180816280115493,0.02180816280115493,87.99858911435811,-0.32719429551606116,0.08418799054628047,0.00670025322033041,-0.014710213937056293,-0.04838116994095716,0.01616427503139294,0.051010012665615855,0.025940656661987305,False,DISABLED,none,MODEL_ORIGIN_FRAME_NOT_ESTABLISHED,nan,nan,nan,nan,nan,nan,nan,nan,nan,nan,nan,nan,nan,NOT_EVALUATED,nan,nan,nan,nan,DISABLED,nan,nan,nan,nan,nan,nan
1791471038.684157,1791471038.700988,1791471038.704435,1791471038.704462,front_rgbd_red_sphere,True,True,True,,47.5,47.5,1791471038.700988,1791471038.6997929,1791471038.684157,1791471038.684157,1791471038.684157,0.0,1791471037.6721568,1791471038.6921756,1791471038.683091,1791471038.6921756,1791471038.683091,1791471038.6921756,1791471037.6681573,1791471038.6921756,1791471037.6721568,1791471038.6921756,1791470991.184157,GAZEBO_CLOCK_SYSTEM_INTERPOLATION,MAPPED_EXACT,0,47.5,1791471038.684157,0.0010578632354736328,0.0,RGB,0.0,0,1,0,UNCALIBRATED,PREPARATION,MID,TURNING,1.0,361,1.0,6.780503749847412,0.3174446225166321,nan,nan,False,0.0,0.0,0.0,0.0,0,0,0,0,0,0.0,0.0,0.0,0.0,0.0,0.0,0.0,0.0,0.0,0.0,0.0,0.0,0.0,0.0,6.441723515081318,-0.6865822098881615,-2.0020068935025757,0.0,0.0,0.0,0.0,0.0,0.0,0.0,0.0,0.0,0.0,0.0,False,DISABLED,0,nan,nan,nan,nan,nan,nan,nan,nan,nan,nan,nan,nan,nan,nan,nan,nan,nan,nan,nan,nan,nan,nan,nan,nan,nan,nan,nan,nan,nan,nan,nan,nan,nan,nan,88.00742890019123,-0.14149975368351342,0.045995725015828326,0.021846328559648288,0.021846328559648288,0.021846328559648288,87.99971219640915,-0.13537228885327812,0.09329426698316717,0.007716703782080003,-0.006127464830235296,-0.04729854196733885,0.00985359541010987,0.048314029171062235,0.016831159591674805,False,DISABLED,none,MODEL_ORIGIN_FRAME_NOT_ESTABLISHED,nan,nan,nan,nan,nan,nan,nan,nan,nan,nan,nan,nan,nan,NOT_EVALUATED,nan,nan,nan,nan,DISABLED,nan,nan,nan,nan,nan,nan
1791471038.7361612,1791471038.7570658,1791471038.7626917,1791471038.7627103,front_rgbd_red_sphere,True,True,True,,47.552,47.552,1791471038.7570658,1791471038.7555308,1791471038.7361612,1791471038.7361612,1791471038.7361612,0.0,1791471037.7521663,1791471038.7482638,1791471038.739091,1791471038.7482638,1791471038.7430909,1791471038.7521713,1791471037.748175,1791471038.7482638,1791471037.7521663,1791471038.7521713,1791470991.1841612,GAZEBO_CLOCK_SYSTEM_INTERPOLATION,MAPPED_EXACT,0,47.552,1791471038.7361612,0.002574443817138672,0.0,RGB,0.0,0,1,0,UNCALIBRATED,PREPARATION,MID,TURNING,1.0,360,1.0,6.78217887878418,0.3177313506603241,nan,nan,False,0.0,0.0,0.0,0.0,0,0,0,0,0,0.0,0.0,0.0,0.0,0.0,0.0,0.0,0.0,0.0,0.0,0.0,0.0,0.0,0.0,6.44270772164912,-0.6780704187356896,-2.007407782999535,0.0,0.0,0.0,0.0,0.0,0.0,0.0,0.0,0.0,0.0,0.0,False,DISABLED,0,nan,nan,nan,nan,nan,nan,nan,nan,nan,nan,nan,nan,nan,nan,nan,nan,nan,nan,nan,nan,nan,nan,nan,nan,nan,nan,nan,nan,nan,nan,nan,nan,nan,nan,88.00847345148698,0.05866043789081665,0.055671624885065774,0.021851280792054003,0.021851280792054003,0.021851280792054003,87.99986196104084,0.07271601699432996,0.10255635017625302,0.008611490446142511,-0.014055579103513308,-0.04688472529118724,0.016483842744916117,0.04969803353523373,0.020904541015625,False,DISABLED,none,MODEL_ORIGIN_FRAME_NOT_ESTABLISHED,nan,nan,nan,nan,nan,nan,nan,nan,nan,nan,nan,nan,nan,NOT_EVALUATED,nan,nan,nan,nan,DISABLED,nan,nan,nan,nan,nan,nan
1791471038.784162,1791471038.7997801,1791471038.8033578,1791471038.8033776,front_rgbd_red_sphere,True,True,True,,47.6,47.6,1791471038.7997801,1791471038.7984557,1791471038.784162,1791471038.784162,1791471038.784162,0.0,1791471037.7921684,1791471038.7881758,1791471038.779091,1791471038.7881758,1791471038.7830908,1791471038.7921755,1791471037.7881696,1791471038.7881758,1791471037.7921684,1791471038.7921755,1791470991.1841621,GAZEBO_CLOCK_SYSTEM_INTERPOLATION,MAPPED_EXACT,0,47.6,1791471038.784162,0.003814697265625,0.0,RGB,0.0,0,1,0,UNCALIBRATED,PREPARATION,MID,STRAIGHT,1.0,360,1.0,6.794406414031982,0.31680819392204285,nan,nan,False,0.0,0.0,0.0,0.0,0,0,0,0,0,0.0,0.0,0.0,0.0,0.0,0.0,0.0,0.0,0.0,0.0,0.0,0.0,0.0,0.0,6.45628034784756,-0.672367407548025,-2.0070693954814987,0.0,0.0,0.0,0.0,0.0,0.0,0.0,0.0,0.0,0.0,0.0,False,DISABLED,0,nan,nan,nan,nan,nan,nan,nan,nan,nan,nan,nan,nan,nan,nan,nan,nan,nan,nan,nan,nan,nan,nan,nan,nan,nan,nan,nan,nan,nan,nan,nan,nan,nan,nan,88.00847094580561,0.25902932569680637,0.06475552318393879,0.021887446745806963,0.021887446745806963,0.021887446745806963,87.99906425149902,0.26473839610910965,0.11051306775744986,0.009406694306591135,-0.005709070412303285,-0.04575754457351107,0.01100360771521281,0.047062004506259004,0.015618085861206055,False,DISABLED,none,MODEL_ORIGIN_FRAME_NOT_ESTABLISHED,nan,nan,nan,nan,nan,nan,nan,nan,nan,nan,nan,nan,nan,NOT_EVALUATED,nan,nan,nan,nan,DISABLED,nan,nan,nan,nan,nan,nan
1791471038.83616,1791471038.8554356,1791471038.8634787,1791471038.8635,front_rgbd_red_sphere,True,True,True,,47.652,47.652,1791471038.8554356,1791471038.8544178,1791471038.83616,1791471038.83616,1791471038.83616,0.0,1791471037.8321636,1791471038.8521671,1791471038.843091,1791471038.8521671,1791471038.843091,1791471038.8521671,1791471037.8281555,1791471038.8521671,1791471037.8321636,1791471038.8521671,1791470991.18416,GAZEBO_CLOCK_SYSTEM_INTERPOLATION,MAPPED_EXACT,0,47.652,1791471038.83616,0.002801656723022461,0.0,RGB,0.0,0,1,0,UNCALIBRATED,PREPARATION,MID,TURNING,1.0,362,1.0,6.7959723472595215,0.31763756275177,nan,nan,False,0.0,0.0,0.0,0.0,0,0,0,0,0,0.0,0.0,0.0,0.0,0.0,0.0,0.0,0.0,0.0,0.0,0.0,0.0,0.0,0.0,6.45601015742154,-0.6635041265973509,-2.0161688625585663,0.0,0.0,0.0,0.0,0.0,0.0,0.0,0.0,0.0,0.0,0.0,False,DISABLED,0,nan,nan,nan,nan,nan,nan,nan,nan,nan,nan,nan,nan,nan,nan,nan,nan,nan,nan,nan,nan,nan,nan,nan,nan,nan,nan,nan,nan,nan,nan,nan,nan,nan,nan,88.00714851264034,0.4597708976785375,0.07348433325507481,0.021892080121999124,0.021892080121999124,0.021892080121999124,87.99713651184801,0.4725094770947344,0.11839609613925955,0.010012000792329445,-0.012738579416196882,-0.04491176288418475,0.016202208658339157,0.04774492654485495,0.019275665283203125,False,DISABLED,none,MODEL_ORIGIN_FRAME_NOT_ESTABLISHED,nan,nan,nan,nan,nan,nan,nan,nan,nan,nan,nan,nan,nan,NOT_EVALUATED,nan,nan,nan,nan,DISABLED,nan,nan,nan,nan,nan,nan
1791471038.8841588,1791471038.9028165,1791471038.9061992,1791471038.90622,front_rgbd_red_sphere,True,True,True,,47.7,47.7,1791471038.9028165,1791471038.9012957,1791471038.8841588,1791471038.8841588,1791471038.8841588,0.0,1791471037.8921647,1791471038.8921714,1791471038.883091,1791471038.8921714,1791471038.883091,1791471038.8921714,1791471037.8921647,1791471038.8921714,1791471037.8921647,1791471038.8921714,1791470991.1841588,GAZEBO_CLOCK_SYSTEM_INTERPOLATION,MAPPED_EXACT,0,47.7,1791471038.8841588,0.0029134750366210938,0.0,RGB,0.0,0,1,0,UNCALIBRATED,PREPARATION,MID,TURNING,1.0,359,1.0,6.807201862335205,0.3171102702617645,nan,nan,False,0.0,0.0,0.0,0.0,0,0,0,0,0,0.0,0.0,0.0,0.0,0.0,0.0,0.0,0.0,0.0,0.0,0.0,0.0,0.0,0.0,6.46779813575221,-0.6577011474466321,-2.018171498895705,0.0,0.0,0.0,0.0,0.0,0.0,0.0,0.0,0.0,0.0,0.0,False,DISABLED,0,nan,nan,nan,nan,nan,nan,nan,nan,nan,nan,nan,nan,nan,nan,nan,nan,nan,nan,nan,nan,nan,nan,nan,nan,nan,nan,nan,nan,nan,nan,nan,nan,nan,nan,88.00457149976295,0.6599654212217283,0.08100712281244077,0.021925323249214847,0.021925323249214847,0.021925323249214847,87.994417575065,0.6646193293637102,0.125003560353587,0.010153924697945627,-0.004653908141981855,-0.04399643754114624,0.011169648506804285,0.04539215311127615,0.018657684326171875,False,DISABLED,none,MODEL_ORIGIN_FRAME_NOT_ESTABLISHED,nan,nan,nan,nan,nan,nan,nan,nan,nan,nan,nan,nan,nan,NOT_EVALUATED,nan,nan,nan,nan,DISABLED,nan,nan,nan,nan,nan,nan
1791471038.9361565,1791471038.9610035,1791471038.9665415,1791471038.966579,front_rgbd_red_sphere,True,True,True,,47.752,47.752,1791471038.9610035,1791471038.9598298,1791471038.9361565,1791471038.9361565,1791471038.9361565,0.0,1791471037.9481733,1791471038.9481745,1791471038.939091,1791471038.9481745,1791471038.943091,1791471038.95217,1791471037.9481733,1791471038.9481745,1791471037.9321606,1791471038.95217,1791470991.1841564,GAZEBO_CLOCK_SYSTEM_INTERPOLATION,MAPPED_EXACT,0,47.752,1791471038.9361565,0.0011184215545654297,0.0,RGB,0.0,0,1,0,UNCALIBRATED,PREPARATION,MID,TURNING,1.0,361,1.0,6.807953834533691,0.3179371654987335,nan,nan,False,0.0,0.0,0.0,0.0,0,0,0,0,0,0.0,0.0,0.0,0.0,0.0,0.0,0.0,0.0,0.0,0.0,0.0,0.0,0.0,0.0,6.466754967687657,-0.6486495482607246,-2.0269611430077186,0.0,0.0,0.0,0.0,0.0,0.0,0.0,0.0,0.0,0.0,0.0,False,DISABLED,0,nan,nan,nan,nan,nan,nan,nan,nan,nan,nan,nan,nan,nan,nan,nan,nan,nan,nan,nan,nan,nan,nan,nan,nan,nan,nan,nan,nan,nan,nan,nan,nan,nan,nan,88.00086637391543,0.860885617922845,0.0880373691687995,0.02192755013566411,0.02192755013566411,0.02192755013566411,87.99040603852052,0.8724980520504938,0.13133013932101778,0.010460335394910203,-0.011612434127648785,-0.043292770152218274,0.015629051248972004,0.046027504716156346,0.024847030639648438,False,DISABLED,none,MODEL_ORIGIN_FRAME_NOT_ESTABLISHED,nan,nan,nan,nan,nan,nan,nan,nan,nan,nan,nan,nan,nan,NOT_EVALUATED,nan,nan,nan,nan,DISABLED,nan,nan,nan,nan,nan,nan
1791471038.9841664,1791471039.0090723,1791471039.0120697,1791471039.012088,front_rgbd_red_sphere,True,True,True,,47.8,47.8,1791471039.0090723,1791471038.9994607,1791471038.9841664,1791471038.9841664,1791471038.9841664,0.0,1791471037.9921732,1791471038.9881682,1791471038.979091,1791471038.9881682,1791471038.9830909,1791471038.992183,1791471037.9721599,1791471038.9881682,1791471037.9921732,1791471038.992183,1791470991.1841664,GAZEBO_CLOCK_SYSTEM_INTERPOLATION,MAPPED_EXACT,0,47.8,1791471038.9841664,0.0011413097381591797,0.0,RGB,0.0,0,1,0,UNCALIBRATED,PREPARATION,MID,TURNING,1.0,361,1.0,6.8188252449035645,0.3168816864490509,nan,nan,False,0.0,0.0,0.0,0.0,0,0,0,0,0,0.0,0.0,0.0,0.0,0.0,0.0,0.0,0.0,0.0,0.0,0.0,0.0,0.0,0.0,6.4793276610006245,-0.6429481156001966,-2.0251688147923455,0.0,0.0,0.0,0.0,0.0,0.0,0.0,0.0,0.0,0.0,0.0,False,DISABLED,0,nan,nan,nan,nan,nan,nan,nan,nan,nan,nan,nan,nan,nan,nan,nan,nan,nan,nan,nan,nan,nan,nan,nan,nan,nan,nan,nan,nan,nan,nan,nan,nan,nan,nan,87.99610860051223,1.0617735675941575,0.09422593721216904,0.02195975821297808,0.02195975821297808,0.02195975821297808,87.98577206242891,1.0642469060084736,0.13641372490639803,0.010336538083322466,-0.002473338414316073,-0.042187787694228984,0.010628331122980091,0.04350598640409209,0.024905920028686523,False,DISABLED,none,MODEL_ORIGIN_FRAME_NOT_ESTABLISHED,nan,nan,nan,nan,nan,nan,nan,nan,nan,nan,nan,nan,nan,NOT_EVALUATED,nan,nan,nan,nan,DISABLED,nan,nan,nan,nan,nan,nan
1791471039.0361598,1791471039.0607955,1791471039.0643725,1791471039.0643933,front_rgbd_red_sphere,True,True,True,,47.852,47.852,1791471039.0607955,1791471039.0496655,1791471039.0361598,1791471039.0361598,1791471039.0361598,0.0,1791471038.0521746,1791471039.0521777,1791471039.0430908,1791471039.0521777,1791471039.0430908,1791471039.0521777,1791471038.0521746,1791471039.0521777,1791471038.0521746,1791471039.0521777,1791470991.1841598,GAZEBO_CLOCK_SYSTEM_INTERPOLATION,MAPPED_EXACT,0,47.852,1791471039.0361598,0.0008327960968017578,0.0,RGB,0.0,0,1,0,UNCALIBRATED,PREPARATION,MID,TURNING,1.0,358,1.0,6.817908763885498,0.31736302375793457,nan,nan,False,0.0,0.0,0.0,0.0,0,0,0,0,0,0.0,0.0,0.0,0.0,0.0,0.0,0.0,0.0,0.0,0.0,0.0,0.0,0.0,0.0,6.477433527113837,-0.633968572458329,-2.0309651484593365,0.0,0.0,0.0,0.0,0.0,0.0,0.0,0.0,0.0,0.0,0.0,False,DISABLED,0,nan,nan,nan,nan,nan,nan,nan,nan,nan,nan,nan,nan,nan,nan,nan,nan,nan,nan,nan,nan,nan,nan,nan,nan,nan,nan,nan,nan,nan,nan,nan,nan,nan,nan,87.9902435646026,1.2614295684370438,0.09979610518758358,0.021957042180971328,0.021957042180971328,0.021957042180971328,87.97966202505893,1.2724544989201945,0.14103081077708338,0.01058153954366503,-0.011024930483150674,-0.04123470558949979,0.015281298088593511,0.04397520911064753,0.024635791778564453,False,DISABLED,none,MODEL_ORIGIN_FRAME_NOT_ESTABLISHED,nan,nan,nan,nan,nan,nan,nan,nan,nan,nan,nan,nan,nan,NOT_EVALUATED,nan,nan,nan,nan,DISABLED,nan,nan,nan,nan,nan,nan
1791471039.0841603,1791471039.1105807,1791471039.1136625,1791471039.1136825,front_rgbd_red_sphere,True,True,True,,47.9,47.9,1791471039.1105807,1791471039.0998514,1791471039.0841603,1791471039.0841603,1791471039.0841603,0.0,1791471038.0721633,1791471039.0921645,1791471039.083091,1791471039.0921645,1791471039.083091,1791471039.0921645,1791471038.0681586,1791471039.0921645,1791471038.0721633,1791471039.0921645,1791470991.1841602,GAZEBO_CLOCK_SYSTEM_INTERPOLATION,MAPPED_EXACT,0,47.9,1791471039.0841603,0.002644062042236328,0.0,RGB,0.0,0,1,0,UNCALIBRATED,PREPARATION,MID,TURNING,1.0,359,1.0,6.827123641967773,0.31598106026649475,nan,nan,False,0.0,0.0,0.0,0.0,0,0,0,0,0,0.0,0.0,0.0,0.0,0.0,0.0,0.0,0.0,0.0,0.0,0.0,0.0,0.0,0.0,6.489126422840622,-0.6285710270527627,-2.026266788363716,0.0,0.0,0.0,0.0,0.0,0.0,0.0,0.0,0.0,0.0,0.0,False,DISABLED,0,nan,nan,nan,nan,nan,nan,nan,nan,nan,nan,nan,nan,nan,nan,nan,nan,nan,nan,nan,nan,nan,nan,nan,nan,nan,nan,nan,nan,nan,nan,nan,nan,nan,nan,87.98321613315761,1.4618100113844315,0.10382372884569341,0.021984360231922014,0.021984360231922014,0.021984360231922014,87.97309172346395,1.4643447360055937,0.14447606311388203,0.010124409693659686,-0.002534724621162221,-0.04065233426818862,0.010436881744572761,0.041970713384486796,0.02642035484313965,False,DISABLED,none,MODEL_ORIGIN_FRAME_NOT_ESTABLISHED,nan,nan,nan,nan,nan,nan,nan,nan,nan,nan,nan,nan,nan,NOT_EVALUATED,nan,nan,nan,nan,DISABLED,nan,nan,nan,nan,nan,nan
1791471039.1361575,1791471039.1607509,1791471039.1638334,1791471039.1638556,front_rgbd_red_sphere,True,True,True,,47.952,47.952,1791471039.1607509,1791471039.149534,1791471039.1361575,1791471039.1361575,1791471039.1361575,0.0,1791471038.1521635,1791471039.148178,1791471039.139091,1791471039.148178,1791471039.143091,1791471039.1521664,1791471038.1481671,1791471039.148178,1791471038.1521635,1791471039.1521664,1791470991.1841576,GAZEBO_CLOCK_SYSTEM_INTERPOLATION,MAPPED_EXACT,0,47.952,1791471039.1361575,0.0007596015930175781,0.0,RGB,0.0,0,1,0,UNCALIBRATED,PREPARATION,MID,TURNING,1.0,360,1.0,6.8255815505981445,0.3156906068325043,nan,nan,False,0.0,0.0,0.0,0.0,0,0,0,0,0,0.0,0.0,0.0,0.0,0.0,0.0,0.0,0.0,0.0,0.0,0.0,0.0,0.0,0.0,6.488276213348019,-0.620491324485684,-2.026283528122458,0.0,0.0,0.0,0.0,0.0,0.0,0.0,0.0,0.0,0.0,0.0,False,DISABLED,0,nan,nan,nan,nan,nan,nan,nan,nan,nan,nan,nan,nan,nan,nan,nan,nan,nan,nan,nan,nan,nan,nan,nan,nan,nan,nan,nan,nan,nan,nan,nan,nan,nan,nan,87.97522142398178,1.6624085662359231,0.10739711799658475,0.021979786643880457,0.021979786643880457,0.021979786643880457,87.96489814877017,1.6721662626093192,0.14725584939536163,0.010323275211604255,-0.009757696373396074,-0.03985873139877688,0.014205021985548271,0.04231431339782972,0.024593353271484375,False,DISABLED,none,MODEL_ORIGIN_FRAME_NOT_ESTABLISHED,nan,nan,nan,nan,nan,nan,nan,nan,nan,nan,nan,nan,nan,NOT_EVALUATED,nan,nan,nan,nan,DISABLED,nan,nan,nan,nan,nan,nan
1791471039.1841571,1791471039.2081103,1791471039.2119753,1791471039.2120144,front_rgbd_red_sphere,True,True,True,,48.0,48.0,1791471039.2081103,1791471039.1970077,1791471039.1841571,1791471039.1841571,1791471039.1841571,0.0,1791471038.1921654,1791471039.1881728,1791471039.179091,1791471039.1881728,1791471039.183091,1791471039.1921775,1791471038.1881683,1791471039.1881728,1791471038.1921654,1791471039.1921775,1791470991.1841571,GAZEBO_CLOCK_SYSTEM_INTERPOLATION,MAPPED_EXACT,0,48.0,1791471039.1841571,0.00038886070251464844,0.0,RGB,0.0,0,1,0,UNCALIBRATED,PREPARATION,MID,TURNING,1.0,351,1.0,6.833863258361816,0.3137338161468506,nan,nan,False,0.0,0.0,0.0,0.0,0,0,0,0,0,0.0,0.0,0.0,0.0,0.0,0.0,0.0,0.0,0.0,0.0,0.0,0.0,0.0,0.0,6.500288177852282,-0.61597690193544,-2.017055993307851,0.0,0.0,0.0,0.0,0.0,0.0,0.0,0.0,0.0,0.0,0.0,False,DISABLED,0,nan,nan,nan,nan,nan,nan,nan,nan,nan,nan,nan,nan,nan,nan,nan,nan,nan,nan,nan,nan,nan,nan,nan,nan,nan,nan,nan,nan,nan,nan,nan,nan,nan,nan,87.9662503240616,1.8627351584970735,0.10985173682348753,0.022004350304236128,0.022004350304236128,0.022004350304236128,87.95639181203205,1.8639690384137846,0.14897448386067996,0.009858512029552458,-0.0012338799167110892,-0.03912274703719243,0.009935427473727212,0.04036461389412566,0.02395319938659668,False,DISABLED,none,MODEL_ORIGIN_FRAME_NOT_ESTABLISHED,nan,nan,nan,nan,nan,nan,nan,nan,nan,nan,nan,nan,nan,NOT_EVALUATED,nan,nan,nan,nan,DISABLED,nan,nan,nan,nan,nan,nan
1791471039.2361557,1791471039.2609632,1791471039.2667458,1791471039.2667792,front_rgbd_red_sphere,True,True,True,,48.052,48.052,1791471039.2609632,1791471039.249805,1791471039.2361557,1791471039.2361557,1791471039.2361557,0.0,1791471038.2321599,1791471039.252166,1791471039.2430909,1791471039.252166,1791471039.2430909,1791471039.252166,1791471038.2281573,1791471039.252166,1791471038.2321599,1791471039.252166,1791470991.1841557,GAZEBO_CLOCK_SYSTEM_INTERPOLATION,MAPPED_EXACT,0,48.052,1791471039.2361557,0.001142263412475586,0.0,RGB,0.0,0,1,0,UNCALIBRATED,PREPARATION,MID,TURNING,1.0,357,1.0,6.830842971801758,0.3132738769054413,nan,nan,False,0.0,0.0,0.0,0.0,0,0,0,0,0,0.0,0.0,0.0,0.0,0.0,0.0,0.0,0.0,0.0,0.0,0.0,0.0,0.0,0.0,6.498384055879544,-0.6091771670889798,-2.0150243477596472,0.0,0.0,0.0,0.0,0.0,0.0,0.0,0.0,0.0,0.0,0.0,False,DISABLED,0,nan,nan,nan,nan,nan,nan,nan,nan,nan,nan,nan,nan,nan,nan,nan,nan,nan,nan,nan,nan,nan,nan,nan,nan,nan,nan,nan,nan,nan,nan,nan,nan,nan,nan,87.95580814523845,2.062899809542368,0.11131922768152608,0.021995390233206968,0.021995390233206968,0.021995390233206968,87.94609984961508,2.0716292835220034,0.14985532527351542,0.009708295623369168,-0.008729473979635305,-0.03853609759198934,0.013055830876350183,0.04068765829451463,0.024807453155517578,False,DISABLED,none,MODEL_ORIGIN_FRAME_NOT_ESTABLISHED,nan,nan,nan,nan,nan,nan,nan,nan,nan,nan,nan,nan,nan,NOT_EVALUATED,nan,nan,nan,nan,DISABLED,nan,nan,nan,nan,nan,nan
1791471039.2841609,1791471039.3074524,1791471039.3136473,1791471039.31368,front_rgbd_red_sphere,True,True,True,,48.1,48.1,1791471039.299599,1791471039.3074524,1791471039.2841609,1791471039.2841609,1791471039.2841609,0.0,1791471038.27216,1791471039.2921789,1791471039.2830908,1791471039.2921789,1791471039.2830908,1791471039.2921789,1791471038.2681615,1791471039.2921789,1791471038.27216,1791471039.2921789,1791470991.184161,GAZEBO_CLOCK_SYSTEM_INTERPOLATION,MAPPED_EXACT,0,48.1,1791471039.2841609,0.0037140846252441406,0.0,RGB,0.0,0,1,0,UNCALIBRATED,PREPARATION,MID,TURNING,1.0,358,1.0,6.837611198425293,0.3114960491657257,nan,nan,False,0.0,0.0,0.0,0.0,0,0,0,0,0,0.0,0.0,0.0,0.0,0.0,0.0,0.0,0.0,0.0,0.0,0.0,0.0,0.0,0.0,6.5085589828164006,-0.6061281432495278,-2.0060402317348442,0.0,0.0,0.0,0.0,0.0,0.0,0.0,0.0,0.0,0.0,0.0,False,DISABLED,0,nan,nan,nan,nan,nan,nan,nan,nan,nan,nan,nan,nan,nan,nan,nan,nan,nan,nan,nan,nan,nan,nan,nan,nan,nan,nan,nan,nan,nan,nan,nan,nan,nan,nan,87.94444424181003,2.2626549598451535,0.11177076536605496,0.02201547101321172,0.02201547101321172,0.02201547101321172,87.93564398141419,2.263416354423561,0.1498058497303963,0.008800260395844361,-0.0007613945784075149,-0.03803508436434133,0.00883313674402786,0.03904730397020078,0.023291587829589844,False,DISABLED,none,MODEL_ORIGIN_FRAME_NOT_ESTABLISHED,nan,nan,nan,nan,nan,nan,nan,nan,nan,nan,nan,nan,nan,NOT_EVALUATED,nan,nan,nan,nan,DISABLED,nan,nan,nan,nan,nan,nan
1791471039.3361604,1791471039.3644242,1791471039.3707964,1791471039.3708208,front_rgbd_red_sphere,True,True,True,,48.152,48.152,1791471039.3644242,1791471039.353329,1791471039.3361604,1791471039.3361604,1791471039.3361604,0.0,1791471038.3321574,1791471039.3481655,1791471039.3390908,1791471039.3481655,1791471039.343091,1791471039.3521757,1791471038.3321574,1791471039.3481655,1791471038.3321574,1791471039.3521757,1791470991.1841605,GAZEBO_CLOCK_SYSTEM_INTERPOLATION,MAPPED_EXACT,0,48.152,1791471039.3361604,0.0012314319610595703,0.0,RGB,0.0,0,1,0,UNCALIBRATED,PREPARATION,MID,TURNING,1.0,357,1.0,6.83342981338501,0.3111913800239563,nan,nan,False,0.0,0.0,0.0,0.0,0,0,0,0,0,0.0,0.0,0.0,0.0,0.0,0.0,0.0,0.0,0.0,0.0,0.0,0.0,0.0,0.0,6.505216380130395,-0.6006858311195771,-2.0042700420570467,0.0,0.0,0.0,0.0,0.0,0.0,0.0,0.0,0.0,0.0,0.0,False,DISABLED,0,nan,nan,nan,nan,nan,nan,nan,nan,nan,nan,nan,nan,nan,nan,nan,nan,nan,nan,nan,nan,nan,nan,nan,nan,nan,nan,nan,nan,nan,nan,nan,nan,nan,nan,87.93203591024114,2.462611463651925,0.11180329167662167,0.02200306378732139,0.02200306378732139,0.02200306378732139,87.92323366341306,2.471034687554366,0.14876527841073098,0.008802246828082616,-0.008423223902440657,-0.0369619867341093,0.012183195399119974,0.03891810264472833,0.02826380729675293,False,DISABLED,none,MODEL_ORIGIN_FRAME_NOT_ESTABLISHED,nan,nan,nan,nan,nan,nan,nan,nan,nan,nan,nan,nan,nan,NOT_EVALUATED,nan,nan,nan,nan,DISABLED,nan,nan,nan,nan,nan,nan
1791471039.384159,1791471039.4001014,1791471039.4040117,1791471039.4040349,front_rgbd_red_sphere,True,True,True,,48.2,48.2,1791471039.4001014,1791471039.3993967,1791471039.384159,1791471039.384159,1791471039.384159,0.0,1791471038.392163,1791471039.388172,1791471039.379091,1791471039.388172,1791471039.383091,1791471039.3922272,1791471038.3881674,1791471039.388172,1791471038.392163,1791471039.3922272,1791470991.184159,GAZEBO_CLOCK_SYSTEM_INTERPOLATION,MAPPED_EXACT,0,48.2,1791471039.384159,0.004065752029418945,0.0,RGB,0.0,0,1,0,UNCALIBRATED,PREPARATION,MID,TURNING,1.0,357,1.0,6.839035511016846,0.30918583273887634,nan,nan,False,0.0,0.0,0.0,0.0,0,0,0,0,0,0.0,0.0,0.0,0.0,0.0,0.0,0.0,0.0,0.0,0.0,0.0,0.0,0.0,0.0,6.5147393692849525,-0.5989421931851933,-1.9929484341384232,0.0,0.0,0.0,0.0,0.0,0.0,0.0,0.0,0.0,0.0,0.0,False,DISABLED,0,nan,nan,nan,nan,nan,nan,nan,nan,nan,nan,nan,nan,nan,nan,nan,nan,nan,nan,nan,nan,nan,nan,nan,nan,nan,nan,nan,nan,nan,nan,nan,nan,nan,nan,87.91879033838386,2.662393579326587,0.11084063286413942,0.0220196969561083,0.0220196969561083,0.0220196969561083,87.91082716506801,2.6625846084217084,0.1469485822190919,0.007963173315843619,-0.00019102909512147548,-0.036107949354952484,0.007965464291134998,0.036976108881183814,0.01594233512878418,False,DISABLED,none,MODEL_ORIGIN_FRAME_NOT_ESTABLISHED,nan,nan,nan,nan,nan,nan,nan,nan,nan,nan,nan,nan,nan,NOT_EVALUATED,nan,nan,nan,nan,DISABLED,nan,nan,nan,nan,nan,nan
1791471039.4361598,1791471039.4538498,1791471039.4612372,1791471039.461257,front_rgbd_red_sphere,True,True,True,,48.252,48.252,1791471039.4538498,1791471039.4525898,1791471039.4361598,1791471039.4361598,1791471039.4361598,0.0,1791471038.4321632,1791471039.4521673,1791471039.443091,1791471039.4521673,1791471039.443091,1791471039.4521673,1791471038.4281669,1791471039.4521673,1791471038.4321632,1791471039.4521673,1791470991.1841598,GAZEBO_CLOCK_SYSTEM_INTERPOLATION,MAPPED_EXACT,0,48.252,1791471039.4361598,0.0012123584747314453,0.0,RGB,0.0,0,1,0,UNCALIBRATED,PREPARATION,MID,TURNING,1.0,354,1.0,6.833598613739014,0.3087741434574127,nan,nan,False,0.0,0.0,0.0,0.0,0,0,0,0,0,0.0,0.0,0.0,0.0,0.0,0.0,0.0,0.0,0.0,0.0,0.0,0.0,0.0,0.0,6.510415772434124,-0.5953010134598884,-1.9895151166294713,0.0,0.0,0.0,0.0,0.0,0.0,0.0,0.0,0.0,0.0,0.0,False,DISABLED,0,nan,nan,nan,nan,nan,nan,nan,nan,nan,nan,nan,nan,nan,nan,nan,nan,nan,nan,nan,nan,nan,nan,nan,nan,nan,nan,nan,nan,nan,nan,nan,nan,nan,nan,87.9043925356476,2.8619748594823564,0.10951747199343315,0.022003564178205214,0.022003564178205214,0.022003564178205214,87.89629660669978,2.869972273564283,0.1440148200300502,0.008095928947824405,-0.007997414081926557,-0.034497348036617054,0.011379925198612615,0.036325882220333,0.017689943313598633,False,DISABLED,none,MODEL_ORIGIN_FRAME_NOT_ESTABLISHED,nan,nan,nan,nan,nan,nan,nan,nan,nan,nan,nan,nan,nan,NOT_EVALUATED,nan,nan,nan,nan,DISABLED,nan,nan,nan,nan,nan,nan
1791471039.4841585,1791471039.503245,1791471039.506513,1791471039.5065324,front_rgbd_red_sphere,True,True,True,,48.3,48.3,1791471039.503245,1791471039.5013182,1791471039.4841585,1791471039.4841585,1791471039.4841585,0.0,1791471038.492179,1791471039.4921818,1791471039.4830909,1791471039.4921818,1791471039.4870908,1791471039.4961696,1791471038.492179,1791471039.4921818,1791471038.492179,1791471039.4961696,1791470991.1841586,GAZEBO_CLOCK_SYSTEM_INTERPOLATION,MAPPED_EXACT,0,48.3,1791471039.4841585,0.003250598907470703,0.0,RGB,0.0,0,1,0,UNCALIBRATED,PREPARATION,MID,TURNING,1.0,352,1.0,6.837806701660156,0.30691051483154297,nan,nan,False,0.0,0.0,0.0,0.0,0,0,0,0,0,0.0,0.0,0.0,0.0,0.0,0.0,0.0,0.0,0.0,0.0,0.0,0.0,0.0,0.0,6.5182860114929175,-0.5952456575364824,-1.978187953869341,0.0,0.0,0.0,0.0,0.0,0.0,0.0,0.0,0.0,0.0,0.0,False,DISABLED,0,nan,nan,nan,nan,nan,nan,nan,nan,nan,nan,nan,nan,nan,nan,nan,nan,nan,nan,nan,nan,nan,nan,nan,nan,nan,nan,nan,nan,nan,nan,nan,nan,nan,nan,87.88936907630378,3.061018843231884,0.10691971679739615,0.02201605012319851,0.02201605012319851,0.02201605012319851,87.88189295714572,3.061716251355023,0.14046851242678202,0.007476119158056349,-0.0006974081231390095,-0.03354879562938587,0.0075085774788356185,0.03437877868595651,0.019086599349975586,False,DISABLED,none,MODEL_ORIGIN_FRAME_NOT_ESTABLISHED,nan,nan,nan,nan,nan,nan,nan,nan,nan,nan,nan,nan,nan,NOT_EVALUATED,nan,nan,nan,nan,DISABLED,nan,nan,nan,nan,nan,nan
1791471039.5361667,1791471039.5631123,1791471039.5668108,1791471039.566832,front_rgbd_red_sphere,True,True,True,,48.352,48.352,1791471039.5631123,1791471039.5621724,1791471039.5361667,1791471039.5361667,1791471039.5361667,0.0,1791471038.5481668,1791471039.5481768,1791471039.5390909,1791471039.5481768,1791471039.5430908,1791471039.5521684,1791471038.5481668,1791471039.5481768,1791471038.5321805,1791471039.5521684,1791470991.1841667,GAZEBO_CLOCK_SYSTEM_INTERPOLATION,MAPPED_EXACT,0,48.352,1791471039.5361667,0.0031099319458007812,0.0,RGB,0.0,0,1,0,UNCALIBRATED,PREPARATION,MID,TURNING,1.0,351,1.0,6.831105709075928,0.306745707988739,nan,nan,False,0.0,0.0,0.0,0.0,0,0,0,0,0,0.0,0.0,0.0,0.0,0.0,0.0,0.0,0.0,0.0,0.0,0.0,0.0,0.0,0.0,6.512238318733331,-0.5933775609645249,-1.9755148306536618,0.0,0.0,0.0,0.0,0.0,0.0,0.0,0.0,0.0,0.0,0.0,False,DISABLED,0,nan,nan,nan,nan,nan,nan,nan,nan,nan,nan,nan,nan,nan,nan,nan,nan,nan,nan,nan,nan,nan,nan,nan,nan,nan,nan,nan,nan,nan,nan,nan,nan,nan,nan,87.8732385786361,3.2603755321544154,0.10360353438502662,0.021996169326975342,0.021996169326975342,0.021996169326975342,87.86521150076692,3.2690242209040363,0.13570953276228642,0.008027077869186883,-0.00864868874962088,-0.0321059983772598,0.011799737124436655,0.03420568560936058,0.02694559097290039,False,DISABLED,none,MODEL_ORIGIN_FRAME_NOT_ESTABLISHED,nan,nan,nan,nan,nan,nan,nan,nan,nan,nan,nan,nan,nan,NOT_EVALUATED,nan,nan,nan,nan,DISABLED,nan,nan,nan,nan,nan,nan
1791471039.5841565,1791471039.6097393,1791471039.613123,1791471039.6131465,front_rgbd_red_sphere,True,True,True,,48.4,48.4,1791471039.6097393,1791471039.5993683,1791471039.5841565,1791471039.5841565,1791471039.5841565,0.0,1791471038.572167,1791471039.5881763,1791471039.5790908,1791471039.5881763,1791471039.583091,1791471039.592175,1791471038.572167,1791471039.5881763,1791471038.572167,1791471039.592175,1791470991.1841564,GAZEBO_CLOCK_SYSTEM_INTERPOLATION,MAPPED_EXACT,0,48.4,1791471039.5841565,0.0018858909606933594,0.0,RGB,0.0,0,1,0,UNCALIBRATED,PREPARATION,MID,TURNING,1.0,352,1.0,6.833927154541016,0.305460125207901,nan,nan,False,0.0,0.0,0.0,0.0,0,0,0,0,0,0.0,0.0,0.0,0.0,0.0,0.0,0.0,0.0,0.0,0.0,0.0,0.0,0.0,0.0,6.517575574532595,-0.5947441610453037,-1.9672436479388713,0.0,0.0,0.0,0.0,0.0,0.0,0.0,0.0,0.0,0.0,0.0,False,DISABLED,0,nan,nan,nan,nan,nan,nan,nan,nan,nan,nan,nan,nan,nan,nan,nan,nan,nan,nan,nan,nan,nan,nan,nan,nan,nan,nan,nan,nan,nan,nan,nan,nan,nan,nan,87.85620282033159,3.4588279243768323,0.09903744150485322,0.022004539309759198,0.022004539309759198,0.022004539309759198,87.84884205113052,3.4603228324712507,0.13053320135760862,0.0073607692010710934,-0.0014949080944184345,-0.031495759852755406,0.007511036775452144,0.03237898334019513,0.02558279037475586,False,DISABLED,none,MODEL_ORIGIN_FRAME_NOT_ESTABLISHED,nan,nan,nan,nan,nan,nan,nan,nan,nan,nan,nan,nan,nan,NOT_EVALUATED,nan,nan,nan,nan,DISABLED,nan,nan,nan,nan,nan,nan
1791471039.6361842,1791471039.6616292,1791471039.665642,1791471039.6656783,front_rgbd_red_sphere,True,True,True,,48.452,48.452,1791471039.6616292,1791471039.6608124,1791471039.6361842,1791471039.6361842,1791471039.6361842,0.0,1791471038.632161,1791471039.6521673,1791471039.643121,1791471039.6521673,1791471039.643121,1791471039.6521673,1791471038.6281614,1791471039.6521673,1791471038.632161,1791471039.6521673,1791470991.1841843,GAZEBO_CLOCK_SYSTEM_INTERPOLATION,MAPPED_EXACT,0,48.452,1791471039.6361842,0.0017170906066894531,0.0,RGB,0.0,0,1,0,UNCALIBRATED,PREPARATION,MID,TURNING,1.0,352,1.0,6.826171875,0.30604538321495056,nan,nan,False,0.0,0.0,0.0,0.0,0,0,0,0,0,0.0,0.0,0.0,0.0,0.0,0.0,0.0,0.0,0.0,0.0,0.0,0.0,0.0,0.0,6.508976819161453,-0.59435731590942,-1.9689040403073044,0.0,0.0,0.0,0.0,0.0,0.0,0.0,0.0,0.0,0.0,0.0,False,DISABLED,0,nan,nan,nan,nan,nan,nan,nan,nan,nan,nan,nan,nan,nan,nan,nan,nan,nan,nan,nan,nan,nan,nan,nan,nan,nan,nan,nan,nan,nan,nan,nan,nan,nan,nan,87.83826759692944,3.6576944058630247,0.09403530375270736,0.021981537356225968,0.021981537356225968,0.021981537356225968,87.82999369623667,3.6674857374056975,0.12406676878557545,0.008273900692771008,-0.009791331542672754,-0.03003146503286809,0.01281903296088964,0.03265297073885857,0.025444984436035156,False,DISABLED,none,MODEL_ORIGIN_FRAME_NOT_ESTABLISHED,nan,nan,nan,nan,nan,nan,nan,nan,nan,nan,nan,nan,nan,NOT_EVALUATED,nan,nan,nan,nan,DISABLED,nan,nan,nan,nan,nan,nan
1791471039.6841602,1791471039.7093642,1791471039.7125266,1791471039.7125468,front_rgbd_red_sphere,True,True,True,,48.5,48.5,1791471039.700106,1791471039.7093642,1791471039.6841602,1791471039.6841602,1791471039.6841602,0.0,1791471038.6921756,1791471039.6921847,1791471039.683121,1791471039.6921847,1791471039.683121,1791471039.6921847,1791471038.6921756,1791471039.6921847,1791471038.6921756,1791471039.6921847,1791470991.1841602,GAZEBO_CLOCK_SYSTEM_INTERPOLATION,MAPPED_EXACT,0,48.5,1791471039.6841602,0.0014905929565429688,0.0,RGB,0.0,0,1,0,UNCALIBRATED,PREPARATION,MID,TURNING,1.0,356,1.0,6.828103542327881,0.3048957884311676,nan,nan,False,0.0,0.0,0.0,0.0,0,0,0,0,0,0.0,0.0,0.0,0.0,0.0,0.0,0.0,0.0,0.0,0.0,0.0,0.0,0.0,0.0,6.513179489850342,-0.5975731452141755,-1.9607138359352883,0.0,0.0,0.0,0.0,0.0,0.0,0.0,0.0,0.0,0.0,0.0,False,DISABLED,0,nan,nan,nan,nan,nan,nan,nan,nan,nan,nan,nan,nan,nan,nan,nan,nan,nan,nan,nan,nan,nan,nan,nan,nan,nan,nan,nan,nan,nan,nan,nan,nan,nan,nan,87.81926350370091,3.8562820736192784,0.08759859045823332,0.021987265790329506,0.021987265790329506,0.021987265790329506,87.81161897419183,3.8586021997485207,0.11738289206835702,0.007644529509079234,-0.0023201261292422615,-0.0297843016101237,0.00798885577982078,0.030837095178917116,0.025203943252563477,False,DISABLED,none,MODEL_ORIGIN_FRAME_NOT_ESTABLISHED,nan,nan,nan,nan,nan,nan,nan,nan,nan,nan,nan,nan,nan,NOT_EVALUATED,nan,nan,nan,nan,DISABLED,nan,nan,nan,nan,nan,nan
1791471039.7361634,1791471039.7541661,1791471039.7629075,1791471039.7629275,front_rgbd_red_sphere,True,True,True,,48.552,48.552,1791471039.7541661,1791471039.7527008,1791471039.7361634,1791471039.7361634,1791471039.7361634,0.0,1791471038.7521713,1791471039.7481737,1791471039.739121,1791471039.7481737,1791471039.743121,1791471039.7521763,1791471038.7321599,1791471039.7481737,1791471038.7521713,1791471039.7521763,1791470991.1841633,GAZEBO_CLOCK_SYSTEM_INTERPOLATION,MAPPED_EXACT,0,48.552,1791471039.7361634,0.002812623977661133,0.0,RGB,0.0,0,1,0,UNCALIBRATED,PREPARATION,MID,TURNING,1.0,356,1.0,6.8188605308532715,0.30497923493385315,nan,nan,False,0.0,0.0,0.0,0.0,0,0,0,0,0,0.0,0.0,0.0,0.0,0.0,0.0,0.0,0.0,0.0,0.0,0.0,0.0,0.0,0.0,6.5041916976490635,-0.5992084550688226,-1.9578805994974058,0.0,0.0,0.0,0.0,0.0,0.0,0.0,0.0,0.0,0.0,0.0,False,DISABLED,0,nan,nan,nan,nan,nan,nan,nan,nan,nan,nan,nan,nan,nan,nan,nan,nan,nan,nan,nan,nan,nan,nan,nan,nan,nan,nan,nan,nan,nan,nan,nan,nan,nan,nan,87.79920703768938,4.054817982850867,0.08083384193162418,0.0219598622901839,0.0219598622901839,0.0219598622901839,87.79059597812771,4.065454749189252,0.10937320867796503,0.008611059561673073,-0.010636766338384618,-0.028539366746340847,0.013685435503193654,0.03165101260930239,0.018002748489379883,False,DISABLED,none,MODEL_ORIGIN_FRAME_NOT_ESTABLISHED,nan,nan,nan,nan,nan,nan,nan,nan,nan,nan,nan,nan,nan,NOT_EVALUATED,nan,nan,nan,nan,DISABLED,nan,nan,nan,nan,nan,nan
1791471039.784188,1791471039.8026237,1791471039.8089256,1791471039.8089576,front_rgbd_red_sphere,True,True,True,,48.6,48.6,1791471039.8026237,1791471039.8018026,1791471039.784188,1791471039.784188,1791471039.784188,0.0,1791471038.7921755,1791471039.7881656,1791471039.779121,1791471039.7881656,1791471039.7831209,1791471039.7921844,1791471038.7721586,1791471039.7881656,1791471038.7921755,1791471039.7921844,1791470991.1841881,GAZEBO_CLOCK_SYSTEM_INTERPOLATION,MAPPED_EXACT,0,48.6,1791471039.784188,0.002772808074951172,0.0,RGB,0.0,0,1,0,UNCALIBRATED,PREPARATION,MID,TURNING,1.0,358,1.0,6.820060729980469,0.30331698060035706,nan,nan,False,0.0,0.0,0.0,0.0,0,0,0,0,0,0.0,0.0,0.0,0.0,0.0,0.0,0.0,0.0,0.0,0.0,0.0,0.0,0.0,0.0,6.508731975723754,-0.6040872440558918,-1.9454350677116246,0.0,0.0,0.0,0.0,0.0,0.0,0.0,0.0,0.0,0.0,0.0,False,DISABLED,0,nan,nan,nan,nan,nan,nan,nan,nan,nan,nan,nan,nan,nan,nan,nan,nan,nan,nan,nan,nan,nan,nan,nan,nan,nan,nan,nan,nan,nan,nan,nan,nan,nan,nan,87.77822423061411,4.253665915047328,0.0734141352606788,0.02196342056299437,0.02196342056299437,0.02196342056299437,87.77017828240442,4.256510796438778,0.10133938055280904,0.008045948209698395,-0.0028448813914492277,-0.027925245292130238,0.0085340865196319,0.02920017050207421,0.01843571662902832,False,DISABLED,none,MODEL_ORIGIN_FRAME_NOT_ESTABLISHED,nan,nan,nan,nan,nan,nan,nan,nan,nan,nan,nan,nan,nan,NOT_EVALUATED,nan,nan,nan,nan,DISABLED,nan,nan,nan,nan,nan,nan
1791471039.8361664,1791471039.8632543,1791471039.866776,1791471039.866797,front_rgbd_red_sphere,True,True,True,,48.652,48.652,1791471039.8632543,1791471039.8620856,1791471039.8361664,1791471039.8361664,1791471039.8361664,0.0,1791471038.8521671,1791471039.852172,1791471039.8431208,1791471039.852172,1791471039.8431208,1791471039.852172,1791471038.8521671,1791471039.852172,1791471038.8521671,1791471039.852172,1791470991.1841664,GAZEBO_CLOCK_SYSTEM_INTERPOLATION,MAPPED_EXACT,0,48.652,1791471039.8361664,0.003259897232055664,0.0,RGB,0.0,0,1,0,UNCALIBRATED,PREPARATION,MID,TURNING,1.0,356,1.0,6.810036659240723,0.3034219741821289,nan,nan,False,0.0,0.0,0.0,0.0,0,0,0,0,0,0.0,0.0,0.0,0.0,0.0,0.0,0.0,0.0,0.0,0.0,0.0,0.0,0.0,0.0,6.498951862913585,-0.607345509264638,-1.9419982947711851,0.0,0.0,0.0,0.0,0.0,0.0,0.0,0.0,0.0,0.0,0.0,False,DISABLED,0,nan,nan,nan,nan,nan,nan,nan,nan,nan,nan,nan,nan,nan,nan,nan,nan,nan,nan,nan,nan,nan,nan,nan,nan,nan,nan,nan,nan,nan,nan,nan,nan,nan,nan,87.7562111374481,4.451735661350922,0.06546041767387939,0.021933719011224196,0.021933719011224196,0.021933719011224196,87.74694742464116,4.463129309255661,0.09198057405220586,0.009263712806941271,-0.011393647904739623,-0.02652015637832647,0.014684399461560058,0.030314192746592406,0.027087926864624023,False,DISABLED,none,MODEL_ORIGIN_FRAME_NOT_ESTABLISHED,nan,nan,nan,nan,nan,nan,nan,nan,nan,nan,nan,nan,nan,NOT_EVALUATED,nan,nan,nan,nan,DISABLED,nan,nan,nan,nan,nan,nan
1791471039.8841598,1791471039.8989513,1791471039.9026403,1791471039.902664,front_rgbd_red_sphere,True,True,True,,48.7,48.7,1791471039.8989513,1791471039.8971038,1791471039.8841598,1791471039.8841598,1791471039.8841598,0.0,1791471038.8721635,1791471039.8921685,1791471039.883121,1791471039.8921685,1791471039.883121,1791471039.8921685,1791471038.868162,1791471039.8921685,1791471038.8721635,1791471039.8921685,1791470991.1841598,GAZEBO_CLOCK_SYSTEM_INTERPOLATION,MAPPED_EXACT,0,48.7,1791471039.8841598,0.0029816627502441406,0.0,RGB,0.0,0,1,0,UNCALIBRATED,PREPARATION,MID,TURNING,1.0,351,1.0,6.809885025024414,0.30226239562034607,nan,nan,False,0.0,0.0,0.0,0.0,0,0,0,0,0,0.0,0.0,0.0,0.0,0.0,0.0,0.0,0.0,0.0,0.0,0.0,0.0,0.0,0.0,6.501161922535525,-0.6134717932985811,-1.9321176221862535,0.0,0.0,0.0,0.0,0.0,0.0,0.0,0.0,0.0,0.0,0.0,False,DISABLED,0,nan,nan,nan,nan,nan,nan,nan,nan,nan,nan,nan,nan,nan,nan,nan,nan,nan,nan,nan,nan,nan,nan,nan,nan,nan,nan,nan,nan,nan,nan,nan,nan,nan,nan,87.73320050057235,4.649546175700595,0.05640839089387489,0.021933269105335173,0.021933269105335173,0.021933269105335173,87.72450334690377,4.653743957948247,0.08281052061971345,0.00869715366857804,-0.004197782247651993,-0.026402129725838552,0.009657217908567802,0.02811288515598444,0.014791488647460938,False,DISABLED,none,MODEL_ORIGIN_FRAME_NOT_ESTABLISHED,nan,nan,nan,nan,nan,nan,nan,nan,nan,nan,nan,nan,nan,NOT_EVALUATED,nan,nan,nan,nan,DISABLED,nan,nan,nan,nan,nan,nan
1791471039.9361603,1791471039.9511056,1791471039.960464,1791471039.9604864,front_rgbd_red_sphere,True,True,True,,48.752,48.752,1791471039.9511056,1791471039.9497778,1791471039.9361603,1791471039.9361603,1791471039.9361603,0.0,1791471038.95217,1791471039.9481726,1791471039.939121,1791471039.9481726,1791471039.943121,1791471039.9521737,1791471038.9321623,1791471039.9481726,1791471038.95217,1791471039.9521737,1791470991.1841602,GAZEBO_CLOCK_SYSTEM_INTERPOLATION,MAPPED_EXACT,0,48.752,1791471039.9361603,0.0012736320495605469,0.0,RGB,0.0,0,1,0,UNCALIBRATED,PREPARATION,MID,TURNING,1.0,359,1.0,6.798765659332275,0.3027966022491455,nan,nan,False,0.0,0.0,0.0,0.0,0,0,0,0,0,0.0,0.0,0.0,0.0,0.0,0.0,0.0,0.0,0.0,0.0,0.0,0.0,0.0,0.0,6.489464752327864,-0.6174396176805832,-1.9310181821129735,0.0,0.0,0.0,0.0,0.0,0.0,0.0,0.0,0.0,0.0,0.0,False,DISABLED,0,nan,nan,nan,nan,nan,nan,nan,nan,nan,nan,nan,nan,nan,nan,nan,nan,nan,nan,nan,nan,nan,nan,nan,nan,nan,nan,nan,nan,nan,nan,nan,nan,nan,nan,87.70921043317107,4.84741027228454,0.047005072978649365,0.021900346761337463,0.021900346761337463,0.021900346761337463,87.69903121309892,4.8601578346655,0.07233027411164941,0.010179220072146222,-0.012747562380960531,-0.025325201133000047,0.01631308885323882,0.03012445319604277,0.014945268630981445,False,DISABLED,none,MODEL_ORIGIN_FRAME_NOT_ESTABLISHED,nan,nan,nan,nan,nan,nan,nan,nan,nan,nan,nan,nan,nan,NOT_EVALUATED,nan,nan,nan,nan,DISABLED,nan,nan,nan,nan,nan,nan
1791471039.9841611,1791471040.0013952,1791471040.0046766,1791471040.004697,front_rgbd_red_sphere,True,True,True,,48.8,48.8,1791471040.0013952,1791471039.9994571,1791471039.9841611,1791471039.9841611,1791471039.9841611,0.0,1791471038.992183,1791471039.9881735,1791471039.979121,1791471039.9881735,1791471039.983121,1791471039.9922159,1791471038.9881682,1791471039.9881735,1791471038.992183,1791471039.9922159,1791470991.1841612,GAZEBO_CLOCK_SYSTEM_INTERPOLATION,MAPPED_EXACT,0,48.8,1791471039.9841611,0.0014317035675048828,0.0,RGB,0.0,0,1,0,UNCALIBRATED,PREPARATION,MID,TURNING,1.0,354,1.0,6.7984819412231445,0.30147936940193176,nan,nan,False,0.0,0.0,0.0,0.0,0,0,0,0,0,0.0,0.0,0.0,0.0,0.0,0.0,0.0,0.0,0.0,0.0,0.0,0.0,0.0,0.0,6.491858482122645,-0.6240654945970867,-1.9198100815210655,0.0,0.0,0.0,0.0,0.0,0.0,0.0,0.0,0.0,0.0,0.0,False,DISABLED,0,nan,nan,nan,nan,nan,nan,nan,nan,nan,nan,nan,nan,nan,nan,nan,nan,nan,nan,nan,nan,nan,nan,nan,nan,nan,nan,nan,nan,nan,nan,nan,nan,nan,nan,87.68414483496585,5.046019956139182,0.03704056030909092,0.021899506414572983,0.021899506414572983,0.021899506414572983,87.67448794330996,5.05069872418101,0.062230822185477895,0.009656891655893673,-0.004678768041827652,-0.025190261876386975,0.010730630309674107,0.027380571948808004,0.017234086990356445,False,DISABLED,none,MODEL_ORIGIN_FRAME_NOT_ESTABLISHED,nan,nan,nan,nan,nan,nan,nan,nan,nan,nan,nan,nan,nan,NOT_EVALUATED,nan,nan,nan,nan,DISABLED,nan,nan,nan,nan,nan,nan
1791471040.036159,1791471040.0608726,1791471040.0639238,1791471040.0639448,front_rgbd_red_sphere,True,True,True,,48.852,48.852,1791471040.0608726,1791471040.0600312,1791471040.036159,1791471040.036159,1791471040.036159,0.0,1791471039.0521777,1791471040.0521789,1791471040.0431209,1791471040.0521789,1791471040.0431209,1791471040.0521789,1791471039.0521777,1791471040.0521789,1791471039.0521777,1791471040.0521789,1791470991.184159,GAZEBO_CLOCK_SYSTEM_INTERPOLATION,MAPPED_EXACT,0,48.852,1791471040.036159,0.0008738040924072266,0.0,RGB,0.0,0,1,0,UNCALIBRATED,PREPARATION,MID,TURNING,1.0,355,1.0,6.787018775939941,0.3020603358745575,nan,nan,False,0.0,0.0,0.0,0.0,0,0,0,0,0,0.0,0.0,0.0,0.0,0.0,0.0,0.0,0.0,0.0,0.0,0.0,0.0,0.0,0.0,6.479740402586876,-0.6285027817853734,-1.9187419005418436,0.0,0.0,0.0,0.0,0.0,0.0,0.0,0.0,0.0,0.0,0.0,False,DISABLED,0,nan,nan,nan,nan,nan,nan,nan,nan,nan,nan,nan,nan,nan,nan,nan,nan,nan,nan,nan,nan,nan,nan,nan,nan,nan,nan,nan,nan,nan,nan,nan,nan,nan,nan,87.65794691527206,5.243974511330044,0.026844628810193838,0.021865592002618384,0.021865592002618384,0.021865592002618384,87.64674987681934,5.256826722302256,0.05088916692235939,0.01119703845272113,-0.012852210972211786,-0.024044538112165552,0.017045615183558398,0.02947359513214054,0.024713516235351562,False,DISABLED,none,MODEL_ORIGIN_FRAME_NOT_ESTABLISHED,nan,nan,nan,nan,nan,nan,nan,nan,nan,nan,nan,nan,nan,NOT_EVALUATED,nan,nan,nan,nan,DISABLED,nan,nan,nan,nan,nan,nan
1791471040.0841594,1791471040.0989728,1791471040.102845,1791471040.1028662,front_rgbd_red_sphere,True,True,True,,48.9,48.9,1791471040.0989728,1791471040.0984073,1791471040.0841594,1791471040.0841594,1791471040.0841594,0.0,1791471039.0921645,1791471040.0921688,1791471040.0831208,1791471040.0921688,1791471040.0831208,1791471040.0921688,1791471039.0921645,1791471040.0921688,1791471039.0921645,1791471040.0921688,1791470991.1841593,GAZEBO_CLOCK_SYSTEM_INTERPOLATION,MAPPED_EXACT,0,48.9,1791471040.0841594,0.00307464599609375,0.0,RGB,0.0,0,1,0,UNCALIBRATED,PREPARATION,MID,TURNING,1.0,354,1.0,6.785462856292725,0.30131790041923523,nan,nan,False,0.0,0.0,0.0,0.0,0,0,0,0,0,0.0,0.0,0.0,0.0,0.0,0.0,0.0,0.0,0.0,0.0,0.0,0.0,0.0,0.0,6.479751937369767,-0.6353232014878429,-1.910938516842971,0.0,0.0,0.0,0.0,0.0,0.0,0.0,0.0,0.0,0.0,0.0,False,DISABLED,0,nan,nan,nan,nan,nan,nan,nan,nan,nan,nan,nan,nan,nan,nan,nan,nan,nan,nan,nan,nan,nan,nan,nan,nan,nan,nan,nan,nan,nan,nan,nan,nan,nan,nan,87.63061342976317,5.4413927565937,0.01551261172492785,0.021860991314128896,0.021860991314128896,0.021860991314128896,87.62011607296787,5.446972439774969,0.040124191176302726,0.010497356795298174,-0.005579683181268891,-0.024611579451374876,0.011888118610239707,0.027332347268071686,0.014813423156738281,False,DISABLED,none,MODEL_ORIGIN_FRAME_NOT_ESTABLISHED,nan,nan,nan,nan,nan,nan,nan,nan,nan,nan,nan,nan,nan,NOT_EVALUATED,nan,nan,nan,nan,DISABLED,nan,nan,nan,nan,nan,nan
1791471040.1361558,1791471040.1482944,1791471040.1621096,1791471040.1621377,front_rgbd_red_sphere,True,True,True,,48.952,48.952,1791471040.1482944,1791471040.1465347,1791471040.1361558,1791471040.1361558,1791471040.1361558,0.0,1791471039.1321611,1791471040.1481724,1791471040.1391208,1791471040.1481724,1791471040.143121,1791471040.1521623,1791471039.1321611,1791471040.1481724,1791471039.1321611,1791471040.1521623,1791470991.184156,GAZEBO_CLOCK_SYSTEM_INTERPOLATION,MAPPED_EXACT,0,48.952,1791471040.1361558,0.0015702247619628906,0.0,RGB,0.0,0,1,0,UNCALIBRATED,PREPARATION,MID,TURNING,1.0,354,1.0,6.773712158203125,0.3020927309989929,nan,nan,False,0.0,0.0,0.0,0.0,0,0,0,0,0,0.0,0.0,0.0,0.0,0.0,0.0,0.0,0.0,0.0,0.0,0.0,0.0,0.0,0.0,6.466970941290273,-0.6394962170470198,-1.9111531504401258,0.0,0.0,0.0,0.0,0.0,0.0,0.0,0.0,0.0,0.0,0.0,False,DISABLED,0,nan,nan,nan,nan,nan,nan,nan,nan,nan,nan,nan,nan,nan,nan,nan,nan,nan,nan,nan,nan,nan,nan,nan,nan,nan,nan,nan,nan,nan,nan,nan,nan,nan,nan,87.60221620345315,5.6393230164937185,0.004178347920311742,0.021826256772591656,0.021826256772591656,0.021826256772591656,87.59008328065795,5.652762305801553,0.02820187373984598,0.012132922795203172,-0.013439289307834557,-0.024023525819534236,0.018105864040526675,0.030082421868191815,0.012138605117797852,False,DISABLED,none,MODEL_ORIGIN_FRAME_NOT_ESTABLISHED,nan,nan,nan,nan,nan,nan,nan,nan,nan,nan,nan,nan,nan,NOT_EVALUATED,nan,nan,nan,nan,DISABLED,nan,nan,nan,nan,nan,nan
1791471040.1841671,1791471040.2046218,1791471040.2079036,1791471040.2079256,front_rgbd_red_sphere,True,True,True,,49.0,49.0,1791471040.2046218,1791471040.1932907,1791471040.1841671,1791471040.1841671,1791471040.1841671,0.0,1791471039.1721582,1791471040.1881711,1791471040.179121,1791471040.1881711,1791471040.183121,1791471040.1921585,1791471039.1721582,1791471040.1881711,1791471039.1721582,1791471040.1921585,1791470991.1841671,GAZEBO_CLOCK_SYSTEM_INTERPOLATION,MAPPED_EXACT,0,49.0,1791471040.1841671,0.0008032321929931641,0.0,RGB,0.0,0,1,0,UNCALIBRATED,PREPARATION,MID,TURNING,1.0,360,1.0,6.7723774909973145,0.3009025454521179,nan,nan,False,0.0,0.0,0.0,0.0,0,0,0,0,0,0.0,0.0,0.0,0.0,0.0,0.0,0.0,0.0,0.0,0.0,0.0,0.0,0.0,0.0,6.468090205802507,-0.6460562839502817,-1.9003985980811464,0.0,0.0,0.0,0.0,0.0,0.0,0.0,0.0,0.0,0.0,0.0,False,DISABLED,0,nan,nan,nan,nan,nan,nan,nan,nan,nan,nan,nan,nan,nan,nan,nan,nan,nan,nan,nan,nan,nan,nan,nan,nan,nan,nan,nan,nan,nan,nan,nan,nan,nan,nan,87.57256652049365,5.837065424453485,-0.007572261615252651,0.021822313146538194,0.021822313146538194,0.021822313146538194,87.56132055645784,5.842551260957886,0.017033264667985912,0.011245964035808242,-0.005485836504401043,-0.024605526283238564,0.01251263798116574,0.02760431185381833,0.02045464515686035,False,DISABLED,none,MODEL_ORIGIN_FRAME_NOT_ESTABLISHED,nan,nan,nan,nan,nan,nan,nan,nan,nan,nan,nan,nan,nan,NOT_EVALUATED,nan,nan,nan,nan,DISABLED,nan,nan,nan,nan,nan,nan
1791471040.2361598,1791471040.2616694,1791471040.2652326,1791471040.265254,front_rgbd_red_sphere,True,True,True,,49.052,49.052,1791471040.2616694,1791471040.261198,1791471040.2361598,1791471040.2361598,1791471040.2361598,0.0,1791471039.252166,1791471040.2521694,1791471040.243121,1791471040.2521694,1791471040.243121,1791471040.2521694,1791471039.252166,1791471040.2521694,1791471039.252166,1791471040.2521694,1791470991.1841598,GAZEBO_CLOCK_SYSTEM_INTERPOLATION,MAPPED_EXACT,0,49.052,1791471040.2361598,0.0016949176788330078,0.0,RGB,0.0,0,1,0,UNCALIBRATED,PREPARATION,MID,TURNING,1.0,363,1.0,6.760203838348389,0.30132028460502625,nan,nan,False,0.0,0.0,0.0,0.0,0,0,0,0,0,0.0,0.0,0.0,0.0,0.0,0.0,0.0,0.0,0.0,0.0,0.0,0.0,0.0,0.0,6.455626199269718,-0.6502288934980864,-1.898012103027158,0.0,0.0,0.0,0.0,0.0,0.0,0.0,0.0,0.0,0.0,0.0,False,DISABLED,0,nan,nan,nan,nan,nan,nan,nan,nan,nan,nan,nan,nan,nan,nan,nan,nan,nan,nan,nan,nan,nan,nan,nan,nan,nan,nan,nan,nan,nan,nan,nan,nan,nan,nan,87.54186400489522,6.03417928992334,-0.019148630894814944,0.021786362006978883,0.021786362006978883,0.021786362006978883,87.52895266270438,6.048008061005434,0.004821734041024287,0.012911342190832897,-0.01382877108209346,-0.02397036493583923,0.018919240650980843,0.030537125961148288,0.02550959587097168,False,DISABLED,none,MODEL_ORIGIN_FRAME_NOT_ESTABLISHED,nan,nan,nan,nan,nan,nan,nan,nan,nan,nan,nan,nan,nan,NOT_EVALUATED,nan,nan,nan,nan,DISABLED,nan,nan,nan,nan,nan,nan
1791471040.2841592,1791471040.2937555,1791471040.3026023,1791471040.3026235,front_rgbd_red_sphere,True,True,True,,49.1,49.1,1791471040.2937555,1791471040.292998,1791471040.2841592,1791471040.2841592,1791471040.2841592,0.0,1791471039.2721555,1791471040.2921612,1791471040.2831209,1791471040.2921612,1791471040.2831209,1791471040.2921612,1791471039.2681613,1791471040.2921612,1791471039.2721555,1791471040.2921612,1791470991.1841593,GAZEBO_CLOCK_SYSTEM_INTERPOLATION,MAPPED_EXACT,0,49.1,1791471040.2841592,0.002273082733154297,0.0,RGB,0.0,0,1,0,UNCALIBRATED,PREPARATION,MID,TURNING,1.0,355,1.0,6.758790016174316,0.30014148354530334,nan,nan,False,0.0,0.0,0.0,0.0,0,0,0,0,0,0.0,0.0,0.0,0.0,0.0,0.0,0.0,0.0,0.0,0.0,0.0,0.0,0.0,0.0,6.456636140966217,-0.6566910694540979,-1.8872865354128106,0.0,0.0,0.0,0.0,0.0,0.0,0.0,0.0,0.0,0.0,0.0,False,DISABLED,0,nan,nan,nan,nan,nan,nan,nan,nan,nan,nan,nan,nan,nan,nan,nan,nan,nan,nan,nan,nan,nan,nan,nan,nan,nan,nan,nan,nan,nan,nan,nan,nan,nan,nan,87.51005411791623,6.231198691043765,-0.031103514534134236,0.021782188580200125,0.021782188580200125,0.021782188580200125,87.49802673152763,6.237419304956514,-0.006476045616763368,0.012027386388595573,-0.0062206139127489735,-0.024627468917370866,0.013540829398233336,0.0281045598803491,0.00959634780883789,False,DISABLED,none,MODEL_ORIGIN_FRAME_NOT_ESTABLISHED,nan,nan,nan,nan,nan,nan,nan,nan,nan,nan,nan,nan,nan,NOT_EVALUATED,nan,nan,nan,nan,DISABLED,nan,nan,nan,nan,nan,nan
1791471040.3361747,1791471040.3507264,1791471040.3607187,1791471040.3607395,front_rgbd_red_sphere,True,True,True,,49.152,49.152,1791471040.3507264,1791471040.3500738,1791471040.3361747,1791471040.3361747,1791471040.3361747,0.0,1791471039.3521757,1791471040.3481681,1791471040.3391209,1791471040.3481681,1791471040.3431208,1791471040.3521945,1791471039.3481655,1791471040.3481681,1791471039.3521757,1791471040.3521945,1791470991.1841748,GAZEBO_CLOCK_SYSTEM_INTERPOLATION,MAPPED_EXACT,0,49.152,1791471040.3361747,0.00121307373046875,0.0,RGB,0.0,0,1,0,UNCALIBRATED,PREPARATION,MID,TURNING,1.0,356,1.0,6.746456623077393,0.30025041103363037,nan,nan,False,0.0,0.0,0.0,0.0,0,0,0,0,0,0.0,0.0,0.0,0.0,0.0,0.0,0.0,0.0,0.0,0.0,0.0,0.0,0.0,0.0,6.444636689681937,-0.6604038945652757,-1.8828704725239396,0.0,0.0,0.0,0.0,0.0,0.0,0.0,0.0,0.0,0.0,0.0,False,DISABLED,0,nan,nan,nan,nan,nan,nan,nan,nan,nan,nan,nan,nan,nan,nan,nan,nan,nan,nan,nan,nan,nan,nan,nan,nan,nan,nan,nan,nan,nan,nan,nan,nan,nan,nan,87.47707354077897,6.427855967486309,-0.04321077681103608,0.021745798209518084,0.021745798209518084,0.021745798209518084,87.46326788824324,6.442598912364056,-0.01868151318428961,0.013805652535737067,-0.014742944877746744,-0.024529263626746466,0.020197783680537384,0.03177475790114237,0.014551639556884766,False,DISABLED,none,MODEL_ORIGIN_FRAME_NOT_ESTABLISHED,nan,nan,nan,nan,nan,nan,nan,nan,nan,nan,nan,nan,nan,NOT_EVALUATED,nan,nan,nan,nan,DISABLED,nan,nan,nan,nan,nan,nan
1791471040.3841584,1791471040.3948445,1791471040.4009643,1791471040.4009838,front_rgbd_red_sphere,True,True,True,,49.2,49.2,1791471040.3948445,1791471040.3939204,1791471040.3841584,1791471040.3841584,1791471040.3841584,0.0,1791471039.388172,1791471040.388202,1791471040.3791208,1791471040.388202,1791471040.383121,1791471040.3921642,1791471039.388172,1791471040.388202,1791471039.3721673,1791471040.3921642,1791470991.1841583,GAZEBO_CLOCK_SYSTEM_INTERPOLATION,MAPPED_EXACT,0,49.2,1791471040.3841584,0.001691579818725586,0.0,RGB,0.0,0,1,0,UNCALIBRATED,PREPARATION,MID,TURNING,1.0,362,1.0,6.745307445526123,0.29837730526924133,nan,nan,False,0.0,0.0,0.0,0.0,0,0,0,0,0,0.0,0.0,0.0,0.0,0.0,0.0,0.0,0.0,0.0,0.0,0.0,0.0,0.0,0.0,6.447264442649398,-0.6664375873526858,-1.867569085279099,0.0,0.0,0.0,0.0,0.0,0.0,0.0,0.0,0.0,0.0,0.0,False,DISABLED,0,nan,nan,nan,nan,nan,nan,nan,nan,nan,nan,nan,nan,nan,nan,nan,nan,nan,nan,nan,nan,nan,nan,nan,nan,nan,nan,nan,nan,nan,nan,nan,nan,nan,nan,87.44297261500304,6.62447231802881,-0.05518614709884945,0.02174240907994127,0.02174240907994127,0.02174240907994127,87.43015266198735,6.631544990908703,-0.029827211721553906,0.012819953015693386,-0.007072672879893105,-0.02535893537729554,0.01464151279719966,0.029282238651790488,0.010686159133911133,False,DISABLED,none,MODEL_ORIGIN_FRAME_NOT_ESTABLISHED,nan,nan,nan,nan,nan,nan,nan,nan,nan,nan,nan,nan,nan,NOT_EVALUATED,nan,nan,nan,nan,DISABLED,nan,nan,nan,nan,nan,nan
1791471040.4361587,1791471040.452505,1791471040.4640734,1791471040.4641166,front_rgbd_red_sphere,True,True,True,,49.252,49.252,1791471040.452505,1791471040.4517596,1791471040.4361587,1791471040.4361587,1791471040.4361587,0.0,1791471039.4521673,1791471040.4521732,1791471040.443121,1791471040.4521732,1791471040.443121,1791471040.4521732,1791471039.4521673,1791471040.4521732,1791471039.4521673,1791471040.4521732,1791470991.1841586,GAZEBO_CLOCK_SYSTEM_INTERPOLATION,MAPPED_EXACT,0,49.252,1791471040.4361587,0.002016782760620117,0.0,RGB,0.0,0,1,0,UNCALIBRATED,PREPARATION,MID,TURNING,1.0,360,1.0,6.733190059661865,0.2981974482536316,nan,nan,False,0.0,0.0,0.0,0.0,0,0,0,0,0,0.0,0.0,0.0,0.0,0.0,0.0,0.0,0.0,0.0,0.0,0.0,0.0,0.0,0.0,6.43603854126574,-0.6697620011851111,-1.86136425913858,0.0,0.0,0.0,0.0,0.0,0.0,0.0,0.0,0.0,0.0,0.0,False,DISABLED,0,nan,nan,nan,nan,nan,nan,nan,nan,nan,nan,nan,nan,nan,nan,nan,nan,nan,nan,nan,nan,nan,nan,nan,nan,nan,nan,nan,nan,nan,nan,nan,nan,nan,nan,87.40786276722095,6.8200866760462855,-0.0669289153732881,0.02170668932039804,0.02170668932039804,0.02170668932039804,87.3929659383653,6.836374306668271,-0.04172376149443974,0.014896828855654576,-0.016287630621985905,-0.025205153878848363,0.022072662305053184,0.03350376401673908,0.016346454620361328,False,DISABLED,none,MODEL_ORIGIN_FRAME_NOT_ESTABLISHED,nan,nan,nan,nan,nan,nan,nan,nan,nan,nan,nan,nan,nan,NOT_EVALUATED,nan,nan,nan,nan,DISABLED,nan,nan,nan,nan,nan,nan
1791471040.484157,1791471040.5046058,1791471040.508657,1791471040.508678,front_rgbd_red_sphere,True,True,True,,49.3,49.3,1791471040.5046058,1791471040.4933789,1791471040.484157,1791471040.484157,1791471040.484157,0.0,1791471039.4721572,1791471040.4921715,1791471040.483121,1791471040.4921715,1791471040.483121,1791471040.4921715,1791471039.4681647,1791471040.4921715,1791471039.4721572,1791471040.4921715,1791470991.1841571,GAZEBO_CLOCK_SYSTEM_INTERPOLATION,MAPPED_EXACT,0,49.3,1791471040.484157,0.00090789794921875,0.0,RGB,0.0,0,1,0,UNCALIBRATED,PREPARATION,MID,TURNING,1.0,363,1.0,6.731825351715088,0.296618789434433,nan,nan,False,0.0,0.0,0.0,0.0,0,0,0,0,0,0.0,0.0,0.0,0.0,0.0,0.0,0.0,0.0,0.0,0.0,0.0,0.0,0.0,0.0,6.437848001769902,-0.6752749212340436,-1.8481306867871359,0.0,0.0,0.0,0.0,0.0,0.0,0.0,0.0,0.0,0.0,0.0,False,DISABLED,0,nan,nan,nan,nan,nan,nan,nan,nan,nan,nan,nan,nan,nan,nan,nan,nan,nan,nan,nan,nan,nan,nan,nan,nan,nan,nan,nan,nan,nan,nan,nan,nan,nan,nan,87.37172156649443,7.015282337566369,-0.07905031290173964,0.021702667290321314,0.021702667290321314,0.021702667290321314,87.3575602378607,7.025138250366186,-0.05246058504160424,0.014161328633733206,-0.009855912799817013,-0.0265897278601354,0.01725347054334834,0.03169693791939924,0.020448684692382812,False,DISABLED,none,MODEL_ORIGIN_FRAME_NOT_ESTABLISHED,nan,nan,nan,nan,nan,nan,nan,nan,nan,nan,nan,nan,nan,NOT_EVALUATED,nan,nan,nan,nan,DISABLED,nan,nan,nan,nan,nan,nan
1791471040.53616,1791471040.5616734,1791471040.5673778,1791471040.5674238,front_rgbd_red_sphere,True,True,True,,49.352,49.352,1791471040.5516405,1791471040.5616734,1791471040.53616,1791471040.53616,1791471040.53616,0.0,1791471039.5321598,1791471040.548171,1791471040.539121,1791471040.548171,1791471040.5431209,1791471040.5521667,1791471039.5321598,1791471040.548171,1791471039.5321598,1791471040.5521667,1791470991.18416,GAZEBO_CLOCK_SYSTEM_INTERPOLATION,MAPPED_EXACT,0,49.352,1791471040.53616,0.001971006393432617,0.0,RGB,0.0,0,1,0,UNCALIBRATED,PREPARATION,MID,TURNING,1.0,362,1.0,6.720273494720459,0.29643484950065613,nan,nan,False,0.0,0.0,0.0,0.0,0,0,0,0,0,0.0,0.0,0.0,0.0,0.0,0.0,0.0,0.0,0.0,0.0,0.0,0.0,0.0,0.0,6.427161990809748,-0.6781702476753573,-1.8422132172425636,0.0,0.0,0.0,0.0,0.0,0.0,0.0,0.0,0.0,0.0,0.0,False,DISABLED,0,nan,nan,nan,nan,nan,nan,nan,nan,nan,nan,nan,nan,nan,nan,nan,nan,nan,nan,nan,nan,nan,nan,nan,nan,nan,nan,nan,nan,nan,nan,nan,nan,nan,nan,87.3343679749378,7.210524098693949,-0.09091744078418168,0.021668645139769155,0.021668645139769155,0.021668645139769155,87.31795877515854,7.2292693118324785,-0.06373789768011888,0.01640919977926103,-0.01874521313852906,-0.0271795431040628,0.024912744790660517,0.03686966797179208,0.025513410568237305,False,DISABLED,none,MODEL_ORIGIN_FRAME_NOT_ESTABLISHED,nan,nan,nan,nan,nan,nan,nan,nan,nan,nan,nan,nan,nan,NOT_EVALUATED,nan,nan,nan,nan,DISABLED,nan,nan,nan,nan,nan,nan
1791471040.5841641,1791471040.5952866,1791471040.600559,1791471040.6005778,front_rgbd_red_sphere,True,True,True,,49.4,49.4,1791471040.5952866,1791471040.5946066,1791471040.5841641,1791471040.5841641,1791471040.5841641,0.0,1791471039.572159,1791471040.5881753,1791471040.5791209,1791471040.5881753,1791471040.5831208,1791471040.5921655,1791471039.572159,1791471040.5881753,1791471039.572159,1791471040.5921655,1791470991.184164,GAZEBO_CLOCK_SYSTEM_INTERPOLATION,MAPPED_EXACT,0,49.4,1791471040.5841641,0.0011882781982421875,0.0,RGB,0.0,0,1,0,UNCALIBRATED,PREPARATION,MID,TURNING,1.0,359,1.0,6.719735622406006,0.2944160997867584,nan,nan,False,0.0,0.0,0.0,0.0,0,0,0,0,0,0.0,0.0,0.0,0.0,0.0,0.0,0.0,0.0,0.0,0.0,0.0,0.0,0.0,0.0,6.430597035713765,-0.6836475405411573,-1.8261690554822838,0.0,0.0,0.0,0.0,0.0,0.0,0.0,0.0,0.0,0.0,0.0,False,DISABLED,0,nan,nan,nan,nan,nan,nan,nan,nan,nan,nan,nan,nan,nan,nan,nan,nan,nan,nan,nan,nan,nan,nan,nan,nan,nan,nan,nan,nan,nan,nan,nan,nan,nan,nan,87.2957587512329,7.405339092792241,-0.10246241297880138,0.02166706141201865,0.02166706141201865,0.02166706141201865,87.28027366072152,7.4175298313648526,-0.07378555307926407,0.015485090511376143,-0.012190738572611437,-0.028676859899537305,0.019707920618149136,0.03479604041825676,0.011122465133666992,False,DISABLED,none,MODEL_ORIGIN_FRAME_NOT_ESTABLISHED,nan,nan,nan,nan,nan,nan,nan,nan,nan,nan,nan,nan,nan,NOT_EVALUATED,nan,nan,nan,nan,DISABLED,nan,nan,nan,nan,nan,nan
1791471040.6361635,1791471040.6602833,1791471040.6652563,1791471040.665278,front_rgbd_red_sphere,True,True,True,,49.452,49.452,1791471040.6602833,1791471040.6471565,1791471040.6361635,1791471040.6361635,1791471040.6361635,0.0,1791471039.6321583,1791471040.6521592,1791471040.6431499,1791471040.6521592,1791471040.6431499,1791471040.6521592,1791471039.6281607,1791471040.6521592,1791471039.6321583,1791471040.6521592,1791470991.1841636,GAZEBO_CLOCK_SYSTEM_INTERPOLATION,MAPPED_EXACT,0,49.452,1791471040.6361635,0.0005917549133300781,0.0,RGB,0.0,0,1,0,UNCALIBRATED,PREPARATION,MID,TURNING,1.0,365,1.0,6.708583354949951,0.29384705424308777,nan,nan,False,0.0,0.0,0.0,0.0,0,0,0,0,0,0.0,0.0,0.0,0.0,0.0,0.0,0.0,0.0,0.0,0.0,0.0,0.0,0.0,0.0,6.421031239418294,-0.6865941232870441,-1.817700351765028,0.0,0.0,0.0,0.0,0.0,0.0,0.0,0.0,0.0,0.0,0.0,False,DISABLED,0,nan,nan,nan,nan,nan,nan,nan,nan,nan,nan,nan,nan,nan,nan,nan,nan,nan,nan,nan,nan,nan,nan,nan,nan,nan,nan,nan,nan,nan,nan,nan,nan,nan,nan,87.25584360304313,7.599430362638115,-0.11338698986100665,0.02163424190611278,0.02163424190611278,0.02163424190611278,87.23814158775916,7.621270736764752,-0.08418523342424772,0.017702015283973083,-0.021840374126637307,-0.02920175643675893,0.02811340048989992,0.04053524227258666,0.024119853973388672,False,DISABLED,none,MODEL_ORIGIN_FRAME_NOT_ESTABLISHED,nan,nan,nan,nan,nan,nan,nan,nan,nan,nan,nan,nan,nan,NOT_EVALUATED,nan,nan,nan,nan,DISABLED,nan,nan,nan,nan,nan,nan
1791471040.6841745,1791471040.710318,1791471040.7165296,1791471040.7165606,front_rgbd_red_sphere,True,True,True,,49.5,49.5,1791471040.710318,1791471040.7076077,1791471040.6841745,1791471040.6841745,1791471040.6841745,0.0,1791471039.672162,1791471040.692181,1791471040.6831498,1791471040.692181,1791471040.6831498,1791471040.692181,1791471039.6681643,1791471040.692181,1791471039.672162,1791471040.692181,1791470991.1841745,GAZEBO_CLOCK_SYSTEM_INTERPOLATION,MAPPED_EXACT,0,49.5,1791471040.6841745,0.0025959014892578125,0.0,RGB,0.0,0,1,0,UNCALIBRATED,PREPARATION,MID,TURNING,1.0,360,1.0,6.70869779586792,0.29169967770576477,nan,nan,False,0.0,0.0,0.0,0.0,0,0,0,0,0,0.0,0.0,0.0,0.0,0.0,0.0,0.0,0.0,0.0,0.0,0.0,0.0,0.0,0.0,6.425298646577326,-0.6922683686538136,-1.8008129304025395,0.0,0.0,0.0,0.0,0.0,0.0,0.0,0.0,0.0,0.0,0.0,False,DISABLED,0,nan,nan,nan,nan,nan,nan,nan,nan,nan,nan,nan,nan,nan,nan,nan,nan,nan,nan,nan,nan,nan,nan,nan,nan,nan,nan,nan,nan,nan,nan,nan,nan,nan,nan,87.21454111722097,7.793522670532106,-0.12400235103609164,0.021634578928466965,0.021634578928466965,0.021634578928466965,87.19812574022635,7.809014137092092,-0.09329790141951357,0.016415376994629582,-0.015491466559986122,-0.030704449616578075,0.02257100214999286,0.03810791734419455,0.026143550872802734,False,DISABLED,none,MODEL_ORIGIN_FRAME_NOT_ESTABLISHED,nan,nan,nan,nan,nan,nan,nan,nan,nan,nan,nan,nan,nan,NOT_EVALUATED,nan,nan,nan,nan,DISABLED,nan,nan,nan,nan,nan,nan
1791471040.7361617,1791471040.7629611,1791471040.7666004,1791471040.7666242,front_rgbd_red_sphere,True,True,True,,49.552,49.552,1791471040.7629611,1791471040.7529824,1791471040.7361617,1791471040.7361617,1791471040.7361617,0.0,1791471039.7521763,1791471040.7481756,1791471040.7391498,1791471040.7481756,1791471040.74315,1791471040.7521765,1791471039.7481737,1791471040.7481756,1791471039.7521763,1791471040.7521765,1791470991.1841617,GAZEBO_CLOCK_SYSTEM_INTERPOLATION,MAPPED_EXACT,0,49.552,1791471040.7361617,0.0029897689819335938,0.0,RGB,0.0,0,1,0,UNCALIBRATED,PREPARATION,MID,TURNING,1.0,364,1.0,6.698232173919678,0.2910428047180176,nan,nan,False,0.0,0.0,0.0,0.0,0,0,0,0,0,0.0,0.0,0.0,0.0,0.0,0.0,0.0,0.0,0.0,0.0,0.0,0.0,0.0,0.0,6.416539158084581,-0.6951893191969347,-1.7919408420346095,0.0,0.0,0.0,0.0,0.0,0.0,0.0,0.0,0.0,0.0,0.0,False,DISABLED,0,nan,nan,nan,nan,nan,nan,nan,nan,nan,nan,nan,nan,nan,nan,nan,nan,nan,nan,nan,nan,nan,nan,nan,nan,nan,nan,nan,nan,nan,nan,nan,nan,nan,nan,87.171905482473,7.987022487130187,-0.1340520614597,0.02160380305358187,0.02160380305358187,0.02160380305358187,87.15342846701309,8.012226257001608,-0.10255848870343558,0.018477015459907875,-0.025203769871420256,-0.031493572756264424,0.031251081837869,0.04436750208194402,0.026799440383911133,False,DISABLED,none,MODEL_ORIGIN_FRAME_NOT_ESTABLISHED,nan,nan,nan,nan,nan,nan,nan,nan,nan,nan,nan,nan,nan,NOT_EVALUATED,nan,nan,nan,nan,DISABLED,nan,nan,nan,nan,nan,nan
1791471040.784159,1791471040.809967,1791471040.816389,1791471040.8164122,front_rgbd_red_sphere,True,True,True,,49.6,49.6,1791471040.809967,1791471040.7988205,1791471040.784159,1791471040.784159,1791471040.784159,0.0,1791471039.7881656,1791471040.7881787,1791471040.77915,1791471040.7881787,1791471040.78315,1791471040.7921646,1791471039.7881656,1791471040.7881787,1791471039.772161,1791471040.7921646,1791470991.184159,GAZEBO_CLOCK_SYSTEM_INTERPOLATION,MAPPED_EXACT,0,49.6,1791471040.784159,0.002208232879638672,0.0,RGB,0.0,0,1,0,UNCALIBRATED,PREPARATION,MID,TURNING,1.0,361,1.0,6.699156761169434,0.288943886756897,nan,nan,False,0.0,0.0,0.0,0.0,0,0,0,0,0,0.0,0.0,0.0,0.0,0.0,0.0,0.0,0.0,0.0,0.0,0.0,0.0,0.0,0.0,6.421445426577609,-0.7005439831395766,-1.7756624937356946,0.0,0.0,0.0,0.0,0.0,0.0,0.0,0.0,0.0,0.0,0.0,False,DISABLED,0,nan,nan,nan,nan,nan,nan,nan,nan,nan,nan,nan,nan,nan,nan,nan,nan,nan,nan,nan,nan,nan,nan,nan,nan,nan,nan,nan,nan,nan,nan,nan,nan,nan,nan,87.127848786132,8.180396647500528,-0.14348522545830272,0.02160652077774571,0.02160652077774571,0.02160652077774571,87.11101945827774,8.199463754157964,-0.11051394657668968,0.016829327854267717,-0.019067106657436383,-0.03297127888161304,0.025431886133601773,0.04163995753361893,0.025808095932006836,False,DISABLED,none,MODEL_ORIGIN_FRAME_NOT_ESTABLISHED,nan,nan,nan,nan,nan,nan,nan,nan,nan,nan,nan,nan,nan,NOT_EVALUATED,nan,nan,nan,nan,DISABLED,nan,nan,nan,nan,nan,nan
1791471040.8361576,1791471040.8563426,1791471040.8627353,1791471040.8627734,front_rgbd_red_sphere,True,True,True,,49.652,49.652,1791471040.8563426,1791471040.854572,1791471040.8361576,1791471040.8361576,1791471040.8361576,0.0,1791471039.8321612,1791471040.8521707,1791471040.84315,1791471040.8521707,1791471040.84315,1791471040.8521707,1791471039.8281624,1791471040.8521707,1791471039.8321612,1791471040.8521707,1791470991.1841576,GAZEBO_CLOCK_SYSTEM_INTERPOLATION,MAPPED_EXACT,0,49.652,1791471040.8361576,0.00182342529296875,0.0,RGB,0.0,0,1,0,UNCALIBRATED,PREPARATION,MID,TURNING,1.0,364,1.0,6.689640045166016,0.2881839871406555,nan,nan,False,0.0,0.0,0.0,0.0,0,0,0,0,0,0.0,0.0,0.0,0.0,0.0,0.0,0.0,0.0,0.0,0.0,0.0,0.0,0.0,0.0,6.41377013675542,-0.70341681547254,-1.7663647487908802,0.0,0.0,0.0,0.0,0.0,0.0,0.0,0.0,0.0,0.0,0.0,False,DISABLED,0,nan,nan,nan,nan,nan,nan,nan,nan,nan,nan,nan,nan,nan,nan,nan,nan,nan,nan,nan,nan,nan,nan,nan,nan,nan,nan,nan,nan,nan,nan,nan,nan,nan,nan,87.0823262688812,8.373471832888823,-0.15220026499217715,0.021578553140954804,0.021578553140954804,0.021578553140954804,87.06374497370452,8.40191296146175,-0.11840062092198492,0.018581295176687718,-0.028441128572927354,-0.03379964407019223,0.033972964618133976,0.047922627893477045,0.020184993743896484,False,DISABLED,none,MODEL_ORIGIN_FRAME_NOT_ESTABLISHED,nan,nan,nan,nan,nan,nan,nan,nan,nan,nan,nan,nan,nan,NOT_EVALUATED,nan,nan,nan,nan,DISABLED,nan,nan,nan,nan,nan,nan
1791471040.8841603,1791471040.9076438,1791471040.9128873,1791471040.9129207,front_rgbd_red_sphere,True,True,True,,49.7,49.7,1791471040.8996491,1791471040.9076438,1791471040.8841603,1791471040.8841603,1791471040.8841603,0.0,1791471039.8921685,1791471040.8921838,1791471040.8831499,1791471040.8921838,1791471040.8871498,1791471040.8961706,1791471039.8921685,1791471040.8921838,1791471039.8921685,1791471040.8961706,1791470991.1841602,GAZEBO_CLOCK_SYSTEM_INTERPOLATION,MAPPED_EXACT,0,49.7,1791471040.8841603,0.003803253173828125,0.0,RGB,0.0,0,1,0,UNCALIBRATED,PREPARATION,MID,TURNING,1.0,362,1.0,6.691474437713623,0.2861316204071045,nan,nan,False,0.0,0.0,0.0,0.0,0,0,0,0,0,0.0,0.0,0.0,0.0,0.0,0.0,0.0,0.0,0.0,0.0,0.0,0.0,0.0,0.0,6.419418304522757,-0.7089396793722837,-1.75051500892216,0.0,0.0,0.0,0.0,0.0,0.0,0.0,0.0,0.0,0.0,0.0,False,DISABLED,0,nan,nan,nan,nan,nan,nan,nan,nan,nan,nan,nan,nan,nan,nan,nan,nan,nan,nan,nan,nan,nan,nan,nan,nan,nan,nan,nan,nan,nan,nan,nan,nan,nan,nan,87.03575736650227,8.566307771142718,-0.16000147292209194,0.021583942001958928,0.021583942001958928,0.021583942001958928,87.0188617149429,8.588715513032474,-0.12500748949842144,0.016895651559366343,-0.02240774188975614,-0.034993983423670494,0.028063676491390972,0.04485698177619149,0.0234835147857666,False,DISABLED,none,MODEL_ORIGIN_FRAME_NOT_ESTABLISHED,nan,nan,nan,nan,nan,nan,nan,nan,nan,nan,nan,nan,nan,NOT_EVALUATED,nan,nan,nan,nan,DISABLED,nan,nan,nan,nan,nan,nan
1791471040.9361563,1791471040.960422,1791471040.9635794,1791471040.9635994,front_rgbd_red_sphere,True,True,True,,49.752,49.752,1791471040.960422,1791471040.95946,1791471040.9361563,1791471040.9361563,1791471040.9361563,0.0,1791471039.9321601,1791471040.9481685,1791471040.9391499,1791471040.9481685,1791471040.9431498,1791471040.9521704,1791471039.9321601,1791471040.9481685,1791471039.9321601,1791471040.9521704,1791470991.1841562,GAZEBO_CLOCK_SYSTEM_INTERPOLATION,MAPPED_EXACT,0,49.752,1791471040.9361563,0.0005581378936767578,0.0,RGB,0.0,0,1,0,UNCALIBRATED,PREPARATION,MID,TURNING,1.0,362,1.0,6.682762622833252,0.2855764925479889,nan,nan,False,0.0,0.0,0.0,0.0,0,0,0,0,0,0.0,0.0,0.0,0.0,0.0,0.0,0.0,0.0,0.0,0.0,0.0,0.0,0.0,0.0,6.412106792096308,-0.7114514979386541,-1.7429972991311802,0.0,0.0,0.0,0.0,0.0,0.0,0.0,0.0,0.0,0.0,0.0,False,DISABLED,0,nan,nan,nan,nan,nan,nan,nan,nan,nan,nan,nan,nan,nan,nan,nan,nan,nan,nan,nan,nan,nan,nan,nan,nan,nan,nan,nan,nan,nan,nan,nan,nan,nan,nan,86.9877207572585,8.759073441314003,-0.1670447495859388,0.02155835183676772,0.02155835183676772,0.02155835183676772,86.96889356803909,8.790586115397767,-0.1313346675786184,0.01882718921940807,-0.031512674083764125,-0.0357100820073204,0.0367084688023477,0.05121251447432046,0.024265766143798828,False,DISABLED,none,MODEL_ORIGIN_FRAME_NOT_ESTABLISHED,nan,nan,nan,nan,nan,nan,nan,nan,nan,nan,nan,nan,nan,NOT_EVALUATED,nan,nan,nan,nan,DISABLED,nan,nan,nan,nan,nan,nan
1791471040.9841583,1791471041.0002434,1791471041.0036514,1791471041.0036726,front_rgbd_red_sphere,True,True,True,,49.8,49.8,1791471041.0002434,1791471040.9984436,1791471040.9841583,1791471040.9841583,1791471040.9841583,0.0,1791471039.9721563,1791471040.988173,1791471040.9791498,1791471040.988173,1791471040.98315,1791471040.9922044,1791471039.9721563,1791471040.988173,1791471039.9721563,1791471040.9922044,1791470991.1841583,GAZEBO_CLOCK_SYSTEM_INTERPOLATION,MAPPED_EXACT,0,49.8,1791471040.9841583,0.00041604042053222656,0.0,RGB,0.0,0,1,0,UNCALIBRATED,PREPARATION,MID,TURNING,1.0,363,1.0,6.685677528381348,0.283770352602005,nan,nan,False,0.0,0.0,0.0,0.0,0,0,0,0,0,0.0,0.0,0.0,0.0,0.0,0.0,0.0,0.0,0.0,0.0,0.0,0.0,0.0,0.0,6.418295077955686,-0.716543742927449,-1.729259956564766,0.0,0.0,0.0,0.0,0.0,0.0,0.0,0.0,0.0,0.0,0.0,False,DISABLED,0,nan,nan,nan,nan,nan,nan,nan,nan,nan,nan,nan,nan,nan,nan,nan,nan,nan,nan,nan,nan,nan,nan,nan,nan,nan,nan,nan,nan,nan,nan,nan,nan,nan,nan,86.93823797948377,8.95183172048749,-0.17297394163353802,0.021566913023829078,0.021566913023829078,0.021566913023829078,86.92156242266466,8.976559993607243,-0.13641897953555007,0.01667555681910926,-0.02472827311975223,-0.03655496209798795,0.02982552072826897,0.04717867039985058,0.016085147857666016,False,DISABLED,none,MODEL_ORIGIN_FRAME_NOT_ESTABLISHED,nan,nan,nan,nan,nan,nan,nan,nan,nan,nan,nan,nan,nan,NOT_EVALUATED,nan,nan,nan,nan,DISABLED,nan,nan,nan,nan,nan,nan
1791471041.0361576,1791471041.052766,1791471041.0625486,1791471041.0625708,front_rgbd_red_sphere,True,True,True,,49.852,49.852,1791471041.052766,1791471041.0505233,1791471041.0361576,1791471041.0361576,1791471041.0361576,0.0,1791471040.0521789,1791471041.052181,1791471041.04315,1791471041.052181,1791471041.04315,1791471041.052181,1791471040.0521789,1791471041.052181,1791471040.0521789,1791471041.052181,1791470991.1841576,GAZEBO_CLOCK_SYSTEM_INTERPOLATION,MAPPED_EXACT,0,49.852,1791471041.0361576,0.0026361942291259766,0.0,RGB,0.0,0,1,0,UNCALIBRATED,PREPARATION,MID,TURNING,1.0,365,1.0,6.6781206130981445,0.28396275639533997,nan,nan,False,0.0,0.0,0.0,0.0,0,0,0,0,0,0.0,0.0,0.0,0.0,0.0,0.0,0.0,0.0,0.0,0.0,0.0,0.0,0.0,0.0,6.410680283958009,-0.7187239253564286,-1.7273991765824803,0.0,0.0,0.0,0.0,0.0,0.0,0.0,0.0,0.0,0.0,0.0,False,DISABLED,0,nan,nan,nan,nan,nan,nan,nan,nan,nan,nan,nan,nan,nan,nan,nan,nan,nan,nan,nan,nan,nan,nan,nan,nan,nan,nan,nan,nan,nan,nan,nan,nan,nan,nan,86.88737399746184,9.143726318919892,-0.17755061933958677,0.021544722204276966,0.021544722204276966,0.021544722204276966,86.86884975205557,9.177744456117011,-0.1410298022774881,0.018524245406268847,-0.0340181371971191,-0.03652081706209867,0.0387347560497506,0.05323674863397433,0.016608476638793945,False,DISABLED,none,MODEL_ORIGIN_FRAME_NOT_ESTABLISHED,nan,nan,nan,nan,nan,nan,nan,nan,nan,nan,nan,nan,nan,NOT_EVALUATED,nan,nan,nan,nan,DISABLED,nan,nan,nan,nan,nan,nan
1791471041.0841603,1791471041.0999331,1791471041.1034381,1791471041.1034613,front_rgbd_red_sphere,True,True,True,,49.9,49.9,1791471041.0999331,1791471041.0985384,1791471041.0841603,1791471041.0841603,1791471041.0841603,0.0,1791471040.0721605,1791471041.0921662,1791471041.08315,1791471041.0921662,1791471041.08315,1791471041.0921662,1791471040.0681715,1791471041.0921662,1791471040.0721605,1791471041.0921662,1791470991.1841602,GAZEBO_CLOCK_SYSTEM_INTERPOLATION,MAPPED_EXACT,0,49.9,1791471041.0841603,0.003920078277587891,0.0,RGB,0.0,0,1,0,UNCALIBRATED,PREPARATION,MID,TURNING,1.0,363,1.0,6.682171821594238,0.28305697441101074,nan,nan,False,0.0,0.0,0.0,0.0,0,0,0,0,0,0.0,0.0,0.0,0.0,0.0,0.0,0.0,0.0,0.0,0.0,0.0,0.0,0.0,0.0,6.416262447180609,-0.7236768489835637,-1.7202585369284442,0.0,0.0,0.0,0.0,0.0,0.0,0.0,0.0,0.0,0.0,0.0,False,DISABLED,0,nan,nan,nan,nan,nan,nan,nan,nan,nan,nan,nan,nan,nan,nan,nan,nan,nan,nan,nan,nan,nan,nan,nan,nan,nan,nan,nan,nan,nan,nan,nan,nan,nan,nan,86.83527575362922,9.335560014376568,-0.1813187616141167,0.02155661719331326,0.02155661719331326,0.02155661719331326,86.81891663942122,9.363198411982124,-0.14447605693208046,0.016359114208000847,-0.0276383976055552,-0.03684270468203624,0.03211699923518968,0.048876236845331184,0.01577281951904297,False,DISABLED,none,MODEL_ORIGIN_FRAME_NOT_ESTABLISHED,nan,nan,nan,nan,nan,nan,nan,nan,nan,nan,nan,nan,nan,NOT_EVALUATED,nan,nan,nan,nan,DISABLED,nan,nan,nan,nan,nan,nan
1791471041.1361763,1791471041.1517208,1791471041.1611028,1791471041.161134,front_rgbd_red_sphere,True,True,True,,49.952,49.952,1791471041.1517208,1791471041.1505277,1791471041.1361763,1791471041.1361763,1791471041.1361763,0.0,1791471040.1521623,1791471041.148173,1791471041.13915,1791471041.148173,1791471041.1431499,1791471041.1521747,1791471040.1481724,1791471041.148173,1791471040.1521623,1791471041.1521747,1791470991.1841764,GAZEBO_CLOCK_SYSTEM_INTERPOLATION,MAPPED_EXACT,0,49.952,1791471041.1361763,0.0011324882507324219,0.0,RGB,0.0,0,1,0,UNCALIBRATED,PREPARATION,MID,TURNING,1.0,364,1.0,6.6758856773376465,0.28398749232292175,nan,nan,False,0.0,0.0,0.0,0.0,0,0,0,0,0,0.0,0.0,0.0,0.0,0.0,0.0,0.0,0.0,0.0,0.0,0.0,0.0,0.0,0.0,6.408488817059138,-0.7257604342422184,-1.7239473496103015,0.0,0.0,0.0,0.0,0.0,0.0,0.0,0.0,0.0,0.0,0.0,False,DISABLED,0,nan,nan,nan,nan,nan,nan,nan,nan,nan,nan,nan,nan,nan,nan,nan,nan,nan,nan,nan,nan,nan,nan,nan,nan,nan,nan,nan,nan,nan,nan,nan,nan,nan,nan,86.78191268197035,9.526991069344781,-0.18377316633763557,0.021538162484093324,0.021538162484093324,0.021538162484093324,86.76336783489103,9.563709034403933,-0.14725659962356374,0.018544847079326132,-0.036717965059152036,-0.03651656671407183,0.04113539001007163,0.055005272073356384,0.015544414520263672,False,DISABLED,none,MODEL_ORIGIN_FRAME_NOT_ESTABLISHED,nan,nan,nan,nan,nan,nan,nan,nan,nan,nan,nan,nan,nan,NOT_EVALUATED,nan,nan,nan,nan,DISABLED,nan,nan,nan,nan,nan,nan
1791471041.1841598,1791471041.199599,1791471041.2029116,1791471041.2029316,front_rgbd_red_sphere,True,True,True,,50.0,50.0,1791471041.199599,1791471041.1981628,1791471041.1841598,1791471041.1841598,1791471041.1841598,0.0,1791471040.1921585,1791471041.188171,1791471041.1791499,1791471041.188171,1791471041.1831498,1791471041.1921782,1791471040.1721644,1791471041.188171,1791471040.1921585,1791471041.1921782,1791470991.1841598,GAZEBO_CLOCK_SYSTEM_INTERPOLATION,MAPPED_EXACT,0,50.0,1791471041.1841598,0.0035996437072753906,0.0,RGB,0.0,0,1,0,UNCALIBRATED,PREPARATION,MID,TURNING,1.0,365,1.0,6.681066036224365,0.28348323702812195,nan,nan,False,0.0,0.0,0.0,0.0,0,0,0,0,0,0.0,0.0,0.0,0.0,0.0,0.0,0.0,0.0,0.0,0.0,0.0,0.0,0.0,0.0,6.4144045142624675,-0.73082881813888,-1.7198678216995553,0.0,0.0,0.0,0.0,0.0,0.0,0.0,0.0,0.0,0.0,0.0,False,DISABLED,0,nan,nan,nan,nan,nan,nan,nan,nan,nan,nan,nan,nan,nan,nan,nan,nan,nan,nan,nan,nan,nan,nan,nan,nan,nan,nan,nan,nan,nan,nan,nan,nan,nan,nan,86.72705525202215,9.718318243306225,-0.18547852110769897,0.021553369551623836,0.021553369551623836,0.021553369551623836,86.71083723472368,9.748321621496725,-0.1489747134781339,0.0162180172984705,-0.03000337819050003,-0.036503807629565066,0.034106110712534506,0.04995752955653386,0.015439271926879883,False,DISABLED,none,MODEL_ORIGIN_FRAME_NOT_ESTABLISHED,nan,nan,nan,nan,nan,nan,nan,nan,nan,nan,nan,nan,nan,NOT_EVALUATED,nan,nan,nan,nan,DISABLED,nan,nan,nan,nan,nan,nan
1791471041.2361596,1791471041.250796,1791471041.2608588,1791471041.2608995,front_rgbd_red_sphere,True,True,True,,50.052,50.052,1791471041.250796,1791471041.2495337,1791471041.2361596,1791471041.2361596,1791471041.2361596,0.0,1791471040.2521694,1791471041.2521753,1791471041.24315,1791471041.2521753,1791471041.24315,1791471041.2521753,1791471040.2521694,1791471041.2521753,1791471040.2521694,1791471041.2521753,1791470991.1841595,GAZEBO_CLOCK_SYSTEM_INTERPOLATION,MAPPED_EXACT,0,50.052,1791471041.2361596,0.0011012554168701172,0.0,RGB,0.0,0,1,0,UNCALIBRATED,PREPARATION,MID,TURNING,1.0,363,1.0,6.676236152648926,0.28481438755989075,nan,nan,False,0.0,0.0,0.0,0.0,0,0,0,0,0,0.0,0.0,0.0,0.0,0.0,0.0,0.0,0.0,0.0,0.0,0.0,0.0,0.0,0.0,6.407276104876826,-0.733809608926089,-1.7264025388528808,0.0,0.0,0.0,0.0,0.0,0.0,0.0,0.0,0.0,0.0,0.0,False,DISABLED,0,nan,nan,nan,nan,nan,nan,nan,nan,nan,nan,nan,nan,nan,nan,nan,nan,nan,nan,nan,nan,nan,nan,nan,nan,nan,nan,nan,nan,nan,nan,nan,nan,nan,nan,86.67081480748321,9.909183578995563,-0.18539215883201526,0.02153919080182962,0.02153919080182962,0.02153919080182962,86.65244852310093,9.947852741445892,-0.1498552752566505,0.018366284382281606,-0.03866916245032925,-0.035536883575364775,0.04280916404954429,0.05563716941820303,0.014636516571044922,False,DISABLED,none,MODEL_ORIGIN_FRAME_NOT_ESTABLISHED,nan,nan,nan,nan,nan,nan,nan,nan,nan,nan,nan,nan,nan,NOT_EVALUATED,nan,nan,nan,nan,DISABLED,nan,nan,nan,nan,nan,nan
1791471041.2841573,1791471041.3022583,1791471041.305435,1791471041.305455,front_rgbd_red_sphere,True,True,True,,50.1,50.1,1791471041.3022583,1791471041.3003578,1791471041.2841573,1791471041.2841573,1791471041.2841573,0.0,1791471040.2921612,1791471041.2921836,1791471041.28315,1791471041.2921836,1791471041.28315,1791471041.2921836,1791471040.2921612,1791471041.2921836,1791471040.2921612,1791471041.2921836,1791470991.1841574,GAZEBO_CLOCK_SYSTEM_INTERPOLATION,MAPPED_EXACT,0,50.1,1791471041.2841573,0.0022063255310058594,0.0,RGB,0.0,0,1,0,UNCALIBRATED,PREPARATION,MID,TURNING,1.0,365,1.0,6.682926177978516,0.2848054766654968,nan,nan,False,0.0,0.0,0.0,0.0,0,0,0,0,0,0.0,0.0,0.0,0.0,0.0,0.0,0.0,0.0,0.0,0.0,0.0,0.0,0.0,0.0,6.413713127102859,-0.7401762565079402,-1.7256657320303601,0.0,0.0,0.0,0.0,0.0,0.0,0.0,0.0,0.0,0.0,0.0,False,DISABLED,0,nan,nan,nan,nan,nan,nan,nan,nan,nan,nan,nan,nan,nan,nan,nan,nan,nan,nan,nan,nan,nan,nan,nan,nan,nan,nan,nan,nan,nan,nan,nan,nan,nan,nan,86.61327914123395,10.100305370344365,-0.18466522534555535,0.02155883143059573,0.02155883143059573,0.02155883143059573,86.59720891232146,10.131717100005131,-0.14980623773912052,0.016070228912482776,-0.031411729660765886,-0.03485898760643483,0.03528383507472844,0.049599375344113086,0.018100976943969727,False,DISABLED,none,MODEL_ORIGIN_FRAME_NOT_ESTABLISHED,nan,nan,nan,nan,nan,nan,nan,nan,nan,nan,nan,nan,nan,NOT_EVALUATED,nan,nan,nan,nan,DISABLED,nan,nan,nan,nan,nan,nan
1791471041.3361657,1791471041.3542342,1791471041.3648286,1791471041.3648572,front_rgbd_red_sphere,True,True,True,,50.152,50.152,1791471041.3542342,1791471041.3530543,1791471041.3361657,1791471041.3361657,1791471041.3361657,0.0,1791471040.3481681,1791471041.3481836,1791471041.33915,1791471041.3481836,1791471041.34315,1791471041.352172,1791471040.3481681,1791471041.3481836,1791471040.332165,1791471041.352172,1791470991.1841657,GAZEBO_CLOCK_SYSTEM_INTERPOLATION,MAPPED_EXACT,0,50.152,1791471041.3361657,0.0027010440826416016,0.0,RGB,0.0,0,1,0,UNCALIBRATED,PREPARATION,MID,TURNING,1.0,359,1.0,6.6792378425598145,0.2863260507583618,nan,nan,False,0.0,0.0,0.0,0.0,0,0,0,0,0,0.0,0.0,0.0,0.0,0.0,0.0,0.0,0.0,0.0,0.0,0.0,0.0,0.0,0.0,6.407312736699534,-0.7442972385953031,-1.7333741226304173,0.0,0.0,0.0,0.0,0.0,0.0,0.0,0.0,0.0,0.0,0.0,False,DISABLED,0,nan,nan,nan,nan,nan,nan,nan,nan,nan,nan,nan,nan,nan,nan,nan,nan,nan,nan,nan,nan,nan,nan,nan,nan,nan,nan,nan,nan,nan,nan,nan,nan,nan,nan,86.55421586994821,10.290783673414909,-0.18255480648134353,0.021548002930152382,0.021548002930152382,0.021548002930152382,86.53581646046277,10.330484119287052,-0.14876555170316344,0.018399409485439833,-0.03970044587214261,-0.033789254778180094,0.043756869996148244,0.05528451329553861,0.018068552017211914,False,DISABLED,none,MODEL_ORIGIN_FRAME_NOT_ESTABLISHED,nan,nan,nan,nan,nan,nan,nan,nan,nan,nan,nan,nan,nan,NOT_EVALUATED,nan,nan,nan,nan,DISABLED,nan,nan,nan,nan,nan,nan
1791471041.3841584,1791471041.40107,1791471041.4054193,1791471041.4054403,front_rgbd_red_sphere,True,True,True,,50.2,50.2,1791471041.40107,1791471041.4000404,1791471041.3841584,1791471041.3841584,1791471041.3841584,0.0,1791471040.3921642,1791471041.3881779,1791471041.37915,1791471041.3881779,1791471041.3831499,1791471041.392183,1791471040.3721757,1791471041.3881779,1791471040.3921642,1791471041.392183,1791470991.1841583,GAZEBO_CLOCK_SYSTEM_INTERPOLATION,MAPPED_EXACT,0,50.2,1791471041.3841584,0.0013582706451416016,0.0,RGB,0.0,0,1,0,UNCALIBRATED,PREPARATION,MID,TURNING,1.0,360,1.0,6.687070369720459,0.2862572968006134,nan,nan,False,0.0,0.0,0.0,0.0,0,0,0,0,0,0.0,0.0,0.0,0.0,0.0,0.0,0.0,0.0,0.0,0.0,0.0,0.0,0.0,0.0,6.4149561209685,-0.7519039745174236,-1.7320189211256611,0.0,0.0,0.0,0.0,0.0,0.0,0.0,0.0,0.0,0.0,0.0,False,DISABLED,0,nan,nan,nan,nan,nan,nan,nan,nan,nan,nan,nan,nan,nan,nan,nan,nan,nan,nan,nan,nan,nan,nan,nan,nan,nan,nan,nan,nan,nan,nan,nan,nan,nan,nan,86.49357171297565,10.480992583006447,-0.18000884274412682,0.0215710038316992,0.0215710038316992,0.0215710038316992,86.47778988786966,10.51352686716354,-0.14694783391798927,0.015781825105989356,-0.032534284157092586,-0.03306100882613755,0.036160000681560854,0.048995672807835046,0.016911745071411133,False,DISABLED,none,MODEL_ORIGIN_FRAME_NOT_ESTABLISHED,nan,nan,nan,nan,nan,nan,nan,nan,nan,nan,nan,nan,nan,NOT_EVALUATED,nan,nan,nan,nan,DISABLED,nan,nan,nan,nan,nan,nan
1791471041.4361622,1791471041.4578173,1791471041.4625468,1791471041.4625669,front_rgbd_red_sphere,True,True,True,,50.252,50.252,1791471041.4578173,1791471041.4557817,1791471041.4361622,1791471041.4361622,1791471041.4361622,0.0,1791471040.4321604,1791471041.452169,1791471041.4431498,1791471041.452169,1791471041.4431498,1791471041.452169,1791471040.4281628,1791471041.452169,1791471040.4321604,1791471041.452169,1791470991.1841621,GAZEBO_CLOCK_SYSTEM_INTERPOLATION,MAPPED_EXACT,0,50.252,1791471041.4361622,0.0027675628662109375,0.0,RGB,0.0,0,1,0,UNCALIBRATED,PREPARATION,MID,TURNING,1.0,365,1.0,6.684704780578613,0.2877984046936035,nan,nan,False,0.0,0.0,0.0,0.0,0,0,0,0,0,0.0,0.0,0.0,0.0,0.0,0.0,0.0,0.0,0.0,0.0,0.0,0.0,0.0,0.0,6.40977033836079,-0.7576326994761455,-1.7395735535628942,0.0,0.0,0.0,0.0,0.0,0.0,0.0,0.0,0.0,0.0,0.0,False,DISABLED,0,nan,nan,nan,nan,nan,nan,nan,nan,nan,nan,nan,nan,nan,nan,nan,nan,nan,nan,nan,nan,nan,nan,nan,nan,nan,nan,nan,nan,nan,nan,nan,nan,nan,nan,86.43130873230506,10.671006872121144,-0.17639835838759582,0.021564055722246712,0.021564055722246712,0.021564055722246712,86.4133958764203,10.71118241438793,-0.14401426341507634,0.017912855884759438,-0.04017554226678577,-0.032384094972519484,0.043988005210266704,0.05462301904479111,0.02165508270263672,False,DISABLED,none,MODEL_ORIGIN_FRAME_NOT_ESTABLISHED,nan,nan,nan,nan,nan,nan,nan,nan,nan,nan,nan,nan,nan,NOT_EVALUATED,nan,nan,nan,nan,DISABLED,nan,nan,nan,nan,nan,nan
1791471041.484198,1791471041.5148063,1791471041.5191932,1791471041.5192168,front_rgbd_red_sphere,True,True,True,,50.3,50.3,1791471041.5148063,1791471041.50268,1791471041.484198,1791471041.484198,1791471041.484198,0.0,1791471040.4921715,1791471041.492174,1791471041.48315,1791471041.492174,1791471041.48315,1791471041.492174,1791471040.4921715,1791471041.492174,1791471040.4921715,1791471041.492174,1791470991.1841981,GAZEBO_CLOCK_SYSTEM_INTERPOLATION,MAPPED_EXACT,0,50.3,1791471041.484198,0.0030181407928466797,0.0,RGB,0.0,0,1,0,UNCALIBRATED,PREPARATION,MID,TURNING,1.0,359,1.0,6.693920612335205,0.2878741919994354,nan,nan,False,0.0,0.0,0.0,0.0,0,0,0,0,0,0.0,0.0,0.0,0.0,0.0,0.0,0.0,0.0,0.0,0.0,0.0,0.0,0.0,0.0,6.418463041169762,-0.7669530582413753,-1.7388756362450515,0.0,0.0,0.0,0.0,0.0,0.0,0.0,0.0,0.0,0.0,0.0,False,DISABLED,0,nan,nan,nan,nan,nan,nan,nan,nan,nan,nan,nan,nan,nan,nan,nan,nan,nan,nan,nan,nan,nan,nan,nan,nan,nan,nan,nan,nan,nan,nan,nan,nan,nan,nan,86.36775784063704,10.86070202091004,-0.17230958914475097,0.02159113032217052,0.02159113032217052,0.02159113032217052,86.3524342273355,10.893533680490584,-0.1404686128607172,0.015323613301546857,-0.03283165958054468,-0.03184097628403376,0.03623162976500112,0.04823462206909592,0.030608177185058594,False,DISABLED,none,MODEL_ORIGIN_FRAME_NOT_ESTABLISHED,nan,nan,nan,nan,nan,nan,nan,nan,nan,nan,nan,nan,nan,NOT_EVALUATED,nan,nan,nan,nan,DISABLED,nan,nan,nan,nan,nan,nan
1791471041.5361557,1791471041.5639684,1791471041.5687375,1791471041.5687578,front_rgbd_red_sphere,True,True,True,,50.352,50.352,1791471041.5639684,1791471041.5524442,1791471041.5361557,1791471041.5361557,1791471041.5361557,0.0,1791471040.5521667,1791471041.5481765,1791471041.53915,1791471041.5481765,1791471041.54315,1791471041.5521781,1791471040.548171,1791471041.5481765,1791471040.5521667,1791471041.5521781,1791470991.1841557,GAZEBO_CLOCK_SYSTEM_INTERPOLATION,MAPPED_EXACT,0,50.352,1791471041.5361557,0.004073143005371094,0.0,RGB,0.0,0,1,0,UNCALIBRATED,PREPARATION,MID,TURNING,1.0,362,1.0,6.692605018615723,0.2893611788749695,nan,nan,False,0.0,0.0,0.0,0.0,0,0,0,0,0,0.0,0.0,0.0,0.0,0.0,0.0,0.0,0.0,0.0,0.0,0.0,0.0,0.0,0.0,6.414369189637917,-0.7738779151459365,-1.7458365507453175,0.0,0.0,0.0,0.0,0.0,0.0,0.0,0.0,0.0,0.0,0.0,False,DISABLED,0,nan,nan,nan,nan,nan,nan,nan,nan,nan,nan,nan,nan,nan,nan,nan,nan,nan,nan,nan,nan,nan,nan,nan,nan,nan,nan,nan,nan,nan,nan,nan,nan,nan,nan,86.30289737995842,11.049484252429089,-0.16729259836811122,0.02158726476231715,0.02158726476231715,0.02158726476231715,86.28490512080425,11.090126431812788,-0.1357117677066146,0.017992259154169687,-0.04064217938369907,-0.03158083066149661,0.04444668867899584,0.054523912183533765,0.027812719345092773,False,DISABLED,none,MODEL_ORIGIN_FRAME_NOT_ESTABLISHED,nan,nan,nan,nan,nan,nan,nan,nan,nan,nan,nan,nan,nan,NOT_EVALUATED,nan,nan,nan,nan,DISABLED,nan,nan,nan,nan,nan,nan
1791471041.5841584,1791471041.6004553,1791471041.6057892,1791471041.6058245,front_rgbd_red_sphere,True,True,True,,50.4,50.4,1791471041.6004553,1791471041.5981534,1791471041.5841584,1791471041.5841584,1791471041.5841584,0.0,1791471040.5921655,1791471041.5881732,1791471041.57915,1791471041.5881732,1791471041.58315,1791471041.5921848,1791471040.5721657,1791471041.5881732,1791471040.5921655,1791471041.5921848,1791470991.1841583,GAZEBO_CLOCK_SYSTEM_INTERPOLATION,MAPPED_EXACT,0,50.4,1791471041.5841584,0.0006737709045410156,0.0,RGB,0.0,0,1,0,UNCALIBRATED,PREPARATION,MID,TURNING,1.0,363,1.0,6.703232288360596,0.2893472909927368,nan,nan,False,0.0,0.0,0.0,0.0,0,0,0,0,0,0.0,0.0,0.0,0.0,0.0,0.0,0.0,0.0,0.0,0.0,0.0,0.0,0.0,0.0,6.424581173084813,-0.7841054573470725,-1.7444942145094195,0.0,0.0,0.0,0.0,0.0,0.0,0.0,0.0,0.0,0.0,0.0,False,DISABLED,0,nan,nan,nan,nan,nan,nan,nan,nan,nan,nan,nan,nan,nan,nan,nan,nan,nan,nan,nan,nan,nan,nan,nan,nan,nan,nan,nan,nan,nan,nan,nan,nan,nan,nan,86.23625040015634,11.2384381283006,-0.16168494666522543,0.021618504317038396,0.021618504317038396,0.021618504317038396,86.22109477398097,11.27120151558646,-0.13053645884378948,0.01515562617537114,-0.03276338728585948,-0.03114848782143595,0.036098927286150946,0.047679773958912146,0.016296863555908203,False,DISABLED,none,MODEL_ORIGIN_FRAME_NOT_ESTABLISHED,nan,nan,nan,nan,nan,nan,nan,nan,nan,nan,nan,nan,nan,NOT_EVALUATED,nan,nan,nan,nan,DISABLED,nan,nan,nan,nan,nan,nan
1791471041.6361635,1791471041.657103,1791471041.66351,1791471041.6635337,front_rgbd_red_sphere,True,True,True,,50.452,50.452,1791471041.657103,1791471041.6556165,1791471041.6361635,1791471041.6361635,1791471041.6361635,0.0,1791471040.6521592,1791471041.6521654,1791471041.64318,1791471041.6521654,1791471041.64318,1791471041.6521654,1791471040.6521592,1791471041.6521654,1791471040.6521592,1791471041.6521654,1791470991.1841636,GAZEBO_CLOCK_SYSTEM_INTERPOLATION,MAPPED_EXACT,0,50.452,1791471041.6361635,0.0026390552520751953,0.0,RGB,0.0,0,1,0,UNCALIBRATED,PREPARATION,MID,TURNING,1.0,365,1.0,6.703483581542969,0.29048171639442444,nan,nan,False,0.0,0.0,0.0,0.0,0,0,0,0,0,0.0,0.0,0.0,0.0,0.0,0.0,0.0,0.0,0.0,0.0,0.0,0.0,0.0,0.0,6.422648061299896,-0.7925382901626179,-1.7487619617264754,0.0,0.0,0.0,0.0,0.0,0.0,0.0,0.0,0.0,0.0,0.0,False,DISABLED,0,nan,nan,nan,nan,nan,nan,nan,nan,nan,nan,nan,nan,nan,nan,nan,nan,nan,nan,nan,nan,nan,nan,nan,nan,nan,nan,nan,nan,nan,nan,nan,nan,nan,nan,86.16773142640689,11.427166195012695,-0.15535480023035037,0.021619243235313716,0.021619243235313716,0.021619243235313716,86.15031652758502,11.466707465821688,-0.12407362027172661,0.017414898821868974,-0.039541270808992834,-0.031281179958623756,0.043206374508468565,0.05334138185095927,0.02093958854675293,False,DISABLED,none,MODEL_ORIGIN_FRAME_NOT_ESTABLISHED,nan,nan,nan,nan,nan,nan,nan,nan,nan,nan,nan,nan,nan,NOT_EVALUATED,nan,nan,nan,nan,DISABLED,nan,nan,nan,nan,nan,nan
1791471041.684156,1791471041.6992123,1791471041.7026792,1791471041.7027016,front_rgbd_red_sphere,True,True,True,,50.5,50.5,1791471041.6992123,1791471041.6964412,1791471041.684156,1791471041.684156,1791471041.684156,0.0,1791471040.6721582,1791471041.6921656,1791471041.6831799,1791471041.6921656,1791471041.6831799,1791471041.6921656,1791471040.6681643,1791471041.6921656,1791471040.6721582,1791471041.6921656,1791470991.184156,GAZEBO_CLOCK_SYSTEM_INTERPOLATION,MAPPED_EXACT,0,50.5,1791471041.684156,0.0032367706298828125,0.0,RGB,0.0,0,1,0,UNCALIBRATED,PREPARATION,MID,TURNING,1.0,362,1.0,6.7150750160217285,0.29017698764801025,nan,nan,False,0.0,0.0,0.0,0.0,0,0,0,0,0,0.0,0.0,0.0,0.0,0.0,0.0,0.0,0.0,0.0,0.0,0.0,0.0,0.0,0.0,6.434339640684415,-0.8044973318509978,-1.7447897007758568,0.0,0.0,0.0,0.0,0.0,0.0,0.0,0.0,0.0,0.0,0.0,False,DISABLED,0,nan,nan,nan,nan,nan,nan,nan,nan,nan,nan,nan,nan,nan,nan,nan,nan,nan,nan,nan,nan,nan,nan,nan,nan,nan,nan,nan,nan,nan,nan,nan,nan,nan,nan,86.09781943077397,11.614941149847315,-0.14831828664165764,0.02165334353518849,0.02165334353518849,0.02165334353518849,86.08345914260767,11.646734715169522,-0.11738847373471106,0.014360288166301416,-0.03179356532220723,-0.030929812906946574,0.03488622467560333,0.04662297715263788,0.015056371688842773,False,DISABLED,none,MODEL_ORIGIN_FRAME_NOT_ESTABLISHED,nan,nan,nan,nan,nan,nan,nan,nan,nan,nan,nan,nan,nan,NOT_EVALUATED,nan,nan,nan,nan,DISABLED,nan,nan,nan,nan,nan,nan
1791471041.7361665,1791471041.7663682,1791471041.7698405,1791471041.7698598,front_rgbd_red_sphere,True,True,True,,50.552,50.552,1791471041.7570896,1791471041.7663682,1791471041.7361665,1791471041.7361665,1791471041.7361665,0.0,1791471040.7321603,1791471041.7481723,1791471041.7391798,1791471041.7481723,1791471041.74318,1791471041.7521663,1791471040.7321603,1791471041.7481723,1791471040.7321603,1791471041.7521663,1791470991.1841664,GAZEBO_CLOCK_SYSTEM_INTERPOLATION,MAPPED_EXACT,0,50.552,1791471041.7361665,0.002464771270751953,0.0,RGB,0.0,0,1,0,UNCALIBRATED,PREPARATION,MID,TURNING,1.0,365,1.0,6.716333866119385,0.29161936044692993,nan,nan,False,0.0,0.0,0.0,0.0,0,0,0,0,0,0.0,0.0,0.0,0.0,0.0,0.0,0.0,0.0,0.0,0.0,0.0,0.0,0.0,0.0,6.4327674703990025,-0.8139618206594275,-1.7510315812224997,0.0,0.0,0.0,0.0,0.0,0.0,0.0,0.0,0.0,0.0,0.0,False,DISABLED,0,nan,nan,nan,nan,nan,nan,nan,nan,nan,nan,nan,nan,nan,nan,nan,nan,nan,nan,nan,nan,nan,nan,nan,nan,nan,nan,nan,nan,nan,nan,nan,nan,nan,nan,86.02645841138492,11.802149905836357,-0.14048564488886933,0.021657048721596378,0.021657048721596378,0.021657048721596378,86.00932279495512,11.841066690936236,-0.1093763558082528,0.01713561642979755,-0.03891678509987884,-0.031109289080616526,0.04252229430474441,0.05268712727071638,0.03020167350769043,False,DISABLED,none,MODEL_ORIGIN_FRAME_NOT_ESTABLISHED,nan,nan,nan,nan,nan,nan,nan,nan,nan,nan,nan,nan,nan,NOT_EVALUATED,nan,nan,nan,nan,DISABLED,nan,nan,nan,nan,nan,nan
1791471041.7841575,1791471041.7987118,1791471041.802605,1791471041.802628,front_rgbd_red_sphere,True,True,True,,50.6,50.6,1791471041.7987118,1791471041.7965097,1791471041.7841575,1791471041.7841575,1791471041.7841575,0.0,1791471040.7921646,1791471041.7881706,1791471041.7791798,1791471041.7881706,1791471041.78318,1791471041.792176,1791471040.7721593,1791471041.7881706,1791471040.7921646,1791471041.792176,1791470991.1841576,GAZEBO_CLOCK_SYSTEM_INTERPOLATION,MAPPED_EXACT,0,50.6,1791471041.7841575,0.0029001235961914062,0.0,RGB,0.0,0,1,0,UNCALIBRATED,PREPARATION,MID,TURNING,1.0,362,1.0,6.728940010070801,0.29197168350219727,nan,nan,False,0.0,0.0,0.0,0.0,0,0,0,0,0,0.0,0.0,0.0,0.0,0.0,0.0,0.0,0.0,0.0,0.0,0.0,0.0,0.0,0.0,6.44415905874946,-0.8261324488812143,-1.7518420360783846,0.0,0.0,0.0,0.0,0.0,0.0,0.0,0.0,0.0,0.0,0.0,False,DISABLED,0,nan,nan,nan,nan,nan,nan,nan,nan,nan,nan,nan,nan,nan,nan,nan,nan,nan,nan,nan,nan,nan,nan,nan,nan,nan,nan,nan,nan,nan,nan,nan,nan,nan,nan,85.95356296943044,11.988407246688855,-0.13210735177896277,0.021694166869342873,0.021694166869342873,0.021694166869342873,85.93933013112752,12.019925277381615,-0.10134595731508035,0.014232838302916662,-0.03151803069276049,-0.030761394463882416,0.03458265381526935,0.04628415856715276,0.014554262161254883,False,DISABLED,none,MODEL_ORIGIN_FRAME_NOT_ESTABLISHED,nan,nan,nan,nan,nan,nan,nan,nan,nan,nan,nan,nan,nan,NOT_EVALUATED,nan,nan,nan,nan,DISABLED,nan,nan,nan,nan,nan,nan
1791471041.836165,1791471041.8545225,1791471041.8610482,1791471041.8610668,front_rgbd_red_sphere,True,True,True,,50.652,50.652,1791471041.8545225,1791471041.853603,1791471041.836165,1791471041.836165,1791471041.836165,0.0,1791471040.8521707,1791471041.8521729,1791471041.84318,1791471041.8521729,1791471041.84318,1791471041.8521729,1791471040.8521707,1791471041.8521729,1791471040.8521707,1791471041.8521729,1791470991.184165,GAZEBO_CLOCK_SYSTEM_INTERPOLATION,MAPPED_EXACT,0,50.652,1791471041.836165,0.001873016357421875,0.0,RGB,0.0,0,1,0,UNCALIBRATED,PREPARATION,MID,TURNING,1.0,358,1.0,6.731753826141357,0.29401326179504395,nan,nan,False,0.0,0.0,0.0,0.0,0,0,0,0,0,0.0,0.0,0.0,0.0,0.0,0.0,0.0,0.0,0.0,0.0,0.0,0.0,0.0,0.0,6.442884358970354,-0.8359724235631276,-1.7626394466973432,0.0,0.0,0.0,0.0,0.0,0.0,0.0,0.0,0.0,0.0,0.0,False,DISABLED,0,nan,nan,nan,nan,nan,nan,nan,nan,nan,nan,nan,nan,nan,nan,nan,nan,nan,nan,nan,nan,nan,nan,nan,nan,nan,nan,nan,nan,nan,nan,nan,nan,nan,nan,85.8788489143747,12.174376229243677,-0.12256602674499989,0.021702456422732233,0.021702456422732233,0.021702456422732233,85.86178577622265,12.212833423851544,-0.09198833881516622,0.017063138152053625,-0.038457194607866896,-0.030577687929833675,0.04207263363165437,0.05201059026619204,0.018357515335083008,False,DISABLED,none,MODEL_ORIGIN_FRAME_NOT_ESTABLISHED,nan,nan,nan,nan,nan,nan,nan,nan,nan,nan,nan,nan,nan,NOT_EVALUATED,nan,nan,nan,nan,DISABLED,nan,nan,nan,nan,nan,nan
1791471041.8841558,1791471041.9083061,1791471041.9127102,1791471041.9127316,front_rgbd_red_sphere,True,True,True,,50.7,50.7,1791471041.9083061,1791471041.8974788,1791471041.8841558,1791471041.8841558,1791471041.8841558,0.0,1791471040.8721626,1791471041.8921807,1791471041.88318,1791471041.8921807,1791471041.88318,1791471041.8921807,1791471040.86816,1791471041.8921807,1791471040.8721626,1791471041.8921807,1791470991.1841557,GAZEBO_CLOCK_SYSTEM_INTERPOLATION,MAPPED_EXACT,0,50.7,1791471041.8841558,0.0005960464477539062,0.0,RGB,0.0,0,1,0,UNCALIBRATED,PREPARATION,MID,TURNING,1.0,353,1.0,6.745299816131592,0.2946127653121948,nan,nan,False,0.0,0.0,0.0,0.0,0,0,0,0,0,0.0,0.0,0.0,0.0,0.0,0.0,0.0,0.0,0.0,0.0,0.0,0.0,0.0,0.0,6.454676291305081,-0.8489345614546782,-1.7650876865570266,0.0,0.0,0.0,0.0,0.0,0.0,0.0,0.0,0.0,0.0,0.0,False,DISABLED,0,nan,nan,nan,nan,nan,nan,nan,nan,nan,nan,nan,nan,nan,nan,nan,nan,nan,nan,nan,nan,nan,nan,nan,nan,nan,nan,nan,nan,nan,nan,nan,nan,nan,nan,85.80276520976628,12.359075201390517,-0.11293453793334324,0.02174238685189398,0.02174238685189398,0.02174238685189398,85.78856685669082,12.39039610591482,-0.08281166331492947,0.014198353075457248,-0.03132090452430347,-0.030122874618413772,0.03438883961804876,0.04571629759235273,0.024150371551513672,False,DISABLED,none,MODEL_ORIGIN_FRAME_NOT_ESTABLISHED,nan,nan,nan,nan,nan,nan,nan,nan,nan,nan,nan,nan,nan,NOT_EVALUATED,nan,nan,nan,nan,DISABLED,nan,nan,nan,nan,nan,nan
1791471041.9361603,1791471041.9628906,1791471041.966477,1791471041.966499,front_rgbd_red_sphere,True,True,True,,50.752,50.752,1791471041.9628906,1791471041.961936,1791471041.9361603,1791471041.9361603,1791471041.9361603,0.0,1791471040.9521704,1791471041.9481668,1791471041.93918,1791471041.9481668,1791471041.9431798,1791471041.9521732,1791471040.9321575,1791471041.9481668,1791471040.9521704,1791471041.9521732,1791470991.1841602,GAZEBO_CLOCK_SYSTEM_INTERPOLATION,MAPPED_EXACT,0,50.752,1791471041.9361603,0.0030689239501953125,0.0,RGB,0.0,0,1,0,UNCALIBRATED,PREPARATION,MID,TURNING,1.0,362,1.0,6.748105049133301,0.29645678400993347,nan,nan,False,0.0,0.0,0.0,0.0,0,0,0,0,0,0.0,0.0,0.0,0.0,0.0,0.0,0.0,0.0,0.0,0.0,0.0,0.0,0.0,0.0,6.4537363955001865,-0.859294848521305,-1.7742099768137711,0.0,0.0,0.0,0.0,0.0,0.0,0.0,0.0,0.0,0.0,0.0,False,DISABLED,0,nan,nan,nan,nan,nan,nan,nan,nan,nan,nan,nan,nan,nan,nan,nan,nan,nan,nan,nan,nan,nan,nan,nan,nan,nan,nan,nan,nan,nan,nan,nan,nan,nan,nan,85.72499171260982,12.543050675154914,-0.10285375371200439,0.021750660338603647,0.021750660338603647,0.021750660338603647,85.7073983571319,12.582005303866621,-0.07232541729559347,0.01759335547792773,-0.03895462871170707,-0.030528336416410923,0.042743294854745144,0.0525258848511212,0.02673029899597168,False,DISABLED,none,MODEL_ORIGIN_FRAME_NOT_ESTABLISHED,nan,nan,nan,nan,nan,nan,nan,nan,nan,nan,nan,nan,nan,NOT_EVALUATED,nan,nan,nan,nan,DISABLED,nan,nan,nan,nan,nan,nan
1791471041.984162,1791471042.008891,1791471042.0120378,1791471042.0120566,front_rgbd_red_sphere,True,True,True,,50.8,50.8,1791471042.008891,1791471041.9978714,1791471041.984162,1791471041.984162,1791471041.984162,0.0,1791471040.988173,1791471041.9881754,1791471041.9791799,1791471041.9881754,1791471041.9831798,1791471041.992177,1791471040.988173,1791471041.9881754,1791471040.9721599,1791471041.992177,1791470991.1841621,GAZEBO_CLOCK_SYSTEM_INTERPOLATION,MAPPED_EXACT,0,50.8,1791471041.984162,0.0010859966278076172,0.0,RGB,0.0,0,1,0,UNCALIBRATED,PREPARATION,MID,TURNING,1.0,359,1.0,6.76257848739624,0.2970275580883026,nan,nan,False,0.0,0.0,0.0,0.0,0,0,0,0,0,0.0,0.0,0.0,0.0,0.0,0.0,0.0,0.0,0.0,0.0,0.0,0.0,0.0,0.0,6.466449956838993,-0.872596119591984,-1.7765334583836303,0.0,0.0,0.0,0.0,0.0,0.0,0.0,0.0,0.0,0.0,0.0,False,DISABLED,0,nan,nan,nan,nan,nan,nan,nan,nan,nan,nan,nan,nan,nan,nan,nan,nan,nan,nan,nan,nan,nan,nan,nan,nan,nan,nan,nan,nan,nan,nan,nan,nan,nan,nan,85.64549138405974,12.726714780245953,-0.09218873982357317,0.021793372875446373,0.021793372875446373,0.021793372875446373,85.63092360038225,12.757985628531697,-0.06223863766398225,0.01456778367749223,-0.03127084828574489,-0.029950102159590923,0.03449762707468853,0.04568473369906205,0.024729013442993164,False,DISABLED,none,MODEL_ORIGIN_FRAME_NOT_ESTABLISHED,nan,nan,nan,nan,nan,nan,nan,nan,nan,nan,nan,nan,nan,NOT_EVALUATED,nan,nan,nan,nan,DISABLED,nan,nan,nan,nan,nan,nan
1791471042.0361605,1791471042.0517206,1791471042.0624313,1791471042.0624611,front_rgbd_red_sphere,True,True,True,,50.852,50.852,1791471042.0517206,1791471042.0504098,1791471042.0361605,1791471042.0361605,1791471042.0361605,0.0,1791471041.052181,1791471042.052229,1791471042.04318,1791471042.052229,1791471042.04318,1791471042.052229,1791471041.052181,1791471042.052229,1791471041.052181,1791471042.052229,1791470991.1841605,GAZEBO_CLOCK_SYSTEM_INTERPOLATION,MAPPED_EXACT,0,50.852,1791471042.0361605,0.0019223690032958984,0.0,RGB,0.0,0,1,0,UNCALIBRATED,PREPARATION,MID,TURNING,1.0,360,1.0,6.766262531280518,0.2989323139190674,nan,nan,False,0.0,0.0,0.0,0.0,0,0,0,0,0,0.0,0.0,0.0,0.0,0.0,0.0,0.0,0.0,0.0,0.0,0.0,0.0,0.0,0.0,6.466188539273106,-0.8832176320812035,-1.7862358128944615,0.0,0.0,0.0,0.0,0.0,0.0,0.0,0.0,0.0,0.0,0.0,False,DISABLED,0,nan,nan,nan,nan,nan,nan,nan,nan,nan,nan,nan,nan,nan,nan,nan,nan,nan,nan,nan,nan,nan,nan,nan,nan,nan,nan,nan,nan,nan,nan,nan,nan,nan,nan,85.56422745262911,12.90949823957651,-0.08077718947531037,0.021804250335536495,0.021804250335536495,0.021804250335536495,85.54610721605204,12.947947266557517,-0.050894205262413214,0.018120236577075843,-0.03844902698100583,-0.02988298421289716,0.0425049485283221,0.051958285141674686,0.015560150146484375,False,DISABLED,none,MODEL_ORIGIN_FRAME_NOT_ESTABLISHED,nan,nan,nan,nan,nan,nan,nan,nan,nan,nan,nan,nan,nan,NOT_EVALUATED,nan,nan,nan,nan,DISABLED,nan,nan,nan,nan,nan,nan
1791471042.0841615,1791471042.0985086,1791471042.1035733,1791471042.103597,front_rgbd_red_sphere,True,True,True,,50.9,50.9,1791471042.0985086,1791471042.097514,1791471042.0841615,1791471042.0841615,1791471042.0841615,0.0,1791471041.0921662,1791471042.0921795,1791471042.08318,1791471042.0921795,1791471042.08318,1791471042.0921795,1791471041.0921662,1791471042.0921795,1791471041.0921662,1791471042.0921795,1791470991.1841614,GAZEBO_CLOCK_SYSTEM_INTERPOLATION,MAPPED_EXACT,0,50.9,1791471042.0841615,0.003533601760864258,0.0,RGB,0.0,0,1,0,UNCALIBRATED,PREPARATION,MID,TURNING,1.0,356,1.0,6.781012535095215,0.29941582679748535,nan,nan,False,0.0,0.0,0.0,0.0,0,0,0,0,0,0.0,0.0,0.0,0.0,0.0,0.0,0.0,0.0,0.0,0.0,0.0,0.0,0.0,0.0,6.479318012176013,-0.8973875384348151,-1.7875295344142623,0.0,0.0,0.0,0.0,0.0,0.0,0.0,0.0,0.0,0.0,0.0,False,DISABLED,0,nan,nan,nan,nan,nan,nan,nan,nan,nan,nan,nan,nan,nan,nan,nan,nan,nan,nan,nan,nan,nan,nan,nan,nan,nan,nan,nan,nan,nan,nan,nan,nan,nan,nan,85.48108860794233,13.091853581247534,-0.06946631109965024,0.021847832531179882,0.021847832531179882,0.021847832531179882,85.46614938149078,13.122487670412426,-0.040130445960974245,0.01493922645154555,-0.03063408916489152,-0.02933586513867599,0.03408266283512898,0.04496911039110811,0.014347076416015625,False,DISABLED,none,MODEL_ORIGIN_FRAME_NOT_ESTABLISHED,nan,nan,nan,nan,nan,nan,nan,nan,nan,nan,nan,nan,nan,NOT_EVALUATED,nan,nan,nan,nan,DISABLED,nan,nan,nan,nan,nan,nan
1791471042.1361585,1791471042.159844,1791471042.1631632,1791471042.163187,front_rgbd_red_sphere,True,True,True,,50.952,50.952,1791471042.1508493,1791471042.159844,1791471042.1361585,1791471042.1361585,1791471042.1361585,0.0,1791471041.1321602,1791471042.1481671,1791471042.13918,1791471042.1481671,1791471042.14318,1791471042.1521704,1791471041.1321602,1791471042.1481671,1791471041.1321602,1791471042.1521704,1791470991.1841586,GAZEBO_CLOCK_SYSTEM_INTERPOLATION,MAPPED_EXACT,0,50.952,1791471042.1361585,0.003857135772705078,0.0,RGB,0.0,0,1,0,UNCALIBRATED,PREPARATION,MID,TURNING,1.0,358,1.0,6.785121440887451,0.3012968599796295,nan,nan,False,0.0,0.0,0.0,0.0,0,0,0,0,0,0.0,0.0,0.0,0.0,0.0,0.0,0.0,0.0,0.0,0.0,0.0,0.0,0.0,0.0,6.479468074630968,-0.9090340787227884,-1.796669270597544,0.0,0.0,0.0,0.0,0.0,0.0,0.0,0.0,0.0,0.0,0.0,False,DISABLED,0,nan,nan,nan,nan,nan,nan,nan,nan,nan,nan,nan,nan,nan,nan,nan,nan,nan,nan,nan,nan,nan,nan,nan,nan,nan,nan,nan,nan,nan,nan,nan,nan,nan,nan,85.39626152902767,13.273273110199288,-0.05769558219389109,0.021859980945578852,0.021859980945578852,0.021859980945578852,85.37754280964833,13.310702344414198,-0.028204639098461912,0.018718719379336335,-0.03742923421491007,-0.02949094309542918,0.04184899077775874,0.05119622792525615,0.023685455322265625,False,DISABLED,none,MODEL_ORIGIN_FRAME_NOT_ESTABLISHED,nan,nan,nan,nan,nan,nan,nan,nan,nan,nan,nan,nan,nan,NOT_EVALUATED,nan,nan,nan,nan,DISABLED,nan,nan,nan,nan,nan,nan
1791471042.1841617,1791471042.210505,1791471042.2152996,1791471042.2153745,front_rgbd_red_sphere,True,True,True,,51.0,51.0,1791471042.210505,1791471042.1993577,1791471042.1841617,1791471042.1841617,1791471042.1841617,0.0,1791471041.188171,1791471042.1881747,1791471042.17918,1791471042.1881747,1791471042.1831799,1791471042.192178,1791471041.188171,1791471042.1881747,1791471041.172156,1791471042.192178,1791470991.1841617,GAZEBO_CLOCK_SYSTEM_INTERPOLATION,MAPPED_EXACT,0,51.0,1791471042.1841617,0.002579212188720703,0.0,RGB,0.0,0,1,0,UNCALIBRATED,PREPARATION,MID,TURNING,1.0,353,1.0,6.800112247467041,0.3018862009048462,nan,nan,False,0.0,0.0,0.0,0.0,0,0,0,0,0,0.0,0.0,0.0,0.0,0.0,0.0,0.0,0.0,0.0,0.0,0.0,0.0,0.0,0.0,6.492593309050146,-0.9239049345619126,-1.7983765291626579,0.0,0.0,0.0,0.0,0.0,0.0,0.0,0.0,0.0,0.0,0.0,False,DISABLED,0,nan,nan,nan,nan,nan,nan,nan,nan,nan,nan,nan,nan,nan,nan,nan,nan,nan,nan,nan,nan,nan,nan,nan,nan,nan,nan,nan,nan,nan,nan,nan,nan,nan,nan,85.30949522364116,13.453908890818337,-0.04614354764259948,0.02190433220312126,0.02190433220312126,0.02190433220312126,85.29397932483735,13.483663558390647,-0.017028127776866894,0.015515898803812433,-0.029754667572310822,-0.029115419865732586,0.03355716552435371,0.044427368051537436,0.026343345642089844,False,DISABLED,none,MODEL_ORIGIN_FRAME_NOT_ESTABLISHED,nan,nan,nan,nan,nan,nan,nan,nan,nan,nan,nan,nan,nan,NOT_EVALUATED,nan,nan,nan,nan,DISABLED,nan,nan,nan,nan,nan,nan
1791471042.236175,1791471042.2611437,1791471042.26646,1791471042.266493,front_rgbd_red_sphere,True,True,True,,51.052,51.052,1791471042.2516916,1791471042.2611437,1791471042.236175,1791471042.236175,1791471042.236175,0.0,1791471041.2322056,1791471042.2521682,1791471042.24318,1791471042.2521682,1791471042.24318,1791471042.2521682,1791471041.2282348,1791471042.2521682,1791471041.2322056,1791471042.2521682,1791470991.184175,GAZEBO_CLOCK_SYSTEM_INTERPOLATION,MAPPED_EXACT,0,51.052,1791471042.236175,0.0012955665588378906,0.0,RGB,0.0,0,1,0,UNCALIBRATED,PREPARATION,MID,TURNING,1.0,360,1.0,6.804312705993652,0.3043554425239563,nan,nan,False,0.0,0.0,0.0,0.0,0,0,0,0,0,0.0,0.0,0.0,0.0,0.0,0.0,0.0,0.0,0.0,0.0,0.0,0.0,0.0,0.0,6.49158879148948,-0.9360439658993283,-1.8115658720219834,0.0,0.0,0.0,0.0,0.0,0.0,0.0,0.0,0.0,0.0,0.0,False,DISABLED,0,nan,nan,nan,nan,nan,nan,nan,nan,nan,nan,nan,nan,nan,nan,nan,nan,nan,nan,nan,nan,nan,nan,nan,nan,nan,nan,nan,nan,nan,nan,nan,nan,nan,nan,85.22071212949189,13.633422400939716,-0.03429353589041012,0.021916768090117816,0.021916768090117816,0.021916768090117816,85.20152721666996,13.669831155872979,-0.004824156684108329,0.01918491282192747,-0.036408754933262344,-0.029469379206301792,0.041154080183808166,0.05061721670123837,0.024968624114990234,False,DISABLED,none,MODEL_ORIGIN_FRAME_NOT_ESTABLISHED,nan,nan,nan,nan,nan,nan,nan,nan,nan,nan,nan,nan,nan,NOT_EVALUATED,nan,nan,nan,nan,DISABLED,nan,nan,nan,nan,nan,nan
1791471042.2841613,1791471042.3098905,1791471042.315881,1791471042.315918,front_rgbd_red_sphere,True,True,True,,51.1,51.1,1791471042.3098905,1791471042.2988164,1791471042.2841613,1791471042.2841613,1791471042.2841613,0.0,1791471041.2721577,1791471042.2921753,1791471042.28318,1791471042.2921753,1791471042.28318,1791471042.2921753,1791471041.2681608,1791471042.2921753,1791471041.2721577,1791471042.2921753,1791470991.1841614,GAZEBO_CLOCK_SYSTEM_INTERPOLATION,MAPPED_EXACT,0,51.1,1791471042.2841613,0.0021758079528808594,0.0,RGB,0.0,0,1,0,UNCALIBRATED,PREPARATION,MID,TURNING,1.0,355,1.0,6.819279670715332,0.30567166209220886,nan,nan,False,0.0,0.0,0.0,0.0,0,0,0,0,0,0.0,0.0,0.0,0.0,0.0,0.0,0.0,0.0,0.0,0.0,0.0,0.0,0.0,0.0,6.503172310941336,-0.9516502468183798,-1.8181550874950414,0.0,0.0,0.0,0.0,0.0,0.0,0.0,0.0,0.0,0.0,0.0,False,DISABLED,0,nan,nan,nan,nan,nan,nan,nan,nan,nan,nan,nan,nan,nan,nan,nan,nan,nan,nan,nan,nan,nan,nan,nan,nan,nan,nan,nan,nan,nan,nan,nan,nan,nan,nan,85.12993373536675,13.811810108933644,-0.022885836974535445,0.021961105211640984,0.021961105211640984,0.021961105211640984,85.114322863545,13.840889004779267,0.0064786645958732885,0.015610871821749583,-0.02907889584562362,-0.029364501570408735,0.03300426491585173,0.044176412881924434,0.02572917938232422,False,DISABLED,none,MODEL_ORIGIN_FRAME_NOT_ESTABLISHED,nan,nan,nan,nan,nan,nan,nan,nan,nan,nan,nan,nan,nan,NOT_EVALUATED,nan,nan,nan,nan,DISABLED,nan,nan,nan,nan,nan,nan
1791471042.3361607,1791471042.3545365,1791471042.3630178,1791471042.3630395,front_rgbd_red_sphere,True,True,True,,51.152,51.152,1791471042.3545365,1791471042.3537767,1791471042.3361607,1791471042.3361607,1791471042.3361607,0.0,1791471041.352172,1791471042.3482382,1791471042.33918,1791471042.3482382,1791471042.34318,1791471042.3521726,1791471041.3481836,1791471042.3482382,1791471041.352172,1791471042.3521726,1791470991.1841607,GAZEBO_CLOCK_SYSTEM_INTERPOLATION,MAPPED_EXACT,0,51.152,1791471042.3361607,0.002630472183227539,0.0,RGB,0.0,0,1,0,UNCALIBRATED,PREPARATION,MID,TURNING,1.0,356,1.0,6.8238844871521,0.3080398142337799,nan,nan,False,0.0,0.0,0.0,0.0,0,0,0,0,0,0.0,0.0,0.0,0.0,0.0,0.0,0.0,0.0,0.0,0.0,0.0,0.0,0.0,0.0,6.502682069068119,-0.9647275931733805,-1.8302521648473764,0.0,0.0,0.0,0.0,0.0,0.0,0.0,0.0,0.0,0.0,0.0,False,DISABLED,0,nan,nan,nan,nan,nan,nan,nan,nan,nan,nan,nan,nan,nan,nan,nan,nan,nan,nan,nan,nan,nan,nan,nan,nan,nan,nan,nan,nan,nan,nan,nan,nan,nan,nan,85.03702489344336,13.989971075354397,-0.011575333995215098,0.021974754458312186,0.021974754458312186,0.021974754458312186,85.01776831213601,14.025087930541543,0.018676678724884696,0.019256581307345755,-0.035116855187146356,-0.030252012720099794,0.04005008666509257,0.05019157016370882,0.018375873565673828,False,DISABLED,none,MODEL_ORIGIN_FRAME_NOT_ESTABLISHED,nan,nan,nan,nan,nan,nan,nan,nan,nan,nan,nan,nan,nan,NOT_EVALUATED,nan,nan,nan,nan,DISABLED,nan,nan,nan,nan,nan,nan
1791471042.3841627,1791471042.3999743,1791471042.4055648,1791471042.405602,front_rgbd_red_sphere,True,True,True,,51.2,51.2,1791471042.3999743,1791471042.399308,1791471042.3841627,1791471042.3841627,1791471042.3841627,0.0,1791471041.3721893,1791471042.3881702,1791471042.37918,1791471042.3881702,1791471042.38318,1791471042.39217,1791471041.3721893,1791471042.3881702,1791471041.3721893,1791471042.39217,1791470991.1841626,GAZEBO_CLOCK_SYSTEM_INTERPOLATION,MAPPED_EXACT,0,51.2,1791471042.3841627,0.0040760040283203125,0.0,RGB,0.0,0,1,0,UNCALIBRATED,PREPARATION,MID,TURNING,1.0,353,1.0,6.838449478149414,0.3088327944278717,nan,nan,False,0.0,0.0,0.0,0.0,0,0,0,0,0,0.0,0.0,0.0,0.0,0.0,0.0,0.0,0.0,0.0,0.0,0.0,0.0,0.0,0.0,6.514915547746511,-0.981377751747214,-1.832256690324626,0.0,0.0,0.0,0.0,0.0,0.0,0.0,0.0,0.0,0.0,0.0,False,DISABLED,0,nan,nan,nan,nan,nan,nan,nan,nan,nan,nan,nan,nan,nan,nan,nan,nan,nan,nan,nan,nan,nan,nan,nan,nan,nan,nan,nan,nan,nan,nan,nan,nan,nan,nan,84.94243271476978,14.16646486601423,-0.0007954652351269131,0.022017958334941412,0.022017958334941412,0.022017958334941412,84.92672853937601,14.19420933753692,0.029836291219950177,0.015704175393764785,-0.02774447152268955,-0.03063175645507709,0.031880665376862176,0.04421177816368186,0.015811681747436523,False,DISABLED,none,MODEL_ORIGIN_FRAME_NOT_ESTABLISHED,nan,nan,nan,nan,nan,nan,nan,nan,nan,nan,nan,nan,nan,NOT_EVALUATED,nan,nan,nan,nan,DISABLED,nan,nan,nan,nan,nan,nan
1791471042.4361596,1791471042.4557478,1791471042.4619582,1791471042.4619784,front_rgbd_red_sphere,True,True,True,,51.252,51.252,1791471042.4557478,1791471042.4548032,1791471042.4361596,1791471042.4361596,1791471042.4361596,0.0,1791471041.4321601,1791471042.452166,1791471042.4431798,1791471042.452166,1791471042.4431798,1791471042.452166,1791471041.4281573,1791471042.452166,1791471041.4321601,1791471042.452166,1791470991.1841595,GAZEBO_CLOCK_SYSTEM_INTERPOLATION,MAPPED_EXACT,0,51.252,1791471042.4361596,0.0012395381927490234,0.0,RGB,0.0,0,1,0,UNCALIBRATED,PREPARATION,MID,TURNING,1.0,355,1.0,6.841771125793457,0.3111044764518738,nan,nan,False,0.0,0.0,0.0,0.0,0,0,0,0,0,0.0,0.0,0.0,0.0,0.0,0.0,0.0,0.0,0.0,0.0,0.0,0.0,0.0,0.0,6.513339301988721,-0.9954756136778045,-1.8426267770826987,0.0,0.0,0.0,0.0,0.0,0.0,0.0,0.0,0.0,0.0,0.0,False,DISABLED,0,nan,nan,nan,nan,nan,nan,nan,nan,nan,nan,nan,nan,nan,nan,nan,nan,nan,nan,nan,nan,nan,nan,nan,nan,nan,nan,nan,nan,nan,nan,nan,nan,nan,nan,84.84586205048134,14.341607615455079,0.009308163241173395,0.022027817418995243,0.022027817418995243,0.022027817418995243,84.82593237144968,14.376230239860295,0.041726438073700356,0.019929679031662317,-0.03462262440521613,-0.03241827483252696,0.039948945255284876,0.05144767021087543,0.019588232040405273,False,DISABLED,none,MODEL_ORIGIN_FRAME_NOT_ESTABLISHED,nan,nan,nan,nan,nan,nan,nan,nan,nan,nan,nan,nan,nan,NOT_EVALUATED,nan,nan,nan,nan,DISABLED,nan,nan,nan,nan,nan,nan
1791471042.4841583,1791471042.5030613,1791471042.5070322,1791471042.5070531,front_rgbd_red_sphere,True,True,True,,51.3,51.3,1791471042.5030613,1791471042.5007722,1791471042.4841583,1791471042.4841583,1791471042.4841583,0.0,1791471041.492174,1791471042.4921894,1791471042.4831798,1791471042.4921894,1791471042.4831798,1791471042.4921894,1791471041.492174,1791471042.4921894,1791471041.492174,1791471042.4921894,1791470991.1841583,GAZEBO_CLOCK_SYSTEM_INTERPOLATION,MAPPED_EXACT,0,51.3,1791471042.4841583,0.0031023025512695312,0.0,RGB,0.0,0,1,0,UNCALIBRATED,PREPARATION,MID,TURNING,1.0,357,1.0,6.856270790100098,0.31232789158821106,nan,nan,False,0.0,0.0,0.0,0.0,0,0,0,0,0,0.0,0.0,0.0,0.0,0.0,0.0,0.0,0.0,0.0,0.0,0.0,0.0,0.0,0.0,6.524570083513438,-1.0133011522233932,-1.847066175293011,0.0,0.0,0.0,0.0,0.0,0.0,0.0,0.0,0.0,0.0,0.0,False,DISABLED,0,nan,nan,nan,nan,nan,nan,nan,nan,nan,nan,nan,nan,nan,nan,nan,nan,nan,nan,nan,nan,nan,nan,nan,nan,nan,nan,nan,nan,nan,nan,nan,nan,nan,nan,84.74711966421147,14.515874252707867,0.0192485366946063,0.022070877812363006,0.022070877812363006,0.022070877812363006,84.73100284786439,14.543095092719298,0.05245909450451686,0.016116816347079066,-0.02722084001143088,-0.03321055780991056,0.03163425200780621,0.04586575029516908,0.018903017044067383,False,DISABLED,none,MODEL_ORIGIN_FRAME_NOT_ESTABLISHED,nan,nan,nan,nan,nan,nan,nan,nan,nan,nan,nan,nan,nan,NOT_EVALUATED,nan,nan,nan,nan,DISABLED,nan,nan,nan,nan,nan,nan
1791471042.5361595,1791471042.555428,1791471042.5617957,1791471042.5618167,front_rgbd_red_sphere,True,True,True,,51.352,51.352,1791471042.555428,1791471042.5544386,1791471042.5361595,1791471042.5361595,1791471042.5361595,0.0,1791471041.5321572,1791471042.5481734,1791471042.5391798,1791471042.5481734,1791471042.54318,1791471042.552165,1791471041.5321572,1791471042.5481734,1791471041.5321572,1791471042.552165,1791470991.1841595,GAZEBO_CLOCK_SYSTEM_INTERPOLATION,MAPPED_EXACT,0,51.352,1791471042.5361595,0.0016717910766601562,0.0,RGB,0.0,0,1,0,UNCALIBRATED,PREPARATION,MID,TURNING,1.0,356,1.0,6.859631061553955,0.3153000771999359,nan,nan,False,0.0,0.0,0.0,0.0,0,0,0,0,0,0.0,0.0,0.0,0.0,0.0,0.0,0.0,0.0,0.0,0.0,0.0,0.0,0.0,0.0,6.521474280097542,-1.0281186769103794,-1.8622252257618772,0.0,0.0,0.0,0.0,0.0,0.0,0.0,0.0,0.0,0.0,0.0,False,DISABLED,0,nan,nan,nan,nan,nan,nan,nan,nan,nan,nan,nan,nan,nan,nan,nan,nan,nan,nan,nan,nan,nan,nan,nan,nan,nan,nan,nan,nan,nan,nan,nan,nan,nan,nan,84.64660434402981,14.688919981012445,0.02867106016718607,0.022080863374879574,0.022080863374879574,0.022080863374879574,84.62596471223036,14.72249466863736,0.0637340955366868,0.020639631799454605,-0.033574687624915,-0.03506303536950073,0.03941134417813833,0.05275102367964566,0.019268512725830078,False,DISABLED,none,MODEL_ORIGIN_FRAME_NOT_ESTABLISHED,nan,nan,nan,nan,nan,nan,nan,nan,nan,nan,nan,nan,nan,NOT_EVALUATED,nan,nan,nan,nan,DISABLED,nan,nan,nan,nan,nan,nan
1791471042.584235,1791471042.6057715,1791471042.611586,1791471042.61162,front_rgbd_red_sphere,True,True,True,,51.4,51.4,1791471042.6057715,1791471042.6039133,1791471042.584235,1791471042.584235,1791471042.584235,0.0,1791471041.5721629,1791471042.5881627,1791471042.57918,1791471042.5881627,1791471042.58318,1791471042.592167,1791471041.5721629,1791471042.5881627,1791471041.5721629,1791471042.592167,1791470991.1842349,GAZEBO_CLOCK_SYSTEM_INTERPOLATION,MAPPED_EXACT,0,51.4,1791471042.584235,0.0018925666809082031,0.0,RGB,0.0,0,1,0,UNCALIBRATED,PREPARATION,MID,TURNING,1.0,351,1.0,6.873280048370361,0.316975861787796,nan,nan,False,0.0,0.0,0.0,0.0,0,0,0,0,0,0.0,0.0,0.0,0.0,0.0,0.0,0.0,0.0,0.0,0.0,0.0,0.0,0.0,0.0,6.53086940392462,-1.0464486910878499,-1.8694029055534704,0.0,0.0,0.0,0.0,0.0,0.0,0.0,0.0,0.0,0.0,0.0,False,DISABLED,0,nan,nan,nan,nan,nan,nan,nan,nan,nan,nan,nan,nan,nan,nan,nan,nan,nan,nan,nan,nan,nan,nan,nan,nan,nan,nan,nan,nan,nan,nan,nan,nan,nan,nan,84.5438196079143,14.860939078144305,0.03740749150134187,0.02212144564416815,0.02212144564416815,0.02212144564416815,84.52683327298932,14.887207325066049,0.0737945368357812,0.016986334924979474,-0.026268246921743454,-0.03638704533443933,0.03128188566127787,0.04798513768549388,0.021536588668823242,False,DISABLED,none,MODEL_ORIGIN_FRAME_NOT_ESTABLISHED,nan,nan,nan,nan,nan,nan,nan,nan,nan,nan,nan,nan,nan,NOT_EVALUATED,nan,nan,nan,nan,DISABLED,nan,nan,nan,nan,nan,nan
1791471042.6361623,1791471042.6594331,1791471042.664896,1791471042.6649156,front_rgbd_red_sphere,True,True,True,,51.452,51.452,1791471042.6594331,1791471042.6555662,1791471042.6361623,1791471042.6361623,1791471042.6361623,0.0,1791471041.6521654,1791471042.6522467,1791471042.643209,1791471042.6522467,1791471042.643209,1791471042.6522467,1791471041.6521654,1791471042.6522467,1791471041.6521654,1791471042.6522467,1791470991.1841624,GAZEBO_CLOCK_SYSTEM_INTERPOLATION,MAPPED_EXACT,0,51.452,1791471042.6361623,0.003926515579223633,0.0,RGB,0.0,0,1,0,UNCALIBRATED,PREPARATION,MID,TURNING,1.0,354,1.0,6.876079082489014,0.3201987147331238,nan,nan,False,0.0,0.0,0.0,0.0,0,0,0,0,0,0.0,0.0,0.0,0.0,0.0,0.0,0.0,0.0,0.0,0.0,0.0,0.0,0.0,0.0,6.526587962070947,-1.0623780613961458,-1.8855947052037987,0.0,0.0,0.0,0.0,0.0,0.0,0.0,0.0,0.0,0.0,0.0,False,DISABLED,0,nan,nan,nan,nan,nan,nan,nan,nan,nan,nan,nan,nan,nan,nan,nan,nan,nan,nan,nan,nan,nan,nan,nan,nan,nan,nan,nan,nan,nan,nan,nan,nan,nan,nan,84.4392769737163,15.03112496518336,0.04588185414335483,0.022129773193112778,0.022129773193112778,0.022129773193112778,84.41740862390903,15.063768324141526,0.08417831823516045,0.02186834980727781,-0.0326433589581665,-0.03829646409180562,0.039291393553361996,0.05486741081279609,0.023270845413208008,False,DISABLED,none,MODEL_ORIGIN_FRAME_NOT_ESTABLISHED,nan,nan,nan,nan,nan,nan,nan,nan,nan,nan,nan,nan,nan,NOT_EVALUATED,nan,nan,nan,nan,DISABLED,nan,nan,nan,nan,nan,nan
1791471042.6841607,1791471042.713191,1791471042.7174842,1791471042.7175062,front_rgbd_red_sphere,True,True,True,,51.5,51.5,1791471042.713191,1791471042.7013175,1791471042.6841607,1791471042.6841607,1791471042.6841607,0.0,1791471041.672156,1791471042.6921635,1791471042.683209,1791471042.6921635,1791471042.683209,1791471042.6921635,1791471041.668157,1791471042.6921635,1791471041.672156,1791471042.6921635,1791470991.1841607,GAZEBO_CLOCK_SYSTEM_INTERPOLATION,MAPPED_EXACT,0,51.5,1791471042.6841607,0.001438140869140625,0.0,RGB,0.0,0,1,0,UNCALIBRATED,PREPARATION,MID,TURNING,1.0,356,1.0,6.888483047485352,0.3221438527107239,nan,nan,False,0.0,0.0,0.0,0.0,0,0,0,0,0,0.0,0.0,0.0,0.0,0.0,0.0,0.0,0.0,0.0,0.0,0.0,0.0,0.0,0.0,6.534131551455775,-1.082344543690942,-1.8933708595551133,0.0,0.0,0.0,0.0,0.0,0.0,0.0,0.0,0.0,0.0,0.0,False,DISABLED,0,nan,nan,nan,nan,nan,nan,nan,nan,nan,nan,nan,nan,nan,nan,nan,nan,nan,nan,nan,nan,nan,nan,nan,nan,nan,nan,nan,nan,nan,nan,nan,nan,nan,nan,84.33253924693544,15.199904701692402,0.053477080127264875,0.02216669260704908,0.02216669260704908,0.02216669260704908,84.31411997700405,15.22580466233939,0.09330004766586297,0.01841926993138543,-0.025899960646988518,-0.0398229675385981,0.031781715912152904,0.050950428947174047,0.029030323028564453,False,DISABLED,none,MODEL_ORIGIN_FRAME_NOT_ESTABLISHED,nan,nan,nan,nan,nan,nan,nan,nan,nan,nan,nan,nan,nan,NOT_EVALUATED,nan,nan,nan,nan,DISABLED,nan,nan,nan,nan,nan,nan
1791471042.736157,1791471042.7559361,1791471042.7616751,1791471042.7616954,front_rgbd_red_sphere,True,True,True,,51.552,51.552,1791471042.7559361,1791471042.7544315,1791471042.736157,1791471042.736157,1791471042.736157,0.0,1791471041.7521663,1791471042.748164,1791471042.739209,1791471042.748164,1791471042.743209,1791471042.7521732,1791471041.7321637,1791471042.748164,1791471041.7521663,1791471042.7521732,1791470991.184157,GAZEBO_CLOCK_SYSTEM_INTERPOLATION,MAPPED_EXACT,0,51.552,1791471042.736157,0.0017032623291015625,0.0,RGB,0.0,0,1,0,UNCALIBRATED,PREPARATION,MID,TURNING,1.0,349,1.0,6.890046119689941,0.3251829743385315,nan,nan,False,0.0,0.0,0.0,0.0,0,0,0,0,0,0.0,0.0,0.0,0.0,0.0,0.0,0.0,0.0,0.0,0.0,0.0,0.0,0.0,0.0,6.528954692279485,-1.0998149169883513,-1.906802327138096,0.0,0.0,0.0,0.0,0.0,0.0,0.0,0.0,0.0,0.0,0.0,False,DISABLED,0,nan,nan,nan,nan,nan,nan,nan,nan,nan,nan,nan,nan,nan,nan,nan,nan,nan,nan,nan,nan,nan,nan,nan,nan,nan,nan,nan,nan,nan,nan,nan,nan,nan,nan,84.22338807242845,15.367627415761039,0.06075944672010719,0.022171347735546805,0.022171347735546805,0.022171347735546805,84.19994309111286,15.399623051596011,0.10255617834296783,0.023444981315591917,-0.03199563583497245,-0.04179673162286064,0.03966595342825667,0.05762251847781443,0.019779205322265625,False,DISABLED,none,MODEL_ORIGIN_FRAME_NOT_ESTABLISHED,nan,nan,nan,nan,nan,nan,nan,nan,nan,nan,nan,nan,nan,NOT_EVALUATED,nan,nan,nan,nan,DISABLED,nan,nan,nan,nan,nan,nan
1791471042.784161,1791471042.8032422,1791471042.8067245,1791471042.8067465,front_rgbd_red_sphere,True,True,True,,51.6,51.6,1791471042.8032422,1791471042.8024273,1791471042.784161,1791471042.784161,1791471042.784161,0.0,1791471041.7721632,1791471042.7881658,1791471042.779209,1791471042.7881658,1791471042.7832088,1791471042.7921684,1791471041.7721632,1791471042.7881658,1791471041.7721632,1791471042.7921684,1791470991.1841612,GAZEBO_CLOCK_SYSTEM_INTERPOLATION,MAPPED_EXACT,0,51.6,1791471042.784161,0.0033414363861083984,0.0,RGB,0.0,0,1,0,UNCALIBRATED,PREPARATION,MID,TURNING,1.0,351,1.0,6.901630401611328,0.3265213966369629,nan,nan,False,0.0,0.0,0.0,0.0,0,0,0,0,0,0.0,0.0,0.0,0.0,0.0,0.0,0.0,0.0,0.0,0.0,0.0,0.0,0.0,0.0,6.536974807658686,-1.1214513409575337,-1.9086149972805586,0.0,0.0,0.0,0.0,0.0,0.0,0.0,0.0,0.0,0.0,0.0,False,DISABLED,0,nan,nan,nan,nan,nan,nan,nan,nan,nan,nan,nan,nan,nan,nan,nan,nan,nan,nan,nan,nan,nan,nan,nan,nan,nan,nan,nan,nan,nan,nan,nan,nan,nan,nan,84.11198114645936,15.533826244862045,0.06723212744197321,0.02220585924122865,0.02220585924122865,0.02220585924122865,84.09247618359387,15.558588541714075,0.11050853298197258,0.019504962865482867,-0.02476229685203002,-0.04327640553999937,0.03152165797942617,0.0535393518660285,0.01908111572265625,False,DISABLED,none,MODEL_ORIGIN_FRAME_NOT_ESTABLISHED,nan,nan,nan,nan,nan,nan,nan,nan,nan,nan,nan,nan,nan,NOT_EVALUATED,nan,nan,nan,nan,DISABLED,nan,nan,nan,nan,nan,nan
1791471042.8361661,1791471042.8586922,1791471042.8654509,1791471042.8654912,front_rgbd_red_sphere,True,True,True,,51.652,51.652,1791471042.8586922,1791471042.8574977,1791471042.8361661,1791471042.8361661,1791471042.8361661,0.0,1791471041.8521729,1791471042.8521733,1791471042.843209,1791471042.8521733,1791471042.843209,1791471042.8521733,1791471041.8521729,1791471042.8521733,1791471041.8521729,1791471042.8521733,1791470991.1841662,GAZEBO_CLOCK_SYSTEM_INTERPOLATION,MAPPED_EXACT,0,51.652,1791471042.8361661,0.0034236907958984375,0.0,RGB,0.0,0,1,0,UNCALIBRATED,PREPARATION,MID,TURNING,1.0,354,1.0,6.9017534255981445,0.3290617763996124,nan,nan,False,0.0,0.0,0.0,0.0,0,0,0,0,0,0.0,0.0,0.0,0.0,0.0,0.0,0.0,0.0,0.0,0.0,0.0,0.0,0.0,0.0,6.531446486976906,-1.1408356646873408,-1.9164817219932857,0.0,0.0,0.0,0.0,0.0,0.0,0.0,0.0,0.0,0.0,0.0,False,DISABLED,0,nan,nan,nan,nan,nan,nan,nan,nan,nan,nan,nan,nan,nan,nan,nan,nan,nan,nan,nan,nan,nan,nan,nan,nan,nan,nan,nan,nan,nan,nan,nan,nan,nan,nan,83.99819368387334,15.698416326506877,0.07298193086003485,0.022206225746552687,0.022206225746552687,0.022206225746552687,83.97346316819603,15.729290996498463,0.11840315747366136,0.02473051567730522,-0.0308746699915865,-0.045421226613626506,0.03955810476697299,0.06023231258918442,0.022526025772094727,False,DISABLED,none,MODEL_ORIGIN_FRAME_NOT_ESTABLISHED,nan,nan,nan,nan,nan,nan,nan,nan,nan,nan,nan,nan,nan,NOT_EVALUATED,nan,nan,nan,nan,DISABLED,nan,nan,nan,nan,nan,nan
1791471042.884156,1791471042.9036374,1791471042.911824,1791471042.911848,front_rgbd_red_sphere,True,True,True,,51.7,51.7,1791471042.9036374,1791471042.9014335,1791471042.884156,1791471042.884156,1791471042.884156,0.0,1791471041.8721588,1791471042.892173,1791471042.883209,1791471042.892173,1791471042.883209,1791471042.892173,1791471041.8681602,1791471042.892173,1791471041.8721588,1791471042.892173,1791470991.184156,GAZEBO_CLOCK_SYSTEM_INTERPOLATION,MAPPED_EXACT,0,51.7,1791471042.884156,0.004311323165893555,0.0,RGB,0.0,0,1,0,UNCALIBRATED,PREPARATION,MID,TURNING,1.0,353,1.0,6.9116621017456055,0.33056867122650146,nan,nan,False,0.0,0.0,0.0,0.0,0,0,0,0,0,0.0,0.0,0.0,0.0,0.0,0.0,0.0,0.0,0.0,0.0,0.0,0.0,0.0,0.0,6.537450464387954,-1.1642265223808232,-1.9176531508274248,0.0,0.0,0.0,0.0,0.0,0.0,0.0,0.0,0.0,0.0,0.0,False,DISABLED,0,nan,nan,nan,nan,nan,nan,nan,nan,nan,nan,nan,nan,nan,nan,nan,nan,nan,nan,nan,nan,nan,nan,nan,nan,nan,nan,nan,nan,nan,nan,nan,nan,nan,nan,83.88259511959906,15.86066984605044,0.0783288201645505,0.022235767217681616,0.022235767217681616,0.022235767217681616,83.86150288074322,15.885192070436336,0.1250037114111172,0.021092238855842993,-0.024522224385895797,-0.04667489124656671,0.032345355598356856,0.05678703638739201,0.019481420516967773,False,DISABLED,none,MODEL_ORIGIN_FRAME_NOT_ESTABLISHED,nan,nan,nan,nan,nan,nan,nan,nan,nan,nan,nan,nan,nan,NOT_EVALUATED,nan,nan,nan,nan,DISABLED,nan,nan,nan,nan,nan,nan
1791471042.9361668,1791471042.9519312,1791471042.9600277,1791471042.9600496,front_rgbd_red_sphere,True,True,True,,51.752,51.752,1791471042.9519312,1791471042.95073,1791471042.9361668,1791471042.9361668,1791471042.9361668,0.0,1791471041.9521732,1791471042.9481697,1791471042.939209,1791471042.9481697,1791471042.943209,1791471042.952174,1791471041.9481668,1791471042.9481697,1791471041.9521732,1791471042.952174,1791470991.1841667,GAZEBO_CLOCK_SYSTEM_INTERPOLATION,MAPPED_EXACT,0,51.752,1791471042.9361668,0.0010256767272949219,0.0,RGB,0.0,0,1,0,UNCALIBRATED,PREPARATION,MID,TURNING,1.0,355,1.0,6.910528659820557,0.3336472809314728,nan,nan,False,0.0,0.0,0.0,0.0,0,0,0,0,0,0.0,0.0,0.0,0.0,0.0,0.0,0.0,0.0,0.0,0.0,0.0,0.0,0.0,0.0,6.5294419876967345,-1.184520018063954,-1.928395087809906,0.0,0.0,0.0,0.0,0.0,0.0,0.0,0.0,0.0,0.0,0.0,False,DISABLED,0,nan,nan,nan,nan,nan,nan,nan,nan,nan,nan,nan,nan,nan,nan,nan,nan,nan,nan,nan,nan,nan,nan,nan,nan,nan,nan,nan,nan,nan,nan,nan,nan,nan,nan,83.76461643877508,16.02138493706982,0.08292754461130786,0.022232386836839497,0.022232386836839497,0.022232386836839497,83.73763648238156,16.05229247716368,0.1313326533870665,0.026979956393518023,-0.03090754009386032,-0.048405108775758654,0.04102674836798204,0.0634527275792203,0.015764474868774414,False,DISABLED,none,MODEL_ORIGIN_FRAME_NOT_ESTABLISHED,nan,nan,nan,nan,nan,nan,nan,nan,nan,nan,nan,nan,nan,NOT_EVALUATED,nan,nan,nan,nan,DISABLED,nan,nan,nan,nan,nan,nan
1791471042.9841623,1791471043.001103,1791471043.0046296,1791471043.0046525,front_rgbd_red_sphere,True,True,True,,51.8,51.8,1791471043.001103,1791471042.998996,1791471042.9841623,1791471042.9841623,1791471042.9841623,0.0,1791471041.992177,1791471042.9881759,1791471042.979209,1791471042.9881759,1791471042.983209,1791471042.9921887,1791471041.9881754,1791471042.9881759,1791471041.992177,1791471042.9921887,1791470991.1841624,GAZEBO_CLOCK_SYSTEM_INTERPOLATION,MAPPED_EXACT,0,51.8,1791471042.9841623,0.0011470317840576172,0.0,RGB,0.0,0,1,0,UNCALIBRATED,PREPARATION,MID,TURNING,1.0,353,1.0,6.919391632080078,0.33528226613998413,nan,nan,False,0.0,0.0,0.0,0.0,0,0,0,0,0,0.0,0.0,0.0,0.0,0.0,0.0,0.0,0.0,0.0,0.0,0.0,0.0,0.0,0.0,6.534102230870029,-1.2088576381326632,-1.9292872850799072,0.0,0.0,0.0,0.0,0.0,0.0,0.0,0.0,0.0,0.0,0.0,False,DISABLED,0,nan,nan,nan,nan,nan,nan,nan,nan,nan,nan,nan,nan,nan,nan,nan,nan,nan,nan,nan,nan,nan,nan,nan,nan,nan,nan,nan,nan,nan,nan,nan,nan,nan,nan,83.64427074591377,16.180140685864433,0.08659110831065148,0.02225882415461702,0.02225882415461702,0.02225882415461702,83.62104979812531,16.204853283478062,0.13641985868987855,0.02322094778845951,-0.024712597613628873,-0.04982875037922707,0.03391054256433385,0.06027295630183424,0.016940593719482422,False,DISABLED,none,MODEL_ORIGIN_FRAME_NOT_ESTABLISHED,nan,nan,nan,nan,nan,nan,nan,nan,nan,nan,nan,nan,nan,NOT_EVALUATED,nan,nan,nan,nan,DISABLED,nan,nan,nan,nan,nan,nan
1791471043.0361552,1791471043.0629725,1791471043.0688574,1791471043.0688913,front_rgbd_red_sphere,True,True,True,,51.852,51.852,1791471043.0541954,1791471043.0629725,1791471043.0361552,1791471043.0361552,1791471043.0361552,0.0,1791471042.0321605,1791471043.0521681,1791471043.0432088,1791471043.0521681,1791471043.0432088,1791471043.0521681,1791471042.0281622,1791471043.0521681,1791471042.0321605,1791471043.0521681,1791470991.1841552,GAZEBO_CLOCK_SYSTEM_INTERPOLATION,MAPPED_EXACT,0,51.852,1791471043.0361552,0.0032715797424316406,0.0,RGB,0.0,0,1,0,UNCALIBRATED,PREPARATION,MID,TURNING,1.0,357,1.0,6.916529178619385,0.3382529616355896,nan,nan,False,0.0,0.0,0.0,0.0,0,0,0,0,0,0.0,0.0,0.0,0.0,0.0,0.0,0.0,0.0,0.0,0.0,0.0,0.0,0.0,0.0,6.524610053629712,-1.2304307469400486,-1.9374938015513896,0.0,0.0,0.0,0.0,0.0,0.0,0.0,0.0,0.0,0.0,0.0,False,DISABLED,0,nan,nan,nan,nan,nan,nan,nan,nan,nan,nan,nan,nan,nan,nan,nan,nan,nan,nan,nan,nan,nan,nan,nan,nan,nan,nan,nan,nan,nan,nan,nan,nan,nan,nan,83.52178848673722,16.336719770351383,0.08921933818978195,0.02225028481870996,0.02225028481870996,0.02225028481870996,83.49210696994078,16.3681466663378,0.14103178764374022,0.02968151679644393,-0.031426895986417236,-0.05181244945395827,0.043227794654350234,0.0674771972528324,0.02681732177734375,False,DISABLED,none,MODEL_ORIGIN_FRAME_NOT_ESTABLISHED,nan,nan,nan,nan,nan,nan,nan,nan,nan,nan,nan,nan,nan,NOT_EVALUATED,nan,nan,nan,nan,DISABLED,nan,nan,nan,nan,nan,nan
1791471043.0841603,1791471043.1011207,1791471043.1068609,1791471043.1068954,front_rgbd_red_sphere,True,True,True,,51.9,51.9,1791471043.1011207,1791471043.0999937,1791471043.0841603,1791471043.0841603,1791471043.0841603,0.0,1791471042.0721605,1791471043.0921643,1791471043.083209,1791471043.0921643,1791471043.083209,1791471043.0921643,1791471042.0681624,1791471043.0921643,1791471042.0721605,1791471043.0921643,1791470991.1841602,GAZEBO_CLOCK_SYSTEM_INTERPOLATION,MAPPED_EXACT,0,51.9,1791471043.0841603,0.001277923583984375,0.0,RGB,0.0,0,1,0,UNCALIBRATED,PREPARATION,MID,TURNING,1.0,355,1.0,6.924042701721191,0.34013831615448,nan,nan,False,0.0,0.0,0.0,0.0,0,0,0,0,0,0.0,0.0,0.0,0.0,0.0,0.0,0.0,0.0,0.0,0.0,0.0,0.0,0.0,0.0,6.527353950779501,-1.2564056241106005,-1.938416935666067,0.0,0.0,0.0,0.0,0.0,0.0,0.0,0.0,0.0,0.0,0.0,False,DISABLED,0,nan,nan,nan,nan,nan,nan,nan,nan,nan,nan,nan,nan,nan,nan,nan,nan,nan,nan,nan,nan,nan,nan,nan,nan,nan,nan,nan,nan,nan,nan,nan,nan,nan,nan,83.39655164612164,16.491473141317023,0.0911436778412043,0.02227270453300863,0.02227270453300863,0.02227270453300863,83.3708334625847,16.5169714627028,0.14447665863944295,0.025718183536938,-0.02549832138577557,-0.053332980798238644,0.03621587163015587,0.06446701636307686,0.01696038246154785,False,DISABLED,none,MODEL_ORIGIN_FRAME_NOT_ESTABLISHED,nan,nan,nan,nan,nan,nan,nan,nan,nan,nan,nan,nan,nan,NOT_EVALUATED,nan,nan,nan,nan,DISABLED,nan,nan,nan,nan,nan,nan
1791471043.1361566,1791471043.1546023,1791471043.160429,1791471043.160452,front_rgbd_red_sphere,True,True,True,,51.952,51.952,1791471043.1546023,1791471043.1538415,1791471043.1361566,1791471043.1361566,1791471043.1361566,0.0,1791471042.1481671,1791471043.1481721,1791471043.139209,1791471043.1481721,1791471043.143209,1791471043.1521695,1791471042.1481671,1791471043.1481721,1791471042.1321595,1791471043.1521695,1791470991.1841567,GAZEBO_CLOCK_SYSTEM_INTERPOLATION,MAPPED_EXACT,0,51.952,1791471043.1361566,0.0013821125030517578,0.0,RGB,0.0,0,1,0,UNCALIBRATED,PREPARATION,MID,TURNING,1.0,355,1.0,6.920102596282959,0.3434378206729889,nan,nan,False,0.0,0.0,0.0,0.0,0,0,0,0,0,0.0,0.0,0.0,0.0,0.0,0.0,0.0,0.0,0.0,0.0,0.0,0.0,0.0,0.0,6.515986763391623,-1.2789825284039358,-1.9478037136861168,0.0,0.0,0.0,0.0,0.0,0.0,0.0,0.0,0.0,0.0,0.0,False,DISABLED,0,nan,nan,nan,nan,nan,nan,nan,nan,nan,nan,nan,nan,nan,nan,nan,nan,nan,nan,nan,nan,nan,nan,nan,nan,nan,nan,nan,nan,nan,nan,nan,nan,nan,nan,83.26895407084432,16.644103294185886,0.09202797598659812,0.0222609459699745,0.0222609459699745,0.0222609459699745,83.23684394859046,16.67592988660201,0.14725589693381128,0.032110122253854456,-0.031826592416123844,-0.055227920947213155,0.04521052903892578,0.07137307046870814,0.018445730209350586,False,DISABLED,none,MODEL_ORIGIN_FRAME_NOT_ESTABLISHED,nan,nan,nan,nan,nan,nan,nan,nan,nan,nan,nan,nan,nan,NOT_EVALUATED,nan,nan,nan,nan,DISABLED,nan,nan,nan,nan,nan,nan
1791471043.1841605,1791471043.2028775,1791471043.2063625,1791471043.2063823,front_rgbd_red_sphere,True,True,True,,52.0,52.0,1791471043.2028775,1791471043.2018087,1791471043.1841605,1791471043.1841605,1791471043.1841605,0.0,1791471042.1721566,1791471043.1881747,1791471043.179209,1791471043.1881747,1791471043.183209,1791471043.192174,1791471042.1721566,1791471043.1881747,1791471042.1721566,1791471043.192174,1791470991.1841605,GAZEBO_CLOCK_SYSTEM_INTERPOLATION,MAPPED_EXACT,0,52.0,1791471043.1841605,0.002901792526245117,0.0,RGB,0.0,0,1,0,UNCALIBRATED,PREPARATION,MID,TURNING,1.0,361,1.0,6.925820827484131,0.3450824022293091,nan,nan,False,0.0,0.0,0.0,0.0,0,0,0,0,0,0.0,0.0,0.0,0.0,0.0,0.0,0.0,0.0,0.0,0.0,0.0,0.0,0.0,0.0,6.517526922625254,-1.3058306384843368,-1.9451589611707703,0.0,0.0,0.0,0.0,0.0,0.0,0.0,0.0,0.0,0.0,0.0,False,DISABLED,0,nan,nan,nan,nan,nan,nan,nan,nan,nan,nan,nan,nan,nan,nan,nan,nan,nan,nan,nan,nan,nan,nan,nan,nan,nan,nan,nan,nan,nan,nan,nan,nan,nan,nan,83.13869292226005,16.794594999605966,0.09171324411648124,0.022278012757535767,0.022278012757535767,0.022278012757535767,83.11066112173924,16.820813434692823,0.14897510776389525,0.028031800520807337,-0.026218435086857284,-0.05726186364741401,0.038382133588977095,0.06893554385958754,0.018717050552368164,False,DISABLED,none,MODEL_ORIGIN_FRAME_NOT_ESTABLISHED,nan,nan,nan,nan,nan,nan,nan,nan,nan,nan,nan,nan,nan,NOT_EVALUATED,nan,nan,nan,nan,DISABLED,nan,nan,nan,nan,nan,nan
1791471043.236157,1791471043.2540002,1791471043.2634287,1791471043.263462,front_rgbd_red_sphere,True,True,True,,52.052,52.052,1791471043.2540002,1791471043.2527544,1791471043.236157,1791471043.236157,1791471043.236157,0.0,1791471042.2521682,1791471043.252176,1791471043.243209,1791471043.252176,1791471043.243209,1791471043.252176,1791471042.2521682,1791471043.252176,1791471042.2521682,1791471043.252176,1791470991.184157,GAZEBO_CLOCK_SYSTEM_INTERPOLATION,MAPPED_EXACT,0,52.052,1791471043.236157,0.0017733573913574219,0.0,RGB,0.0,0,1,0,UNCALIBRATED,PREPARATION,MID,TURNING,1.0,357,1.0,6.920522212982178,0.3480464220046997,nan,nan,False,0.0,0.0,0.0,0.0,0,0,0,0,0,0.0,0.0,0.0,0.0,0.0,0.0,0.0,0.0,0.0,0.0,0.0,0.0,0.0,0.0,6.5055734189275904,-1.3300428034024474,-1.9499054827517845,0.0,0.0,0.0,0.0,0.0,0.0,0.0,0.0,0.0,0.0,0.0,False,DISABLED,0,nan,nan,nan,nan,nan,nan,nan,nan,nan,nan,nan,nan,nan,nan,nan,nan,nan,nan,nan,nan,nan,nan,nan,nan,nan,nan,nan,nan,nan,nan,nan,nan,nan,nan,83.00561640977679,16.942545353975564,0.09089081386866221,0.02226219897037302,0.02226219897037302,0.02226219897037302,82.97139674618033,16.975202593569286,0.14985598326353675,0.03421966359645978,-0.03265723959372124,-0.058965169394874534,0.04730201554412443,0.07559346450787156,0.017843246459960938,False,DISABLED,none,MODEL_ORIGIN_FRAME_NOT_ESTABLISHED,nan,nan,nan,nan,nan,nan,nan,nan,nan,nan,nan,nan,nan,NOT_EVALUATED,nan,nan,nan,nan,DISABLED,nan,nan,nan,nan,nan,nan
1791471043.2841587,1791471043.3017511,1791471043.307207,1791471043.3072453,front_rgbd_red_sphere,True,True,True,,52.1,52.1,1791471043.3017511,1791471043.3000622,1791471043.2841587,1791471043.2841587,1791471043.2841587,0.0,1791471042.2721612,1791471043.292171,1791471043.2832088,1791471043.292171,1791471043.2832088,1791471043.292171,1791471042.2681682,1791471043.292171,1791471042.2721612,1791471043.292171,1791470991.1841588,GAZEBO_CLOCK_SYSTEM_INTERPOLATION,MAPPED_EXACT,0,52.1,1791471043.2841587,0.001901388168334961,0.0,RGB,0.0,0,1,0,UNCALIBRATED,PREPARATION,MID,TURNING,1.0,358,1.0,6.924644947052002,0.35012343525886536,nan,nan,False,0.0,0.0,0.0,0.0,0,0,0,0,0,0.0,0.0,0.0,0.0,0.0,0.0,0.0,0.0,0.0,0.0,0.0,0.0,0.0,0.0,6.504529166019368,-1.3582621054561406,-1.9485709850101673,0.0,0.0,0.0,0.0,0.0,0.0,0.0,0.0,0.0,0.0,0.0,False,DISABLED,0,nan,nan,nan,nan,nan,nan,nan,nan,nan,nan,nan,nan,nan,nan,nan,nan,nan,nan,nan,nan,nan,nan,nan,nan,nan,nan,nan,nan,nan,nan,nan,nan,nan,nan,82.87046739817929,17.08741231694377,0.08902421270351285,0.022274502002709154,0.022274502002709154,0.022274502002709154,82.84037616250224,17.115596684610104,0.14980498190756478,0.03009123567704819,-0.028184367666334253,-0.060780769204051927,0.04122912860251555,0.07344482929627512,0.017592430114746094,False,DISABLED,none,MODEL_ORIGIN_FRAME_NOT_ESTABLISHED,nan,nan,nan,nan,nan,nan,nan,nan,nan,nan,nan,nan,nan,NOT_EVALUATED,nan,nan,nan,nan,DISABLED,nan,nan,nan,nan,nan,nan
1791471043.3361619,1791471043.363857,1791471043.3699064,1791471043.3699462,front_rgbd_red_sphere,True,True,True,,52.152,52.152,1791471043.363857,1791471043.3628318,1791471043.3361619,1791471043.3361619,1791471043.3361619,0.0,1791471042.3521726,1791471043.3481874,1791471043.3392088,1791471043.3481874,1791471043.343209,1791471043.3521879,1791471042.332161,1791471043.3481874,1791471042.3521726,1791471043.3521879,1791470991.184162,GAZEBO_CLOCK_SYSTEM_INTERPOLATION,MAPPED_EXACT,0,52.152,1791471043.3361619,0.003983974456787109,0.0,RGB,0.0,0,1,0,UNCALIBRATED,PREPARATION,MID,TURNING,1.0,364,1.0,6.9176859855651855,0.3533582389354706,nan,nan,False,0.0,0.0,0.0,0.0,0,0,0,0,0,0.0,0.0,0.0,0.0,0.0,0.0,0.0,0.0,0.0,0.0,0.0,0.0,0.0,0.0,6.490282989823712,-1.3831087480845374,-1.9538726050823825,0.0,0.0,0.0,0.0,0.0,0.0,0.0,0.0,0.0,0.0,0.0,False,DISABLED,0,nan,nan,nan,nan,nan,nan,nan,nan,nan,nan,nan,nan,nan,nan,nan,nan,nan,nan,nan,nan,nan,nan,nan,nan,nan,nan,nan,nan,nan,nan,nan,nan,nan,nan,82.73244493171472,17.230259793352328,0.0861270586105976,0.022253735917284332,0.022253735917284332,0.022253735917284332,82.69584762080306,17.264909255274354,0.1487661421053336,0.03659731091165952,-0.03464946192202589,-0.06263908349473599,0.05039790052621831,0.08039653698083707,0.027695178985595703,False,DISABLED,none,MODEL_ORIGIN_FRAME_NOT_ESTABLISHED,nan,nan,nan,nan,nan,nan,nan,nan,nan,nan,nan,nan,nan,NOT_EVALUATED,nan,nan,nan,nan,DISABLED,nan,nan,nan,nan,nan,nan
1791471043.384163,1791471043.4146867,1791471043.418522,1791471043.418545,front_rgbd_red_sphere,True,True,True,,52.2,52.2,1791471043.4146867,1791471043.4033358,1791471043.384163,1791471043.384163,1791471043.384163,0.0,1791471042.39217,1791471043.3881707,1791471043.3792088,1791471043.3881707,1791471043.383209,1791471043.392172,1791471042.3881702,1791471043.3881707,1791471042.39217,1791471043.392172,1791470991.1841629,GAZEBO_CLOCK_SYSTEM_INTERPOLATION,MAPPED_EXACT,0,52.2,1791471043.384163,0.002834796905517578,0.0,RGB,0.0,0,1,0,UNCALIBRATED,PREPARATION,MID,TURNING,1.0,363,1.0,6.920321464538574,0.35518592596054077,nan,nan,False,0.0,0.0,0.0,0.0,0,0,0,0,0,0.0,0.0,0.0,0.0,0.0,0.0,0.0,0.0,0.0,0.0,0.0,0.0,0.0,0.0,6.488367837902019,-1.4123280561441645,-1.9486565476938829,0.0,0.0,0.0,0.0,0.0,0.0,0.0,0.0,0.0,0.0,0.0,False,DISABLED,0,nan,nan,nan,nan,nan,nan,nan,nan,nan,nan,nan,nan,nan,nan,nan,nan,nan,nan,nan,nan,nan,nan,nan,nan,nan,nan,nan,nan,nan,nan,nan,nan,nan,nan,82.59176344194907,17.370278897962802,0.08251540170755517,0.022261599455940504,0.022261599455940504,0.022261599455940504,82.55980556328517,17.400558461561655,0.1469472602402567,0.03195787866390276,-0.030279563598853088,-0.06443185853270153,0.044024515675174895,0.07803603253889695,0.03052377700805664,False,DISABLED,none,MODEL_ORIGIN_FRAME_NOT_ESTABLISHED,nan,nan,nan,nan,nan,nan,nan,nan,nan,nan,nan,nan,nan,NOT_EVALUATED,nan,nan,nan,nan,DISABLED,nan,nan,nan,nan,nan,nan
1791471043.436164,1791471043.454927,1791471043.4610603,1791471043.4610844,front_rgbd_red_sphere,True,True,True,,52.252,52.252,1791471043.454927,1791471043.453319,1791471043.436164,1791471043.436164,1791471043.436164,0.0,1791471042.4321585,1791471043.4521637,1791471043.443209,1791471043.4521637,1791471043.443209,1791471043.4521637,1791471042.428162,1791471043.4521637,1791471042.4321585,1791471043.4521637,1791470991.1841638,GAZEBO_CLOCK_SYSTEM_INTERPOLATION,MAPPED_EXACT,0,52.252,1791471043.436164,0.0014684200286865234,0.0,RGB,0.0,0,1,0,UNCALIBRATED,PREPARATION,MID,TURNING,1.0,366,1.0,6.9117431640625,0.35827216506004333,nan,nan,False,0.0,0.0,0.0,0.0,0,0,0,0,0,0.0,0.0,0.0,0.0,0.0,0.0,0.0,0.0,0.0,0.0,0.0,0.0,0.0,0.0,6.472875632982844,-1.4386252467259393,-1.9504947539914022,0.0,0.0,0.0,0.0,0.0,0.0,0.0,0.0,0.0,0.0,0.0,False,DISABLED,0,nan,nan,nan,nan,nan,nan,nan,nan,nan,nan,nan,nan,nan,nan,nan,nan,nan,nan,nan,nan,nan,nan,nan,nan,nan,nan,nan,nan,nan,nan,nan,nan,nan,nan,82.44836231366753,17.507497850371166,0.07847263906812524,0.022236007940134625,0.022236007940134625,0.022236007940134625,82.40974173679577,17.544574852366733,0.14401121907018574,0.038620576871764456,-0.037077001995566405,-0.0655385800020605,0.05353739846954746,0.08462599189122445,0.018763065338134766,False,DISABLED,none,MODEL_ORIGIN_FRAME_NOT_ESTABLISHED,nan,nan,nan,nan,nan,nan,nan,nan,nan,nan,nan,nan,nan,NOT_EVALUATED,nan,nan,nan,nan,DISABLED,nan,nan,nan,nan,nan,nan
1791471043.4841583,1791471043.503868,1791471043.5072672,1791471043.5072901,front_rgbd_red_sphere,True,True,True,,52.3,52.3,1791471043.503868,1791471043.5029974,1791471043.4841583,1791471043.4841583,1791471043.4841583,0.0,1791471042.472158,1791471043.4921622,1791471043.483209,1791471043.4921622,1791471043.483209,1791471043.4921622,1791471042.468161,1791471043.4921622,1791471042.472158,1791471043.4921622,1791470991.1841583,GAZEBO_CLOCK_SYSTEM_INTERPOLATION,MAPPED_EXACT,0,52.3,1791471043.4841583,0.003929853439331055,0.0,RGB,0.0,0,1,0,UNCALIBRATED,PREPARATION,MID,TURNING,1.0,366,1.0,6.9131269454956055,0.36003053188323975,nan,nan,False,0.0,0.0,0.0,0.0,0,0,0,0,0,0.0,0.0,0.0,0.0,0.0,0.0,0.0,0.0,0.0,0.0,0.0,0.0,0.0,0.0,6.469899270068921,-1.47003572987769,-1.9418350827366169,0.0,0.0,0.0,0.0,0.0,0.0,0.0,0.0,0.0,0.0,0.0,False,DISABLED,0,nan,nan,nan,nan,nan,nan,nan,nan,nan,nan,nan,nan,nan,nan,nan,nan,nan,nan,nan,nan,nan,nan,nan,nan,nan,nan,nan,nan,nan,nan,nan,nan,nan,nan,82.3023790368262,17.642126902672516,0.07369931729939078,0.022240135731154763,0.022240135731154763,0.022240135731154763,82.26878746518499,17.674923812930963,0.14047112972400266,0.033591571641210294,-0.032796910258447554,-0.06677181242461189,0.04694710862052344,0.0816241749869166,0.01970982551574707,False,DISABLED,none,MODEL_ORIGIN_FRAME_NOT_ESTABLISHED,nan,nan,nan,nan,nan,nan,nan,nan,nan,nan,nan,nan,nan,NOT_EVALUATED,nan,nan,nan,nan,DISABLED,nan,nan,nan,nan,nan,nan
1791471043.5361562,1791471043.5662224,1791471043.569355,1791471043.5693758,front_rgbd_red_sphere,True,True,True,,52.352,52.352,1791471043.5574205,1791471043.5662224,1791471043.5361562,1791471043.5361562,1791471043.5361562,0.0,1791471042.552165,1791471043.5482125,1791471043.539209,1791471043.5482125,1791471043.5432088,1791471043.5521808,1791471042.5481734,1791471043.5482125,1791471042.552165,1791471043.5521808,1791470991.1841562,GAZEBO_CLOCK_SYSTEM_INTERPOLATION,MAPPED_EXACT,0,52.352,1791471043.5361562,0.002309083938598633,0.0,RGB,0.0,0,1,0,UNCALIBRATED,PREPARATION,MID,TURNING,1.0,365,1.0,6.9029541015625,0.3625940680503845,nan,nan,False,0.0,0.0,0.0,0.0,0,0,0,0,0,0.0,0.0,0.0,0.0,0.0,0.0,0.0,0.0,0.0,0.0,0.0,0.0,0.0,0.0,6.4541231533156145,-1.4982253003858563,-1.9365930844448163,0.0,0.0,0.0,0.0,0.0,0.0,0.0,0.0,0.0,0.0,0.0,False,DISABLED,0,nan,nan,nan,nan,nan,nan,nan,nan,nan,nan,nan,nan,nan,nan,nan,nan,nan,nan,nan,nan,nan,nan,nan,nan,nan,nan,nan,nan,nan,nan,nan,nan,nan,nan,82.15363502661933,17.773606087095917,0.06804415981469086,0.022209804564963347,0.022209804564963347,0.022209804564963347,82.11331168093763,17.813045308470524,0.13571209680817486,0.04032334568169915,-0.039439221374607314,-0.067667936993484,0.0564041167788406,0.08809298545602373,0.030066251754760742,False,DISABLED,none,MODEL_ORIGIN_FRAME_NOT_ESTABLISHED,nan,nan,nan,nan,nan,nan,nan,nan,nan,nan,nan,nan,nan,NOT_EVALUATED,nan,nan,nan,nan,DISABLED,nan,nan,nan,nan,nan,nan
1791471043.584156,1791471043.6125314,1791471043.6175663,1791471043.6175902,front_rgbd_red_sphere,True,True,True,,52.4,52.4,1791471043.6028852,1791471043.6125314,1791471043.584156,1791471043.584156,1791471043.584156,0.0,1791471042.592167,1791471043.5881667,1791471043.5792089,1791471043.5881667,1791471043.583209,1791471043.5921698,1791471042.5881627,1791471043.5881667,1791471042.592167,1791471043.5921698,1791470991.184156,GAZEBO_CLOCK_SYSTEM_INTERPOLATION,MAPPED_EXACT,0,52.4,1791471043.584156,0.0008745193481445312,0.0,RGB,0.0,0,1,0,UNCALIBRATED,PREPARATION,MID,TURNING,1.0,368,1.0,6.902961254119873,0.36418893933296204,nan,nan,False,0.0,0.0,0.0,0.0,0,0,0,0,0,0.0,0.0,0.0,0.0,0.0,0.0,0.0,0.0,0.0,0.0,0.0,0.0,0.0,0.0,6.450216295221139,-1.5309865858436007,-1.9239703404574837,0.0,0.0,0.0,0.0,0.0,0.0,0.0,0.0,0.0,0.0,0.0,False,DISABLED,0,nan,nan,nan,nan,nan,nan,nan,nan,nan,nan,nan,nan,nan,nan,nan,nan,nan,nan,nan,nan,nan,nan,nan,nan,nan,nan,nan,nan,nan,nan,nan,nan,nan,nan,82.00224695058618,17.902098662036323,0.06190870091778061,0.02220982497726763,0.02220982497726763,0.02220982497726763,81.96733121335348,17.937775589591855,0.1305359926995734,0.034915737232708466,-0.035676927555531535,-0.06862729178179278,0.04991945378613622,0.08486257740376209,0.02837538719177246,False,DISABLED,none,MODEL_ORIGIN_FRAME_NOT_ESTABLISHED,nan,nan,nan,nan,nan,nan,nan,nan,nan,nan,nan,nan,nan,NOT_EVALUATED,nan,nan,nan,nan,DISABLED,nan,nan,nan,nan,nan,nan
1791471043.6361573,1791471043.6543026,1791471043.6618135,1791471043.6618366,front_rgbd_red_sphere,True,True,True,,52.452,52.452,1791471043.6543026,1791471043.653408,1791471043.6361573,1791471043.6361573,1791471043.6361573,0.0,1791471042.6321623,1791471043.6521738,1791471043.643239,1791471043.6521738,1791471043.643239,1791471043.6521738,1791471042.628176,1791471043.6521738,1791471042.6321623,1791471043.6521738,1791470991.1841574,GAZEBO_CLOCK_SYSTEM_INTERPOLATION,MAPPED_EXACT,0,52.452,1791471043.6361573,0.00189971923828125,0.0,RGB,0.0,0,1,0,UNCALIBRATED,PREPARATION,MID,TURNING,1.0,373,1.0,6.891664981842041,0.36752983927726746,nan,nan,False,0.0,0.0,0.0,0.0,0,0,0,0,0,0.0,0.0,0.0,0.0,0.0,0.0,0.0,0.0,0.0,0.0,0.0,0.0,0.0,0.0,6.431424294627257,-1.5597287564234117,-1.9232985053407559,0.0,0.0,0.0,0.0,0.0,0.0,0.0,0.0,0.0,0.0,0.0,False,DISABLED,0,nan,nan,nan,nan,nan,nan,nan,nan,nan,nan,nan,nan,nan,nan,nan,nan,nan,nan,nan,nan,nan,nan,nan,nan,nan,nan,nan,nan,nan,nan,nan,nan,nan,nan,81.84847929301989,18.02688304920344,0.055308698589163596,0.022176169278086914,0.022176169278086914,0.022176169278086914,81.8064194165429,18.069572218189023,0.12407002862410837,0.042059876476997715,-0.04268916898558217,-0.06876133003494478,0.059928276780997936,0.09121139658022179,0.018145322799682617,False,DISABLED,none,MODEL_ORIGIN_FRAME_NOT_ESTABLISHED,nan,nan,nan,nan,nan,nan,nan,nan,nan,nan,nan,nan,nan,NOT_EVALUATED,nan,nan,nan,nan,DISABLED,nan,nan,nan,nan,nan,nan
1791471043.6841638,1791471043.705728,1791471043.7094727,1791471043.7095094,front_rgbd_red_sphere,True,True,True,,52.5,52.5,1791471043.705728,1791471043.704525,1791471043.6841638,1791471043.6841638,1791471043.6841638,0.0,1791471042.6921635,1791471043.692174,1791471043.683239,1791471043.692174,1791471043.683239,1791471043.692174,1791471042.6921635,1791471043.692174,1791471042.6921635,1791471043.692174,1791470991.1841638,GAZEBO_CLOCK_SYSTEM_INTERPOLATION,MAPPED_EXACT,0,52.5,1791471043.6841638,0.0017833709716796875,0.0,RGB,0.0,0,1,0,UNCALIBRATED,PREPARATION,MID,TURNING,1.0,373,1.0,6.89064884185791,0.36980944871902466,nan,nan,False,0.0,0.0,0.0,0.0,0,0,0,0,0,0.0,0.0,0.0,0.0,0.0,0.0,0.0,0.0,0.0,0.0,0.0,0.0,0.0,0.0,6.42481508076711,-1.5937762320325648,-1.913810605989707,0.0,0.0,0.0,0.0,0.0,0.0,0.0,0.0,0.0,0.0,0.0,False,DISABLED,0,nan,nan,nan,nan,nan,nan,nan,nan,nan,nan,nan,nan,nan,nan,nan,nan,nan,nan,nan,nan,nan,nan,nan,nan,nan,nan,nan,nan,nan,nan,nan,nan,nan,nan,81.69152608699828,18.148935206611366,0.047785094923719795,0.02217314252516651,0.02217314252516651,0.02217314252516651,81.65542064583082,18.18826578569136,0.11738350607152959,0.03610544116746439,-0.039330579079994266,-0.06959841114780979,0.05339004900414416,0.08771793526391561,0.021564245223999023,False,DISABLED,none,MODEL_ORIGIN_FRAME_NOT_ESTABLISHED,nan,nan,nan,nan,nan,nan,nan,nan,nan,nan,nan,nan,nan,NOT_EVALUATED,nan,nan,nan,nan,DISABLED,nan,nan,nan,nan,nan,nan
1791471043.7361627,1791471043.7587495,1791471043.7661965,1791471043.766218,front_rgbd_red_sphere,True,True,True,,52.552,52.552,1791471043.7587495,1791471043.756762,1791471043.7361627,1791471043.7361627,1791471043.7361627,0.0,1791471042.7521732,1791471043.748195,1791471043.739239,1791471043.748195,1791471043.743239,1791471043.7521987,1791471042.748164,1791471043.748195,1791471042.7521732,1791471043.7521987,1791470991.1841626,GAZEBO_CLOCK_SYSTEM_INTERPOLATION,MAPPED_EXACT,0,52.552,1791471043.7361627,0.0006449222564697266,0.0,RGB,0.0,0,1,0,UNCALIBRATED,PREPARATION,MID,TURNING,1.0,376,1.0,6.878354072570801,0.37295249104499817,nan,nan,False,0.0,0.0,0.0,0.0,0,0,0,0,0,0.0,0.0,0.0,0.0,0.0,0.0,0.0,0.0,0.0,0.0,0.0,0.0,0.0,0.0,6.405505904307907,-1.6242156191426727,-1.908709694172373,0.0,0.0,0.0,0.0,0.0,0.0,0.0,0.0,0.0,0.0,0.0,False,DISABLED,0,nan,nan,nan,nan,nan,nan,nan,nan,nan,nan,nan,nan,nan,nan,nan,nan,nan,nan,nan,nan,nan,nan,nan,nan,nan,nan,nan,nan,nan,nan,nan,nan,nan,nan,81.53215752849228,18.267492385307115,0.03987700956688928,0.02213654203772329,0.02213654203772329,0.02213654203772329,81.48923875989216,18.313184146682794,0.10937447696906433,0.04291876860011712,-0.04569176137567865,-0.06949746740217505,0.06268777995560505,0.09359303249216121,0.022586822509765625,False,DISABLED,none,MODEL_ORIGIN_FRAME_NOT_ESTABLISHED,nan,nan,nan,nan,nan,nan,nan,nan,nan,nan,nan,nan,nan,NOT_EVALUATED,nan,nan,nan,nan,DISABLED,nan,nan,nan,nan,nan,nan
1791471043.7841575,1791471043.8035388,1791471043.8091059,1791471043.8091497,front_rgbd_red_sphere,True,True,True,,52.6,52.6,1791471043.8035388,1791471043.8023658,1791471043.7841575,1791471043.7841575,1791471043.7841575,0.0,1791471042.7881658,1791471043.788179,1791471043.779239,1791471043.788179,1791471043.783239,1791471043.7921622,1791471042.7881658,1791471043.788179,1791471042.7721598,1791471043.7921622,1791470991.1841576,GAZEBO_CLOCK_SYSTEM_INTERPOLATION,MAPPED_EXACT,0,52.6,1791471043.7841575,0.003684520721435547,0.0,RGB,0.0,0,1,0,UNCALIBRATED,PREPARATION,MID,TURNING,1.0,371,1.0,6.876176357269287,0.3751855194568634,nan,nan,False,0.0,0.0,0.0,0.0,0,0,0,0,0,0.0,0.0,0.0,0.0,0.0,0.0,0.0,0.0,0.0,0.0,0.0,0.0,0.0,0.0,6.397867290085527,-1.6597172071457233,-1.8958998088037267,0.0,0.0,0.0,0.0,0.0,0.0,0.0,0.0,0.0,0.0,0.0,False,DISABLED,0,nan,nan,nan,nan,nan,nan,nan,nan,nan,nan,nan,nan,nan,nan,nan,nan,nan,nan,nan,nan,nan,nan,nan,nan,nan,nan,nan,nan,nan,nan,nan,nan,nan,nan,81.37047262028595,18.38263915597963,0.031227689193690955,0.022130062703223295,0.022130062703223295,0.022130062703223295,81.33339213613608,18.425337755845817,0.10134659119309113,0.0370804841498682,-0.0426985998661884,-0.07011890199940017,0.05655203564259638,0.09008214669357617,0.019381284713745117,False,DISABLED,none,MODEL_ORIGIN_FRAME_NOT_ESTABLISHED,nan,nan,nan,nan,nan,nan,nan,nan,nan,nan,nan,nan,nan,NOT_EVALUATED,nan,nan,nan,nan,DISABLED,nan,nan,nan,nan,nan,nan
1791471043.8361616,1791471043.866039,1791471043.8691947,1791471043.8692155,front_rgbd_red_sphere,True,True,True,,52.652,52.652,1791471043.8570838,1791471043.866039,1791471043.8361616,1791471043.8361616,1791471043.8361616,0.0,1791471042.8521733,1791471043.8521748,1791471043.8432388,1791471043.8521748,1791471043.8432388,1791471043.8521748,1791471042.8521733,1791471043.8521748,1791471042.8521733,1791471043.8521748,1791470991.1841617,GAZEBO_CLOCK_SYSTEM_INTERPOLATION,MAPPED_EXACT,0,52.652,1791471043.8361616,0.002103567123413086,0.0,RGB,0.0,0,1,0,UNCALIBRATED,PREPARATION,MID,TURNING,1.0,378,1.0,6.862940311431885,0.3789796233177185,nan,nan,False,0.0,0.0,0.0,0.0,0,0,0,0,0,0.0,0.0,0.0,0.0,0.0,0.0,0.0,0.0,0.0,0.0,0.0,0.0,0.0,0.0,6.375964260408104,-1.6912987510629147,-1.893816227073208,0.0,0.0,0.0,0.0,0.0,0.0,0.0,0.0,0.0,0.0,0.0,False,DISABLED,0,nan,nan,nan,nan,nan,nan,nan,nan,nan,nan,nan,nan,nan,nan,nan,nan,nan,nan,nan,nan,nan,nan,nan,nan,nan,nan,nan,nan,nan,nan,nan,nan,nan,nan,81.20632744983487,18.493973009734162,0.022111112309962933,0.022090699881380994,0.022090699881380994,0.022090699881380994,81.16185176546925,18.543053566870874,0.09198145373506182,0.044475684365622215,-0.04908055713671189,-0.06987034142509889,0.06623433844042298,0.09627487834061585,0.029877424240112305,False,DISABLED,none,MODEL_ORIGIN_FRAME_NOT_ESTABLISHED,nan,nan,nan,nan,nan,nan,nan,nan,nan,nan,nan,nan,nan,NOT_EVALUATED,nan,nan,nan,nan,DISABLED,nan,nan,nan,nan,nan,nan
1791471043.8841584,1791471043.9002705,1791471043.903804,1791471043.9038265,front_rgbd_red_sphere,True,True,True,,52.7,52.7,1791471043.9002705,1791471043.899652,1791471043.8841584,1791471043.8841584,1791471043.8841584,0.0,1791471042.8721638,1791471043.8921638,1791471043.883239,1791471043.8921638,1791471043.883239,1791471043.8921638,1791471042.868166,1791471043.8921638,1791471042.8721638,1791471043.8921638,1791470991.1841583,GAZEBO_CLOCK_SYSTEM_INTERPOLATION,MAPPED_EXACT,0,52.7,1791471043.8841584,0.00038123130798339844,0.0,RGB,0.0,0,1,0,UNCALIBRATED,PREPARATION,MID,TURNING,1.0,381,1.0,6.860535621643066,0.38187605142593384,nan,nan,False,0.0,0.0,0.0,0.0,0,0,0,0,0,0.0,0.0,0.0,0.0,0.0,0.0,0.0,0.0,0.0,0.0,0.0,0.0,0.0,0.0,6.36635148080755,-1.7286685245141475,-1.883672332915797,0.0,0.0,0.0,0.0,0.0,0.0,0.0,0.0,0.0,0.0,0.0,False,DISABLED,0,nan,nan,nan,nan,nan,nan,nan,nan,nan,nan,nan,nan,nan,nan,nan,nan,nan,nan,nan,nan,nan,nan,nan,nan,nan,nan,nan,nan,nan,nan,nan,nan,nan,nan,81.03932852961636,18.60216084586573,0.012547698335207136,0.022083551568436395,0.022083551568436395,0.022083551568436395,81.00129587555423,18.64823885038659,0.08281085066811686,0.038032654062121196,-0.046078004520861526,-0.07026315233290972,0.05974667585425585,0.09223110023951354,0.016112089157104492,False,DISABLED,none,MODEL_ORIGIN_FRAME_NOT_ESTABLISHED,nan,nan,nan,nan,nan,nan,nan,nan,nan,nan,nan,nan,nan,NOT_EVALUATED,nan,nan,nan,nan,DISABLED,nan,nan,nan,nan,nan,nan
1791471043.9361563,1791471043.9664187,1791471043.969789,1791471043.9698095,front_rgbd_red_sphere,True,True,True,,52.752,52.752,1791471043.9664187,1791471043.9648829,1791471043.9361563,1791471043.9361563,1791471043.9361563,0.0,1791471042.9481697,1791471043.948182,1791471043.939239,1791471043.948182,1791471043.943239,1791471043.9521701,1791471042.9481697,1791471043.948182,1791471042.9321594,1791471043.9521701,1791470991.1841562,GAZEBO_CLOCK_SYSTEM_INTERPOLATION,MAPPED_EXACT,0,52.752,1791471043.9361563,0.0024383068084716797,0.0,RGB,0.0,0,1,0,UNCALIBRATED,PREPARATION,MID,TURNING,1.0,379,1.0,6.84651517868042,0.3858858644962311,nan,nan,False,0.0,0.0,0.0,0.0,0,0,0,0,0,0.0,0.0,0.0,0.0,0.0,0.0,0.0,0.0,0.0,0.0,0.0,0.0,0.0,0.0,6.343059363861982,-1.7615779015964845,-1.880748074214147,0.0,0.0,0.0,0.0,0.0,0.0,0.0,0.0,0.0,0.0,0.0,False,DISABLED,0,nan,nan,nan,nan,nan,nan,nan,nan,nan,nan,nan,nan,nan,nan,nan,nan,nan,nan,nan,nan,nan,nan,nan,nan,nan,nan,nan,nan,nan,nan,nan,nan,nan,nan,80.87051325274851,18.70610498841104,0.002384234788655404,0.02204190173389825,0.02204190173389825,0.02204190173389825,80.82466636109844,18.75821994152249,0.07232490645875338,0.04584689165007205,-0.05211495311144887,-0.06994067167009797,0.06941113607903246,0.09853731965832238,0.030262470245361328,False,DISABLED,none,MODEL_ORIGIN_FRAME_NOT_ESTABLISHED,nan,nan,nan,nan,nan,nan,nan,nan,nan,nan,nan,nan,nan,NOT_EVALUATED,nan,nan,nan,nan,DISABLED,nan,nan,nan,nan,nan,nan
1791471043.9841557,1791471044.0050666,1791471044.0082102,1791471044.0082316,front_rgbd_red_sphere,True,True,True,,52.8,52.8,1791471044.0050666,1791471044.003228,1791471043.9841557,1791471043.9841557,1791471043.9841557,0.0,1791471042.972159,1791471043.9881625,1791471043.979239,1791471043.9881625,1791471043.983239,1791471043.9921706,1791471042.972159,1791471043.9881625,1791471042.972159,1791471043.9921706,1791470991.1841557,GAZEBO_CLOCK_SYSTEM_INTERPOLATION,MAPPED_EXACT,0,52.8,1791471043.9841557,0.0011129379272460938,0.0,RGB,0.0,0,1,0,UNCALIBRATED,PREPARATION,MID,TURNING,1.0,382,1.0,6.843629837036133,0.38876280188560486,nan,nan,False,0.0,0.0,0.0,0.0,0,0,0,0,0,0.0,0.0,0.0,0.0,0.0,0.0,0.0,0.0,0.0,0.0,0.0,0.0,0.0,0.0,6.332949425246038,-1.8005739672418235,-1.8673387752868051,0.0,0.0,0.0,0.0,0.0,0.0,0.0,0.0,0.0,0.0,0.0,False,DISABLED,0,nan,nan,nan,nan,nan,nan,nan,nan,nan,nan,nan,nan,nan,nan,nan,nan,nan,nan,nan,nan,nan,nan,nan,nan,nan,nan,nan,nan,nan,nan,nan,nan,nan,nan,80.69840515541094,18.80710351020174,-0.008252227002392531,0.02203333462824928,0.02203333462824928,0.02203333462824928,80.65950408104653,18.856078701062984,0.062232696689133275,0.0389010743644036,-0.048975190861245466,-0.07048492369152581,0.06254488713396388,0.09423368492423767,0.020910978317260742,False,DISABLED,none,MODEL_ORIGIN_FRAME_NOT_ESTABLISHED,nan,nan,nan,nan,nan,nan,nan,nan,nan,nan,nan,nan,nan,NOT_EVALUATED,nan,nan,nan,nan,DISABLED,nan,nan,nan,nan,nan,nan
1791471044.0361574,1791471044.0602336,1791471044.0678384,1791471044.0678768,front_rgbd_red_sphere,True,True,True,,52.852,52.852,1791471044.0602336,1791471044.0550277,1791471044.0361574,1791471044.0361574,1791471044.0361574,0.0,1791471043.032158,1791471044.05216,1791471044.0432389,1791471044.05216,1791471044.0432389,1791471044.05216,1791471043.0281625,1791471044.05216,1791471043.032158,1791471044.05216,1791470991.1841574,GAZEBO_CLOCK_SYSTEM_INTERPOLATION,MAPPED_EXACT,0,52.852,1791471044.0361574,0.0013468265533447266,0.0,RGB,0.0,0,1,0,UNCALIBRATED,PREPARATION,MID,TURNING,1.0,387,1.0,6.829146862030029,0.39302122592926025,nan,nan,False,0.0,0.0,0.0,0.0,0,0,0,0,0,0.0,0.0,0.0,0.0,0.0,0.0,0.0,0.0,0.0,0.0,0.0,0.0,0.0,0.0,6.308466633129161,-1.8353961335929654,-1.8632805902634655,0.0,0.0,0.0,0.0,0.0,0.0,0.0,0.0,0.0,0.0,0.0,False,DISABLED,0,nan,nan,nan,nan,nan,nan,nan,nan,nan,nan,nan,nan,nan,nan,nan,nan,nan,nan,nan,nan,nan,nan,nan,nan,nan,nan,nan,nan,nan,nan,nan,nan,nan,nan,80.5249358074805,18.90285921163481,-0.018713324680150245,0.021990359214640143,0.021990359214640143,0.021990359214640143,80.47811707059897,18.957835745878583,0.0508904094616043,0.046818736881533596,-0.054976534243774466,-0.06960373414175455,0.07221089558120146,0.10029503101906509,0.024076223373413086,False,DISABLED,none,MODEL_ORIGIN_FRAME_NOT_ESTABLISHED,nan,nan,nan,nan,nan,nan,nan,nan,nan,nan,nan,nan,nan,NOT_EVALUATED,nan,nan,nan,nan,DISABLED,nan,nan,nan,nan,nan,nan
1791471044.0841568,1791471044.1070414,1791471044.1107166,1791471044.1107376,front_rgbd_red_sphere,True,True,True,,52.9,52.9,1791471044.1070414,1791471044.1058264,1791471044.0841568,1791471044.0841568,1791471044.0841568,0.0,1791471043.0921643,1791471044.092165,1791471044.0832388,1791471044.092165,1791471044.0832388,1791471044.092165,1791471043.0921643,1791471044.092165,1791471043.0921643,1791471044.092165,1791470991.1841567,GAZEBO_CLOCK_SYSTEM_INTERPOLATION,MAPPED_EXACT,0,52.9,1791471044.0841568,0.003114461898803711,0.0,RGB,0.0,0,1,0,UNCALIBRATED,PREPARATION,MID,TURNING,1.0,393,1.0,6.82553768157959,0.39645683765411377,nan,nan,False,0.0,0.0,0.0,0.0,0,0,0,0,0,0.0,0.0,0.0,0.0,0.0,0.0,0.0,0.0,0.0,0.0,0.0,0.0,0.0,0.0,6.296114627256959,-1.876533660470236,-1.8508174785579203,0.0,0.0,0.0,0.0,0.0,0.0,0.0,0.0,0.0,0.0,0.0,False,DISABLED,0,nan,nan,nan,nan,nan,nan,nan,nan,nan,nan,nan,nan,nan,nan,nan,nan,nan,nan,nan,nan,nan,nan,nan,nan,nan,nan,nan,nan,nan,nan,nan,nan,nan,nan,80.34876125570959,18.995214308560694,-0.02971019864558494,0.021979656466931407,0.021979656466931407,0.021979656466931407,80.30870517460646,19.047917502118384,0.040132312474337996,0.04005608110313119,-0.05270319355769004,-0.06984251111992293,0.0661975546717548,0.09622937495409872,0.022884607315063477,False,DISABLED,none,MODEL_ORIGIN_FRAME_NOT_ESTABLISHED,nan,nan,nan,nan,nan,nan,nan,nan,nan,nan,nan,nan,nan,NOT_EVALUATED,nan,nan,nan,nan,DISABLED,nan,nan,nan,nan,nan,nan
1791471044.1361568,1791471044.1600413,1791471044.1637743,1791471044.1637957,front_rgbd_red_sphere,True,True,True,,52.952,52.952,1791471044.1600413,1791471044.156958,1791471044.1361568,1791471044.1361568,1791471044.1361568,0.0,1791471043.1521695,1791471044.1481764,1791471044.1392388,1791471044.1481764,1791471044.143239,1791471044.1521745,1791471043.1481721,1791471044.1481764,1791471043.1521695,1791471044.1521745,1791470991.184157,GAZEBO_CLOCK_SYSTEM_INTERPOLATION,MAPPED_EXACT,0,52.952,1791471044.1361568,0.004157066345214844,0.0,RGB,0.0,0,1,0,UNCALIBRATED,PREPARATION,MID,TURNING,1.0,396,1.0,6.811185359954834,0.40082165598869324,nan,nan,False,0.0,0.0,0.0,0.0,0,0,0,0,0,0.0,0.0,0.0,0.0,0.0,0.0,0.0,0.0,0.0,0.0,0.0,0.0,0.0,0.0,6.271335793120788,-1.9133153710746962,-1.844402048887544,0.0,0.0,0.0,0.0,0.0,0.0,0.0,0.0,0.0,0.0,0.0,False,DISABLED,0,nan,nan,nan,nan,nan,nan,nan,nan,nan,nan,nan,nan,nan,nan,nan,nan,nan,nan,nan,nan,nan,nan,nan,nan,nan,nan,nan,nan,nan,nan,nan,nan,nan,nan,80.170499584666,19.083591362227317,-0.04069594692330897,0.02193712144841268,0.02193712144841268,0.02193712144841268,80.12273782258254,19.141134123333078,0.028206376401004395,0.04776176208346783,-0.057542761105761286,-0.06890232332431337,0.07478205181052804,0.10168522720867923,0.02388453483581543,False,DISABLED,none,MODEL_ORIGIN_FRAME_NOT_ESTABLISHED,nan,nan,nan,nan,nan,nan,nan,nan,nan,nan,nan,nan,nan,NOT_EVALUATED,nan,nan,nan,nan,DISABLED,nan,nan,nan,nan,nan,nan
1791471044.1841571,1791471044.2020023,1791471044.2056105,1791471044.2056313,front_rgbd_red_sphere,True,True,True,,53.0,53.0,1791471044.2020023,1791471044.2008457,1791471044.1841571,1791471044.1841571,1791471044.1841571,0.0,1791471043.192174,1791471044.1881695,1791471044.179239,1791471044.1881695,1791471044.183239,1791471044.192205,1791471043.17216,1791471044.1881695,1791471043.192174,1791471044.192205,1791470991.1841571,GAZEBO_CLOCK_SYSTEM_INTERPOLATION,MAPPED_EXACT,0,53.0,1791471044.1841571,0.0021131038665771484,0.0,RGB,0.0,0,1,0,UNCALIBRATED,PREPARATION,MID,TURNING,1.0,396,1.0,6.807526111602783,0.40425196290016174,nan,nan,False,0.0,0.0,0.0,0.0,0,0,0,0,0,0.0,0.0,0.0,0.0,0.0,0.0,0.0,0.0,0.0,0.0,0.0,0.0,0.0,0.0,6.258818126512903,-1.955484451288667,-1.8291215197989557,0.0,0.0,0.0,0.0,0.0,0.0,0.0,0.0,0.0,0.0,0.0,False,DISABLED,0,nan,nan,nan,nan,nan,nan,nan,nan,nan,nan,nan,nan,nan,nan,nan,nan,nan,nan,nan,nan,nan,nan,nan,nan,nan,nan,nan,nan,nan,nan,nan,nan,nan,nan,79.99017005641109,19.167999386854024,-0.051922718947052304,0.021926282422541115,0.021926282422541115,0.021926282422541115,79.94908329088433,19.223245865674745,0.017029371688989103,0.04108676552675661,-0.05524647882072031,-0.06895209063604141,0.06884980554467074,0.09744068209233678,0.01784515380859375,False,DISABLED,none,MODEL_ORIGIN_FRAME_NOT_ESTABLISHED,nan,nan,nan,nan,nan,nan,nan,nan,nan,nan,nan,nan,nan,NOT_EVALUATED,nan,nan,nan,nan,DISABLED,nan,nan,nan,nan,nan,nan
1791471044.2361605,1791471044.2542737,1791471044.2642107,1791471044.2642488,front_rgbd_red_sphere,True,True,True,,53.052,53.052,1791471044.2542737,1791471044.2530415,1791471044.2361605,1791471044.2361605,1791471044.2361605,0.0,1791471043.2321572,1791471044.252162,1791471044.243239,1791471044.252162,1791471044.243239,1791471044.252162,1791471043.228164,1791471044.252162,1791471043.2321572,1791471044.252162,1791470991.1841605,GAZEBO_CLOCK_SYSTEM_INTERPOLATION,MAPPED_EXACT,0,53.052,1791471044.2361605,0.0023174285888671875,0.0,RGB,0.0,0,1,0,UNCALIBRATED,PREPARATION,MID,TURNING,1.0,401,1.0,6.793356418609619,0.4088200628757477,nan,nan,False,0.0,0.0,0.0,0.0,0,0,0,0,0,0.0,0.0,0.0,0.0,0.0,0.0,0.0,0.0,0.0,0.0,0.0,0.0,0.0,0.0,6.233519272723016,-1.9934408404072608,-1.8218453541944903,0.0,0.0,0.0,0.0,0.0,0.0,0.0,0.0,0.0,0.0,0.0,False,DISABLED,0,nan,nan,nan,nan,nan,nan,nan,nan,nan,nan,nan,nan,nan,nan,nan,nan,nan,nan,nan,nan,nan,nan,nan,nan,nan,nan,nan,nan,nan,nan,nan,nan,nan,nan,79.80804407022194,19.247607468823773,-0.0627687033665118,0.021884338971169044,0.021884338971169044,0.021884338971169044,79.75898805872735,19.307523879545062,0.0048200775039035654,0.04905601149458505,-0.05991641072128928,-0.06758878087041537,0.07743686807638264,0.10278478407346156,0.018113136291503906,False,DISABLED,none,MODEL_ORIGIN_FRAME_NOT_ESTABLISHED,nan,nan,nan,nan,nan,nan,nan,nan,nan,nan,nan,nan,nan,NOT_EVALUATED,nan,nan,nan,nan,DISABLED,nan,nan,nan,nan,nan,nan
1791471044.2841613,1791471044.3067238,1791471044.3128066,1791471044.3128464,front_rgbd_red_sphere,True,True,True,,53.1,53.1,1791471044.3067238,1791471044.3057907,1791471044.2841613,1791471044.2841613,1791471044.2841613,0.0,1791471043.292171,1791471044.2921844,1791471044.283239,1791471044.2921844,1791471044.283239,1791471044.2921844,1791471043.292171,1791471044.2921844,1791471043.292171,1791471044.2921844,1791470991.1841614,GAZEBO_CLOCK_SYSTEM_INTERPOLATION,MAPPED_EXACT,0,53.1,1791471044.2841613,0.002891063690185547,0.0,RGB,0.0,0,1,0,UNCALIBRATED,PREPARATION,MID,TURNING,1.0,398,1.0,6.790047645568848,0.4127874970436096,nan,nan,False,0.0,0.0,0.0,0.0,0,0,0,0,0,0.0,0.0,0.0,0.0,0.0,0.0,0.0,0.0,0.0,0.0,0.0,0.0,0.0,0.0,6.219725441652127,-2.03727974562655,-1.808108315447578,0.0,0.0,0.0,0.0,0.0,0.0,0.0,0.0,0.0,0.0,0.0,False,DISABLED,0,nan,nan,nan,nan,nan,nan,nan,nan,nan,nan,nan,nan,nan,nan,nan,nan,nan,nan,nan,nan,nan,nan,nan,nan,nan,nan,nan,nan,nan,nan,nan,nan,nan,nan,79.6240914783904,19.32292117643597,-0.07396992573296307,0.021874551367705743,0.021874551367705743,0.021874551367705743,79.58168566509646,19.381260723650353,-0.006484461318723706,0.04240581329393933,-0.05833954721438417,-0.06748546441423936,0.0721231985584375,0.09877268690030341,0.022562503814697266,False,DISABLED,none,MODEL_ORIGIN_FRAME_NOT_ESTABLISHED,nan,nan,nan,nan,nan,nan,nan,nan,nan,nan,nan,nan,nan,NOT_EVALUATED,nan,nan,nan,nan,DISABLED,nan,nan,nan,nan,nan,nan
1791471044.3361588,1791471044.360973,1791471044.3688784,1791471044.3689058,front_rgbd_red_sphere,True,True,True,,53.152,53.152,1791471044.360973,1791471044.3570795,1791471044.3361588,1791471044.3361588,1791471044.3361588,0.0,1791471043.3321621,1791471044.3481812,1791471044.339239,1791471044.3481812,1791471044.3432388,1791471044.3521776,1791471043.3321621,1791471044.3481812,1791471043.3321621,1791471044.3521776,1791470991.1841588,GAZEBO_CLOCK_SYSTEM_INTERPOLATION,MAPPED_EXACT,0,53.152,1791471044.3361588,0.0016970634460449219,0.0,RGB,0.0,0,1,0,UNCALIBRATED,PREPARATION,MID,TURNING,1.0,408,1.0,6.77623176574707,0.41767480969429016,nan,nan,False,0.0,0.0,0.0,0.0,0,0,0,0,0,0.0,0.0,0.0,0.0,0.0,0.0,0.0,0.0,0.0,0.0,0.0,0.0,0.0,0.0,6.193710471470647,-2.0754829455870425,-1.8021213318655198,0.0,0.0,0.0,0.0,0.0,0.0,0.0,0.0,0.0,0.0,0.0,False,DISABLED,0,nan,nan,nan,nan,nan,nan,nan,nan,nan,nan,nan,nan,nan,nan,nan,nan,nan,nan,nan,nan,nan,nan,nan,nan,nan,nan,nan,nan,nan,nan,nan,nan,nan,nan,79.43832052749836,19.393692546288396,-0.08495874639775275,0.021833703220236263,0.021833703220236263,0.021833703220236263,79.38773514880958,19.456386267352883,-0.018684167970690474,0.05058537868877977,-0.06269372106448756,-0.06627457842706228,0.08055670796401145,0.10431540127749044,0.024814128875732422,False,DISABLED,none,MODEL_ORIGIN_FRAME_NOT_ESTABLISHED,nan,nan,nan,nan,nan,nan,nan,nan,nan,nan,nan,nan,nan,NOT_EVALUATED,nan,nan,nan,nan,DISABLED,nan,nan,nan,nan,nan,nan
1791471044.3841596,1791471044.4044683,1791471044.4081814,1791471044.4082098,front_rgbd_red_sphere,True,True,True,,53.2,53.2,1791471044.4044683,1791471044.4022608,1791471044.3841596,1791471044.3841596,1791471044.3841596,0.0,1791471043.3881707,1791471044.388171,1791471044.3792388,1791471044.388171,1791471044.383239,1791471044.3921669,1791471043.3881707,1791471044.388171,1791471043.3721597,1791471044.3921669,1791470991.1841595,GAZEBO_CLOCK_SYSTEM_INTERPOLATION,MAPPED_EXACT,0,53.2,1791471044.3841596,0.0006814002990722656,0.0,RGB,0.0,0,1,0,UNCALIBRATED,PREPARATION,MID,TURNING,1.0,408,1.0,6.773310661315918,0.4216616749763489,nan,nan,False,0.0,0.0,0.0,0.0,0,0,0,0,0,0.0,0.0,0.0,0.0,0.0,0.0,0.0,0.0,0.0,0.0,0.0,0.0,0.0,0.0,6.180037202860564,-2.1190698284695118,-1.787294384342529,0.0,0.0,0.0,0.0,0.0,0.0,0.0,0.0,0.0,0.0,0.0,False,DISABLED,0,nan,nan,nan,nan,nan,nan,nan,nan,nan,nan,nan,nan,nan,nan,nan,nan,nan,nan,nan,nan,nan,nan,nan,nan,nan,nan,nan,nan,nan,nan,nan,nan,nan,nan,79.25063726132967,19.46029321978186,-0.09604207566827311,0.021825070935333354,0.021825070935333354,0.021825070935333354,79.20711772993295,19.521549808990088,-0.029840920078112197,0.0435195313967256,-0.0612565892082273,-0.0662011555901609,0.07514199447989182,0.10014445733982878,0.020308732986450195,False,DISABLED,none,MODEL_ORIGIN_FRAME_NOT_ESTABLISHED,nan,nan,nan,nan,nan,nan,nan,nan,nan,nan,nan,nan,nan,NOT_EVALUATED,nan,nan,nan,nan,DISABLED,nan,nan,nan,nan,nan,nan
1791471044.4361563,1791471044.459497,1791471044.4628506,1791471044.462872,front_rgbd_red_sphere,True,True,True,,53.252,53.252,1791471044.459497,1791471044.4565256,1791471044.4361563,1791471044.4361563,1791471044.4361563,0.0,1791471043.4521637,1791471044.4522238,1791471044.443239,1791471044.4522238,1791471044.443239,1791471044.4522238,1791471043.4521637,1791471044.4522238,1791471043.4521637,1791471044.4522238,1791470991.1841562,GAZEBO_CLOCK_SYSTEM_INTERPOLATION,MAPPED_EXACT,0,53.252,1791471044.4361563,0.003508329391479492,0.0,RGB,0.0,0,1,0,UNCALIBRATED,PREPARATION,MID,TURNING,1.0,415,1.0,6.760437965393066,0.42644134163856506,nan,nan,False,0.0,0.0,0.0,0.0,0,0,0,0,0,0.0,0.0,0.0,0.0,0.0,0.0,0.0,0.0,0.0,0.0,0.0,0.0,0.0,0.0,6.154996886485198,-2.15809693434703,-1.778244613035044,0.0,0.0,0.0,0.0,0.0,0.0,0.0,0.0,0.0,0.0,0.0,False,DISABLED,0,nan,nan,nan,nan,nan,nan,nan,nan,nan,nan,nan,nan,nan,nan,nan,nan,nan,nan,nan,nan,nan,nan,nan,nan,nan,nan,nan,nan,nan,nan,nan,nan,nan,nan,79.0609292184843,19.52229426870891,-0.10678536620614215,0.02178705321409299,0.02178705321409299,0.02178705321409299,79.00994360629493,19.587263604022755,-0.04171899393520813,0.050985612189379026,-0.06496933531384386,-0.06506637227093402,0.08258660412832358,0.10513886047484157,0.023340702056884766,False,DISABLED,none,MODEL_ORIGIN_FRAME_NOT_ESTABLISHED,nan,nan,nan,nan,nan,nan,nan,nan,nan,nan,nan,nan,nan,NOT_EVALUATED,nan,nan,nan,nan,DISABLED,nan,nan,nan,nan,nan,nan
1791471044.4841568,1791471044.5037277,1791471044.5088782,1791471044.5088985,front_rgbd_red_sphere,True,True,True,,53.3,53.3,1791471044.5037277,1791471044.5019314,1791471044.4841568,1791471044.4841568,1791471044.4841568,0.0,1791471043.4921622,1791471044.4921737,1791471044.483239,1791471044.4921737,1791471044.483239,1791471044.4921737,1791471043.4921622,1791471044.4921737,1791471043.4921622,1791471044.4921737,1791470991.184157,GAZEBO_CLOCK_SYSTEM_INTERPOLATION,MAPPED_EXACT,0,53.3,1791471044.4841568,0.003866434097290039,0.0,RGB,0.0,0,1,0,UNCALIBRATED,PREPARATION,MID,TURNING,1.0,414,1.0,6.758113861083984,0.4304654896259308,nan,nan,False,0.0,0.0,0.0,0.0,0,0,0,0,0,0.0,0.0,0.0,0.0,0.0,0.0,0.0,0.0,0.0,0.0,0.0,0.0,0.0,0.0,6.14158212200855,-2.202877485674535,-1.760796804539981,0.0,0.0,0.0,0.0,0.0,0.0,0.0,0.0,0.0,0.0,0.0,False,DISABLED,0,nan,nan,nan,nan,nan,nan,nan,nan,nan,nan,nan,nan,nan,nan,nan,nan,nan,nan,nan,nan,nan,nan,nan,nan,nan,nan,nan,nan,nan,nan,nan,nan,nan,nan,78.87032728580797,19.579840630131315,-0.1175047454772748,0.021780193042710033,0.021780193042710033,0.021780193042710033,78.8263980943605,19.643725547193558,-0.05245527013530095,0.04392919144747509,-0.06388491706224286,-0.06504947534197385,0.077531003406886,0.10120519122824002,0.01957082748413086,False,DISABLED,none,MODEL_ORIGIN_FRAME_NOT_ESTABLISHED,nan,nan,nan,nan,nan,nan,nan,nan,nan,nan,nan,nan,nan,NOT_EVALUATED,nan,nan,nan,nan,DISABLED,nan,nan,nan,nan,nan,nan
1791471044.5361557,1791471044.5562198,1791471044.5630982,1791471044.5631454,front_rgbd_red_sphere,True,True,True,,53.352,53.352,1791471044.5562198,1791471044.5553098,1791471044.5361557,1791471044.5361557,1791471044.5361557,0.0,1791471043.5321589,1791471044.5481791,1791471044.539239,1791471044.5481791,1791471044.5432389,1791471044.5521777,1791471043.5321589,1791471044.5481791,1791471043.5321589,1791471044.5521777,1791470991.1841557,GAZEBO_CLOCK_SYSTEM_INTERPOLATION,MAPPED_EXACT,0,53.352,1791471044.5361557,0.001451730728149414,0.0,RGB,0.0,0,1,0,UNCALIBRATED,PREPARATION,MID,TURNING,1.0,419,1.0,6.7458319664001465,0.43515297770500183,nan,nan,False,0.0,0.0,0.0,0.0,0,0,0,0,0,0.0,0.0,0.0,0.0,0.0,0.0,0.0,0.0,0.0,0.0,0.0,0.0,0.0,0.0,6.117157793584601,-2.241215534949091,-1.7503084938638227,0.0,0.0,0.0,0.0,0.0,0.0,0.0,0.0,0.0,0.0,0.0,False,DISABLED,0,nan,nan,nan,nan,nan,nan,nan,nan,nan,nan,nan,nan,nan,nan,nan,nan,nan,nan,nan,nan,nan,nan,nan,nan,nan,nan,nan,nan,nan,nan,nan,nan,nan,nan,78.67822460701721,19.63273694586467,-0.12762363593207476,0.02174395548083025,0.02174395548083025,0.02174395548083025,78.62618435119414,19.699995058894697,-0.06373506711095782,0.05204025582307281,-0.06725811303002516,-0.06388856882111695,0.08504023750255231,0.10636536664018556,0.020064115524291992,False,DISABLED,none,MODEL_ORIGIN_FRAME_NOT_ESTABLISHED,nan,nan,nan,nan,nan,nan,nan,nan,nan,nan,nan,nan,nan,NOT_EVALUATED,nan,nan,nan,nan,DISABLED,nan,nan,nan,nan,nan,nan
1791471044.584159,1791471044.6063533,1791471044.6110182,1791471044.6110382,front_rgbd_red_sphere,True,True,True,,53.4,53.4,1791471044.6063533,1791471044.604669,1791471044.584159,1791471044.584159,1791471044.584159,0.0,1791471043.5921698,1791471044.5881774,1791471044.579239,1791471044.5881774,1791471044.5832388,1791471044.5921764,1791471043.5881667,1791471044.5881774,1791471043.5921698,1791471044.5921764,1791470991.1841588,GAZEBO_CLOCK_SYSTEM_INTERPOLATION,MAPPED_EXACT,0,53.4,1791471044.584159,0.0024673938751220703,0.0,RGB,0.0,0,1,0,UNCALIBRATED,PREPARATION,MID,TURNING,1.0,424,1.0,6.744904518127441,0.43913504481315613,nan,nan,False,0.0,0.0,0.0,0.0,0,0,0,0,0,0.0,0.0,0.0,0.0,0.0,0.0,0.0,0.0,0.0,0.0,0.0,0.0,0.0,0.0,6.104946296502504,-2.2845740536685892,-1.7332309593190274,0.0,0.0,0.0,0.0,0.0,0.0,0.0,0.0,0.0,0.0,0.0,False,DISABLED,0,nan,nan,nan,nan,nan,nan,nan,nan,nan,nan,nan,nan,nan,nan,nan,nan,nan,nan,nan,nan,nan,nan,nan,nan,nan,nan,nan,nan,nan,nan,nan,nan,nan,nan,78.48452330445178,19.681474248014503,-0.13764713851132443,0.02174122103189156,0.02174122103189156,0.02174122103189156,78.44022324441505,19.747671132956906,-0.07378273686269632,0.0443000600367327,-0.0661968849424035,-0.06386440164862811,0.07965251342761212,0.1020939993010031,0.022194385528564453,False,DISABLED,none,MODEL_ORIGIN_FRAME_NOT_ESTABLISHED,nan,nan,nan,nan,nan,nan,nan,nan,nan,nan,nan,nan,nan,NOT_EVALUATED,nan,nan,nan,nan,DISABLED,nan,nan,nan,nan,nan,nan
1791471044.6361618,1791471044.6594296,1791471044.6637626,1791471044.6637912,front_rgbd_red_sphere,True,True,True,,53.452,53.452,1791471044.6594296,1791471044.657872,1791471044.6361618,1791471044.6361618,1791471044.6361618,0.0,1791471043.632157,1791471044.6521661,1791471044.6432679,1791471044.6521661,1791471044.6432679,1791471044.6521661,1791471043.6281881,1791471044.6521661,1791471043.632157,1791471044.6521661,1791470991.184162,GAZEBO_CLOCK_SYSTEM_INTERPOLATION,MAPPED_EXACT,0,53.452,1791471044.6361618,0.004114627838134766,0.0,RGB,0.0,0,1,0,UNCALIBRATED,PREPARATION,MID,TURNING,1.0,432,1.0,6.7337565422058105,0.4439218044281006,nan,nan,False,0.0,0.0,0.0,0.0,0,0,0,0,0,0.0,0.0,0.0,0.0,0.0,0.0,0.0,0.0,0.0,0.0,0.0,0.0,0.0,0.0,6.081082007546072,-2.3210722673624686,-1.7252652384125726,0.0,0.0,0.0,0.0,0.0,0.0,0.0,0.0,0.0,0.0,0.0,False,DISABLED,0,nan,nan,nan,nan,nan,nan,nan,nan,nan,nan,nan,nan,nan,nan,nan,nan,nan,nan,nan,nan,nan,nan,nan,nan,nan,nan,nan,nan,nan,nan,nan,nan,nan,nan,78.28999471935886,19.725234731198807,-0.14671096810176548,0.021708357708817346,0.021708357708817346,0.021708357708817346,78.23742809116472,19.794460806727905,-0.08418634523818902,0.052566628194142595,-0.0692260755290981,-0.06252462286357646,0.08692237878050521,0.10707393892583802,0.023267745971679688,False,DISABLED,none,MODEL_ORIGIN_FRAME_NOT_ESTABLISHED,nan,nan,nan,nan,nan,nan,nan,nan,nan,nan,nan,nan,nan,NOT_EVALUATED,nan,nan,nan,nan,DISABLED,nan,nan,nan,nan,nan,nan
1791471044.6841602,1791471044.7064328,1791471044.711159,1791471044.7111804,front_rgbd_red_sphere,True,True,True,,53.5,53.5,1791471044.7064328,1791471044.7048435,1791471044.6841602,1791471044.6841602,1791471044.6841602,0.0,1791471043.692174,1791471044.6921833,1791471044.6832678,1791471044.6921833,1791471044.6832678,1791471044.6921833,1791471043.692174,1791471044.6921833,1791471043.692174,1791471044.6921833,1791470991.1841602,GAZEBO_CLOCK_SYSTEM_INTERPOLATION,MAPPED_EXACT,0,53.5,1791471044.6841602,0.0025162696838378906,0.0,RGB,0.0,0,1,0,UNCALIBRATED,PREPARATION,MID,TURNING,1.0,428,1.0,6.733951091766357,0.4480588436126709,nan,nan,False,0.0,0.0,0.0,0.0,0,0,0,0,0,0.0,0.0,0.0,0.0,0.0,0.0,0.0,0.0,0.0,0.0,0.0,0.0,0.0,0.0,6.06924122901475,-2.363338526238278,-1.7102754096902328,0.0,0.0,0.0,0.0,0.0,0.0,0.0,0.0,0.0,0.0,0.0,False,DISABLED,0,nan,nan,nan,nan,nan,nan,nan,nan,nan,nan,nan,nan,nan,nan,nan,nan,nan,nan,nan,nan,nan,nan,nan,nan,nan,nan,nan,nan,nan,nan,nan,nan,nan,nan,78.0940400634046,19.764794406393406,-0.1554596280886677,0.02170893208052965,0.02170893208052965,0.02170893208052965,78.04943671679239,19.833366089167196,-0.09329997709414124,0.04460334661222021,-0.06857168277378989,-0.06215965099452646,0.08180179831421268,0.1027392642527698,0.022272586822509766,False,DISABLED,none,MODEL_ORIGIN_FRAME_NOT_ESTABLISHED,nan,nan,nan,nan,nan,nan,nan,nan,nan,nan,nan,nan,nan,NOT_EVALUATED,nan,nan,nan,nan,DISABLED,nan,nan,nan,nan,nan,nan
1791471044.7361596,1791471044.7584956,1791471044.7652376,1791471044.7652788,front_rgbd_red_sphere,True,True,True,,53.552,53.552,1791471044.7584956,1791471044.7567267,1791471044.7361596,1791471044.7361596,1791471044.7361596,0.0,1791471043.748195,1791471044.7482197,1791471044.7392678,1791471044.7482197,1791471044.743268,1791471044.7521777,1791471043.748195,1791471044.7482197,1791471043.7321587,1791471044.7521777,1791470991.1841595,GAZEBO_CLOCK_SYSTEM_INTERPOLATION,MAPPED_EXACT,0,53.552,1791471044.7361596,0.003324270248413086,0.0,RGB,0.0,0,1,0,UNCALIBRATED,PREPARATION,MID,TURNING,1.0,435,1.0,6.724168300628662,0.45257312059402466,nan,nan,False,0.0,0.0,0.0,0.0,0,0,0,0,0,0.0,0.0,0.0,0.0,0.0,0.0,0.0,0.0,0.0,0.0,0.0,0.0,0.0,0.0,6.047212133772402,-2.3980306044385205,-1.7015038756015008,0.0,0.0,0.0,0.0,0.0,0.0,0.0,0.0,0.0,0.0,0.0,False,DISABLED,0,nan,nan,nan,nan,nan,nan,nan,nan,nan,nan,nan,nan,nan,nan,nan,nan,nan,nan,nan,nan,nan,nan,nan,nan,nan,nan,nan,nan,nan,nan,nan,nan,nan,nan,77.89737084808446,19.8000751842436,-0.16337981751104896,0.021680113537329643,0.021680113537329643,0.021680113537329643,77.84481236468494,19.870671802394607,-0.1025578073180572,0.052558483399522515,-0.07059661815100782,-0.06082201019299176,0.08801293468358552,0.10698408103794453,0.02233600616455078,False,DISABLED,none,MODEL_ORIGIN_FRAME_NOT_ESTABLISHED,nan,nan,nan,nan,nan,nan,nan,nan,nan,nan,nan,nan,nan,NOT_EVALUATED,nan,nan,nan,nan,DISABLED,nan,nan,nan,nan,nan,nan
1791471044.7841592,1791471044.8057697,1791471044.8094761,1791471044.8094974,front_rgbd_red_sphere,True,True,True,,53.6,53.6,1791471044.8057697,1791471044.8045027,1791471044.7841592,1791471044.7841592,1791471044.7841592,0.0,1791471043.7921622,1791471044.7881718,1791471044.779268,1791471044.7881718,1791471044.783268,1791471044.7921627,1791471043.7721596,1791471044.7881718,1791471043.7921622,1791471044.7921627,1791470991.1841593,GAZEBO_CLOCK_SYSTEM_INTERPOLATION,MAPPED_EXACT,0,53.6,1791471044.7841592,0.0019779205322265625,0.0,RGB,0.0,0,1,0,UNCALIBRATED,PREPARATION,MID,TURNING,1.0,434,1.0,6.7257208824157715,0.45626503229141235,nan,nan,False,0.0,0.0,0.0,0.0,0,0,0,0,0,0.0,0.0,0.0,0.0,0.0,0.0,0.0,0.0,0.0,0.0,0.0,0.0,0.0,0.0,6.037708885652173,-2.4380659957695943,-1.6844060856726912,0.0,0.0,0.0,0.0,0.0,0.0,0.0,0.0,0.0,0.0,0.0,False,DISABLED,0,nan,nan,nan,nan,nan,nan,nan,nan,nan,nan,nan,nan,nan,nan,nan,nan,nan,nan,nan,nan,nan,nan,nan,nan,nan,nan,nan,nan,nan,nan,nan,nan,nan,nan,77.69990738353692,19.83109859167529,-0.1707430305957915,0.02168468486338682,0.02168468486338682,0.02168468486338682,77.65525950505483,19.900896169788314,-0.11051269389713647,0.04464787848209539,-0.06979757811302534,-0.06023033669865502,0.08285610999435003,0.10243450796596418,0.021610498428344727,False,DISABLED,none,MODEL_ORIGIN_FRAME_NOT_ESTABLISHED,nan,nan,nan,nan,nan,nan,nan,nan,nan,nan,nan,nan,nan,NOT_EVALUATED,nan,nan,nan,nan,DISABLED,nan,nan,nan,nan,nan,nan
1791471044.836158,1791471044.8647196,1791471044.8710663,1791471044.871105,front_rgbd_red_sphere,True,True,True,,53.652,53.652,1791471044.8553638,1791471044.8647196,1791471044.836158,1791471044.836158,1791471044.836158,0.0,1791471043.8321583,1791471044.8521662,1791471044.843268,1791471044.8521662,1791471044.843268,1791471044.8521662,1791471043.8281622,1791471044.8521662,1791471043.8321583,1791471044.8521662,1791470991.184158,GAZEBO_CLOCK_SYSTEM_INTERPOLATION,MAPPED_EXACT,0,53.652,1791471044.836158,0.0010182857513427734,0.0,RGB,0.0,0,1,0,UNCALIBRATED,PREPARATION,MID,TURNING,1.0,441,1.0,6.717357158660889,0.46045392751693726,nan,nan,False,0.0,0.0,0.0,0.0,0,0,0,0,0,0.0,0.0,0.0,0.0,0.0,0.0,0.0,0.0,0.0,0.0,0.0,0.0,0.0,0.0,6.017750279539862,-2.4704652707558354,-1.675221925253473,0.0,0.0,0.0,0.0,0.0,0.0,0.0,0.0,0.0,0.0,0.0,False,DISABLED,0,nan,nan,nan,nan,nan,nan,nan,nan,nan,nan,nan,nan,nan,nan,nan,nan,nan,nan,nan,nan,nan,nan,nan,nan,nan,nan,nan,nan,nan,nan,nan,nan,nan,nan,77.50197476455456,19.857158616385263,-0.1771675396171179,0.021660059819228188,0.021660059819228188,0.021660059819228188,77.44933309127131,19.928857329882703,-0.11839673633208532,0.052641673283247314,-0.07169871349744028,-0.05877080328503258,0.0889485878653966,0.10661078089019035,0.02856159210205078,False,DISABLED,none,MODEL_ORIGIN_FRAME_NOT_ESTABLISHED,nan,nan,nan,nan,nan,nan,nan,nan,nan,nan,nan,nan,nan,NOT_EVALUATED,nan,nan,nan,nan,DISABLED,nan,nan,nan,nan,nan,nan
1791471044.884166,1791471044.904095,1791471044.9125047,1791471044.9125464,front_rgbd_red_sphere,True,True,True,,53.7,53.7,1791471044.904095,1791471044.9031906,1791471044.884166,1791471044.884166,1791471044.884166,0.0,1791471043.8921638,1791471044.8921785,1791471044.8832679,1791471044.8921785,1791471044.8832679,1791471044.8921785,1791471043.8921638,1791471044.8921785,1791471043.8921638,1791471044.8921785,1791470991.184166,GAZEBO_CLOCK_SYSTEM_INTERPOLATION,MAPPED_EXACT,0,53.7,1791471044.884166,0.0005846023559570312,0.0,RGB,0.0,0,1,0,UNCALIBRATED,PREPARATION,MID,TURNING,1.0,442,1.0,6.7208452224731445,0.4639858305454254,nan,nan,False,0.0,0.0,0.0,0.0,0,0,0,0,0,0.0,0.0,0.0,0.0,0.0,0.0,0.0,0.0,0.0,0.0,0.0,0.0,0.0,0.0,6.010289610638663,-2.5083849935550906,-1.6595727698798015,0.0,0.0,0.0,0.0,0.0,0.0,0.0,0.0,0.0,0.0,0.0,False,DISABLED,0,nan,nan,nan,nan,nan,nan,nan,nan,nan,nan,nan,nan,nan,nan,nan,nan,nan,nan,nan,nan,nan,nan,nan,nan,nan,nan,nan,nan,nan,nan,nan,nan,nan,nan,77.3029119946113,19.879066048349507,-0.18294915069414225,0.021670327914394535,0.021670327914394535,0.021670327914394535,77.25885022282388,19.950547460476333,-0.12499253781994901,0.044061771787426096,-0.07148141212682546,-0.057956612874193236,0.08397042343999635,0.102029412369872,0.019928932189941406,False,DISABLED,none,MODEL_ORIGIN_FRAME_NOT_ESTABLISHED,nan,nan,nan,nan,nan,nan,nan,nan,nan,nan,nan,nan,nan,NOT_EVALUATED,nan,nan,nan,nan,DISABLED,nan,nan,nan,nan,nan,nan
1791471044.9361598,1791471044.9641504,1791471044.9672954,1791471044.9673142,front_rgbd_red_sphere,True,True,True,,53.752,53.752,1791471044.9641504,1791471044.9631107,1791471044.9361598,1791471044.9361598,1791471044.9361598,0.0,1791471043.9521701,1791471044.9481707,1791471044.9392679,1791471044.9481707,1791471044.9432678,1791471044.9521704,1791471043.932157,1791471044.9481707,1791471043.9521701,1791471044.9521704,1791470991.1841598,GAZEBO_CLOCK_SYSTEM_INTERPOLATION,MAPPED_EXACT,0,53.752,1791471044.9361598,0.0003161430358886719,0.0,RGB,0.0,0,1,0,UNCALIBRATED,PREPARATION,MID,TURNING,1.0,443,1.0,6.713951587677002,0.46778005361557007,nan,nan,False,0.0,0.0,0.0,0.0,0,0,0,0,0,0.0,0.0,0.0,0.0,0.0,0.0,0.0,0.0,0.0,0.0,0.0,0.0,0.0,0.0,5.992681828091542,-2.537552723375348,-1.6509813245910938,0.0,0.0,0.0,0.0,0.0,0.0,0.0,0.0,0.0,0.0,0.0,False,DISABLED,0,nan,nan,nan,nan,nan,nan,nan,nan,nan,nan,nan,nan,nan,nan,nan,nan,nan,nan,nan,nan,nan,nan,nan,nan,nan,nan,nan,nan,nan,nan,nan,nan,nan,nan,77.10430641031425,19.89645158180635,-0.18776758267639776,0.021650037730551557,0.021650037730551557,0.021650037730551557,77.05133138707085,19.96944318153466,-0.1313327639141229,0.05297502324340542,-0.07299159972831148,-0.05643481876227485,0.09018939360333555,0.1063908618597866,0.02799057960510254,False,DISABLED,none,MODEL_ORIGIN_FRAME_NOT_ESTABLISHED,nan,nan,nan,nan,nan,nan,nan,nan,nan,nan,nan,nan,nan,NOT_EVALUATED,nan,nan,nan,nan,DISABLED,nan,nan,nan,nan,nan,nan
1791471044.984156,1791471045.0025601,1791471045.0080688,1791471045.0081043,front_rgbd_red_sphere,True,True,True,,53.8,53.8,1791471045.0025601,1791471045.0013535,1791471044.984156,1791471044.984156,1791471044.984156,0.0,1791471043.9921706,1791471044.988187,1791471044.9792678,1791471044.988187,1791471044.983268,1791471044.9921763,1791471043.9881625,1791471044.988187,1791471043.9921706,1791471044.9921763,1791470991.184156,GAZEBO_CLOCK_SYSTEM_INTERPOLATION,MAPPED_EXACT,0,53.8,1791471044.984156,0.002717733383178711,0.0,RGB,0.0,0,1,0,UNCALIBRATED,PREPARATION,MID,TURNING,1.0,447,1.0,6.718522071838379,0.4707713723182678,nan,nan,False,0.0,0.0,0.0,0.0,0,0,0,0,0,0.0,0.0,0.0,0.0,0.0,0.0,0.0,0.0,0.0,0.0,0.0,0.0,0.0,0.0,5.9876722076361135,-2.5728926487969828,-1.6329546073086376,0.0,0.0,0.0,0.0,0.0,0.0,0.0,0.0,0.0,0.0,0.0,False,DISABLED,0,nan,nan,nan,nan,nan,nan,nan,nan,nan,nan,nan,nan,nan,nan,nan,nan,nan,nan,nan,nan,nan,nan,nan,nan,nan,nan,nan,nan,nan,nan,nan,nan,nan,nan,76.90500785816535,19.909896531844677,-0.19217461525890295,0.021663488533705644,0.021663488533705644,0.021663488533705644,76.85981133226923,19.982843416873475,-0.13641941597573173,0.04519652589611667,-0.07294688502879865,-0.055755199283171214,0.085813600253591,0.10233580133848197,0.018404245376586914,False,DISABLED,none,MODEL_ORIGIN_FRAME_NOT_ESTABLISHED,nan,nan,nan,nan,nan,nan,nan,nan,nan,nan,nan,nan,nan,NOT_EVALUATED,nan,nan,nan,nan,DISABLED,nan,nan,nan,nan,nan,nan
1791471045.036156,1791471045.0545466,1791471045.064528,1791471045.064558,front_rgbd_red_sphere,True,True,True,,53.852,53.852,1791471045.0545466,1791471045.0533204,1791471045.036156,1791471045.036156,1791471045.036156,0.0,1791471044.05216,1791471045.0521684,1791471045.043268,1791471045.0521684,1791471045.043268,1791471045.0521684,1791471044.05216,1791471045.0521684,1791471044.05216,1791471045.0521684,1791470991.184156,GAZEBO_CLOCK_SYSTEM_INTERPOLATION,MAPPED_EXACT,0,53.852,1791471045.036156,0.003175020217895508,0.0,RGB,0.0,0,1,0,UNCALIBRATED,PREPARATION,MID,TURNING,1.0,453,1.0,6.713550567626953,0.47403183579444885,nan,nan,False,0.0,0.0,0.0,0.0,0,0,0,0,0,0.0,0.0,0.0,0.0,0.0,0.0,0.0,0.0,0.0,0.0,0.0,0.0,0.0,0.0,5.973281380917853,-2.6003154715090364,-1.621736458723305,0.0,0.0,0.0,0.0,0.0,0.0,0.0,0.0,0.0,0.0,0.0,False,DISABLED,0,nan,nan,nan,nan,nan,nan,nan,nan,nan,nan,nan,nan,nan,nan,nan,nan,nan,nan,nan,nan,nan,nan,nan,nan,nan,nan,nan,nan,nan,nan,nan,nan,nan,nan,76.70533374654094,19.919005576680345,-0.19527090032647448,0.021648856794893485,0.021648856794893485,0.021648856794893485,76.6520446530996,19.992847232297777,-0.14103082355590035,0.05328909344135013,-0.07384165561743217,-0.05424007677057413,0.09106216329587387,0.10599199739698358,0.018390655517578125,False,DISABLED,none,MODEL_ORIGIN_FRAME_NOT_ESTABLISHED,nan,nan,nan,nan,nan,nan,nan,nan,nan,nan,nan,nan,nan,NOT_EVALUATED,nan,nan,nan,nan,DISABLED,nan,nan,nan,nan,nan,nan
1791471045.0841575,1791471045.103979,1791471045.1073825,1791471045.1074042,front_rgbd_red_sphere,True,True,True,,53.9,53.9,1791471045.103979,1791471045.103195,1791471045.0841575,1791471045.0841575,1791471045.0841575,0.0,1791471044.092165,1791471045.092186,1791471045.083268,1791471045.092186,1791471045.083268,1791471045.092186,1791471044.092165,1791471045.092186,1791471044.092165,1791471045.092186,1791470991.1841574,GAZEBO_CLOCK_SYSTEM_INTERPOLATION,MAPPED_EXACT,0,53.9,1791471045.0841575,0.0040013790130615234,0.0,RGB,0.0,0,1,0,UNCALIBRATED,PREPARATION,MID,TURNING,1.0,451,1.0,6.720089912414551,0.47682034969329834,nan,nan,False,0.0,0.0,0.0,0.0,0,0,0,0,0,0.0,0.0,0.0,0.0,0.0,0.0,0.0,0.0,0.0,0.0,0.0,0.0,0.0,0.0,5.97052251701204,-2.633518838077279,-1.6053183226471779,0.0,0.0,0.0,0.0,0.0,0.0,0.0,0.0,0.0,0.0,0.0,False,DISABLED,0,nan,nan,nan,nan,nan,nan,nan,nan,nan,nan,nan,nan,nan,nan,nan,nan,nan,nan,nan,nan,nan,nan,nan,nan,nan,nan,nan,nan,nan,nan,nan,nan,nan,nan,76.50557858053213,19.92400742646626,-0.197835306564432,0.021668104502036153,0.021668104502036153,0.021668104502036153,76.46014795288109,19.998204894555865,-0.14447573684823192,0.045430627651043665,-0.07419746808960426,-0.05335956971620007,0.08700118504753608,0.10206101057687814,0.019821643829345703,False,DISABLED,none,MODEL_ORIGIN_FRAME_NOT_ESTABLISHED,nan,nan,nan,nan,nan,nan,nan,nan,nan,nan,nan,nan,nan,NOT_EVALUATED,nan,nan,nan,nan,DISABLED,nan,nan,nan,nan,nan,nan
1791471045.1361558,1791471045.1564765,1791471045.1608713,1791471045.1608903,front_rgbd_red_sphere,True,True,True,,53.952,53.952,1791471045.1564765,1791471045.1556144,1791471045.1361558,1791471045.1361558,1791471045.1361558,0.0,1791471044.1481764,1791471045.1481795,1791471045.139268,1791471045.1481795,1791471045.1432679,1791471045.1521668,1791471044.1481764,1791471045.1481795,1791471044.1321568,1791471045.1521668,1791470991.184156,GAZEBO_CLOCK_SYSTEM_INTERPOLATION,MAPPED_EXACT,0,53.952,1791471045.1361558,0.0013191699981689453,0.0,RGB,0.0,0,1,0,UNCALIBRATED,PREPARATION,MID,TURNING,1.0,450,1.0,6.7168097496032715,0.4796657860279083,nan,nan,False,0.0,0.0,0.0,0.0,0,0,0,0,0,0.0,0.0,0.0,0.0,0.0,0.0,0.0,0.0,0.0,0.0,0.0,0.0,0.0,0.0,5.958812219071875,-2.6565007050657785,-1.5972135532186567,0.0,0.0,0.0,0.0,0.0,0.0,0.0,0.0,0.0,0.0,0.0,False,DISABLED,0,nan,nan,nan,nan,nan,nan,nan,nan,nan,nan,nan,nan,nan,nan,nan,nan,nan,nan,nan,nan,nan,nan,nan,nan,nan,nan,nan,nan,nan,nan,nan,nan,nan,nan,76.30594069163809,19.924872504370924,-0.19953979464369537,0.021658448258993778,0.021658448258993778,0.021658448258993778,76.25220363403847,19.99966101744267,-0.14725545452114583,0.05373705759961922,-0.07478851307174494,-0.05228434012254954,0.09209230720829703,0.1058992222303724,0.020320653915405273,False,DISABLED,none,MODEL_ORIGIN_FRAME_NOT_ESTABLISHED,nan,nan,nan,nan,nan,nan,nan,nan,nan,nan,nan,nan,nan,NOT_EVALUATED,nan,nan,nan,nan,DISABLED,nan,nan,nan,nan,nan,nan
1791471045.1841586,1791471045.2001967,1791471045.2054176,1791471045.2054515,front_rgbd_red_sphere,True,True,True,,54.0,54.0,1791471045.2001967,1791471045.1995666,1791471045.1841586,1791471045.1841586,1791471045.1841586,0.0,1791471044.1881695,1791471045.1881905,1791471045.179268,1791471045.1881905,1791471045.1832678,1791471045.1922007,1791471044.1881695,1791471045.1881905,1791471044.172163,1791471045.1922007,1791470991.1841586,GAZEBO_CLOCK_SYSTEM_INTERPOLATION,MAPPED_EXACT,0,54.0,1791471045.1841586,0.00046515464782714844,0.0,RGB,0.0,0,1,0,UNCALIBRATED,PREPARATION,MID,TURNING,1.0,456,1.0,6.725028991699219,0.48187312483787537,nan,nan,False,0.0,0.0,0.0,0.0,0,0,0,0,0,0.0,0.0,0.0,0.0,0.0,0.0,0.0,0.0,0.0,0.0,0.0,0.0,0.0,0.0,5.959239196234456,-2.6845341007746293,-1.5832751092035675,0.0,0.0,0.0,0.0,0.0,0.0,0.0,0.0,0.0,0.0,0.0,False,DISABLED,0,nan,nan,nan,nan,nan,nan,nan,nan,nan,nan,nan,nan,nan,nan,nan,nan,nan,nan,nan,nan,nan,nan,nan,nan,nan,nan,nan,nan,nan,nan,nan,nan,nan,nan,76.1063415359563,19.92166086312821,-0.20051305273694714,0.021682647939404005,0.021682647939404005,0.021682647939404005,76.06023149194401,19.997282566566938,-0.1489747218137689,0.04611004401229479,-0.07562170343872765,-0.05153833092317825,0.0885707524513066,0.10247427845141271,0.016038179397583008,False,DISABLED,none,MODEL_ORIGIN_FRAME_NOT_ESTABLISHED,nan,nan,nan,nan,nan,nan,nan,nan,nan,nan,nan,nan,nan,NOT_EVALUATED,nan,nan,nan,nan,DISABLED,nan,nan,nan,nan,nan,nan
1791471045.2361586,1791471045.2541602,1791471045.2625062,1791471045.2625272,front_rgbd_red_sphere,True,True,True,,54.052,54.052,1791471045.2541602,1791471045.2533147,1791471045.2361586,1791471045.2361586,1791471045.2361586,0.0,1791471044.232159,1791471045.252162,1791471045.243268,1791471045.252162,1791471045.243268,1791471045.252162,1791471044.2281597,1791471045.252162,1791471044.232159,1791471045.252162,1791470991.1841586,GAZEBO_CLOCK_SYSTEM_INTERPOLATION,MAPPED_EXACT,0,54.052,1791471045.2361586,0.001550436019897461,0.0,RGB,0.0,0,1,0,UNCALIBRATED,PREPARATION,MID,TURNING,1.0,459,1.0,6.723579406738281,0.484157919883728,nan,nan,False,0.0,0.0,0.0,0.0,0,0,0,0,0,0.0,0.0,0.0,0.0,0.0,0.0,0.0,0.0,0.0,0.0,0.0,0.0,0.0,0.0,5.9508195517500795,-2.7024183798029915,-1.5783532078447995,0.0,0.0,0.0,0.0,0.0,0.0,0.0,0.0,0.0,0.0,0.0,False,DISABLED,0,nan,nan,nan,nan,nan,nan,nan,nan,nan,nan,nan,nan,nan,nan,nan,nan,nan,nan,nan,nan,nan,nan,nan,nan,nan,nan,nan,nan,nan,nan,nan,nan,nan,nan,75.90696123505218,19.914443615825608,-0.20055536971852644,0.021678378451786277,0.021678378451786277,0.021678378451786277,75.85242423125409,19.990541480679713,-0.14985552495539248,0.05453700379808879,-0.07609786485410552,-0.05069984476313397,0.09362248564648591,0.10646898176291696,0.018001556396484375,False,DISABLED,none,MODEL_ORIGIN_FRAME_NOT_ESTABLISHED,nan,nan,nan,nan,nan,nan,nan,nan,nan,nan,nan,nan,nan,NOT_EVALUATED,nan,nan,nan,nan,DISABLED,nan,nan,nan,nan,nan,nan
1791471045.2841568,1791471045.3035896,1791471045.3074265,1791471045.307449,front_rgbd_red_sphere,True,True,True,,54.1,54.1,1791471045.3035896,1791471045.3025112,1791471045.2841568,1791471045.2841568,1791471045.2841568,0.0,1791471044.272163,1791471045.2921643,1791471045.283268,1791471045.2921643,1791471045.283268,1791471045.2921643,1791471044.268176,1791471045.2921643,1791471044.272163,1791471045.2921643,1791470991.184157,GAZEBO_CLOCK_SYSTEM_INTERPOLATION,MAPPED_EXACT,0,54.1,1791471045.2841568,0.0036475658416748047,0.0,RGB,0.0,0,1,0,UNCALIBRATED,PREPARATION,MID,TURNING,1.0,451,1.0,6.733309745788574,0.48595762252807617,nan,nan,False,0.0,0.0,0.0,0.0,0,0,0,0,0,0.0,0.0,0.0,0.0,0.0,0.0,0.0,0.0,0.0,0.0,0.0,0.0,0.0,0.0,5.953781841550761,-2.7257843783922775,-1.568452803331837,0.0,0.0,0.0,0.0,0.0,0.0,0.0,0.0,0.0,0.0,0.0,False,DISABLED,0,nan,nan,nan,nan,nan,nan,nan,nan,nan,nan,nan,nan,nan,nan,nan,nan,nan,nan,nan,nan,nan,nan,nan,nan,nan,nan,nan,nan,nan,nan,nan,nan,nan,nan,75.70823946468978,19.903554136808644,-0.19992957342848067,0.021707042209978697,0.021707042209978697,0.021707042209978697,75.66056702410337,19.98074877376661,-0.14980557317828716,0.0476724405864104,-0.07719463695796591,-0.05012400025019351,0.09072857083927305,0.10365369731764701,0.019432783126831055,False,DISABLED,none,MODEL_ORIGIN_FRAME_NOT_ESTABLISHED,nan,nan,nan,nan,nan,nan,nan,nan,nan,nan,nan,nan,nan,NOT_EVALUATED,nan,nan,nan,nan,DISABLED,nan,nan,nan,nan,nan,nan
1791471045.3361568,1791471045.3553832,1791471045.363665,1791471045.3636992,front_rgbd_red_sphere,True,True,True,,54.152,54.152,1791471045.3553832,1791471045.3542163,1791471045.3361568,1791471045.3361568,1791471045.3361568,0.0,1791471044.3481812,1791471045.3481886,1791471045.339268,1791471045.3481886,1791471045.343268,1791471045.3521726,1791471044.3481812,1791471045.3481886,1791471044.3321605,1791471045.3521726,1791470991.184157,GAZEBO_CLOCK_SYSTEM_INTERPOLATION,MAPPED_EXACT,0,54.152,1791471045.3361568,0.002525806427001953,0.0,RGB,0.0,0,1,0,UNCALIBRATED,PREPARATION,MID,TURNING,1.0,453,1.0,6.733466625213623,0.4875398576259613,nan,nan,False,0.0,0.0,0.0,0.0,0,0,0,0,0,0.0,0.0,0.0,0.0,0.0,0.0,0.0,0.0,0.0,0.0,0.0,0.0,0.0,0.0,5.948936812415074,-2.7381404983474327,-1.5659849884392463,0.0,0.0,0.0,0.0,0.0,0.0,0.0,0.0,0.0,0.0,0.0,False,DISABLED,0,nan,nan,nan,nan,nan,nan,nan,nan,nan,nan,nan,nan,nan,nan,nan,nan,nan,nan,nan,nan,nan,nan,nan,nan,nan,nan,nan,nan,nan,nan,nan,nan,nan,nan,75.50967989689147,19.889192606240453,-0.19828222078744057,0.021707503612231935,0.021707503612231935,0.021707503612231935,75.45300699346242,19.966165990960455,-0.14876415844456736,0.05667290342904607,-0.07697338472000226,-0.049518062342873204,0.09558619114878183,0.1076510958445112,0.0192263126373291,False,DISABLED,none,MODEL_ORIGIN_FRAME_NOT_ESTABLISHED,nan,nan,nan,nan,nan,nan,nan,nan,nan,nan,nan,nan,nan,NOT_EVALUATED,nan,nan,nan,nan,DISABLED,nan,nan,nan,nan,nan,nan
1791471045.3841593,1791471045.3999815,1791471045.4037411,1791471045.4037619,front_rgbd_red_sphere,True,True,True,,54.2,54.2,1791471045.3999815,1791471045.399287,1791471045.3841593,1791471045.3841593,1791471045.3841593,0.0,1791471044.3921669,1791471045.3881724,1791471045.379268,1791471045.3881724,1791471045.3832679,1791471045.392169,1791471044.388171,1791471045.3881724,1791471044.3921669,1791471045.392169,1791470991.1841593,GAZEBO_CLOCK_SYSTEM_INTERPOLATION,MAPPED_EXACT,0,54.2,1791471045.3841593,0.0040934085845947266,0.0,RGB,0.0,0,1,0,UNCALIBRATED,PREPARATION,MID,TURNING,1.0,460,1.0,6.744748592376709,0.4884154796600342,nan,nan,False,0.0,0.0,0.0,0.0,0,0,0,0,0,0.0,0.0,0.0,0.0,0.0,0.0,0.0,0.0,0.0,0.0,0.0,0.0,0.0,0.0,5.956135316069091,-2.7562740366648013,-1.555325312496172,0.0,0.0,0.0,0.0,0.0,0.0,0.0,0.0,0.0,0.0,0.0,False,DISABLED,0,nan,nan,nan,nan,nan,nan,nan,nan,nan,nan,nan,nan,nan,nan,nan,nan,nan,nan,nan,nan,nan,nan,nan,nan,nan,nan,nan,nan,nan,nan,nan,nan,nan,nan,75.31119977322216,19.871378080168757,-0.19604699227022232,0.021740760607209482,0.021740760607209482,0.021740760607209482,75.26181432877829,19.949328726878626,-0.1469472862654895,0.04938544444387105,-0.07795064670986918,-0.04909970600473282,0.09227797920092047,0.104527539792902,0.015822172164916992,False,DISABLED,none,MODEL_ORIGIN_FRAME_NOT_ESTABLISHED,nan,nan,nan,nan,nan,nan,nan,nan,nan,nan,nan,nan,nan,NOT_EVALUATED,nan,nan,nan,nan,DISABLED,nan,nan,nan,nan,nan,nan
1791471045.436161,1791471045.457289,1791471045.4635892,1791471045.4636114,front_rgbd_red_sphere,True,True,True,,54.252,54.252,1791471045.457289,1791471045.455923,1791471045.436161,1791471045.436161,1791471045.436161,0.0,1791471044.4321585,1791471045.4521713,1791471045.4432678,1791471045.4521713,1791471045.4432678,1791471045.4521713,1791471044.4281633,1791471045.4521713,1791471044.4321585,1791471045.4521713,1791470991.184161,GAZEBO_CLOCK_SYSTEM_INTERPOLATION,MAPPED_EXACT,0,54.252,1791471045.436161,0.0034685134887695312,0.0,RGB,0.0,0,1,0,UNCALIBRATED,PREPARATION,MID,TURNING,1.0,455,1.0,6.746392726898193,0.489168256521225,nan,nan,False,0.0,0.0,0.0,0.0,0,0,0,0,0,0.0,0.0,0.0,0.0,0.0,0.0,0.0,0.0,0.0,0.0,0.0,0.0,0.0,0.0,5.955202825302408,-2.7641133088888834,-1.552112432139965,0.0,0.0,0.0,0.0,0.0,0.0,0.0,0.0,0.0,0.0,0.0,False,DISABLED,0,nan,nan,nan,nan,nan,nan,nan,nan,nan,nan,nan,nan,nan,nan,nan,nan,nan,nan,nan,nan,nan,nan,nan,nan,nan,nan,nan,nan,nan,nan,nan,nan,nan,nan,75.11272889714648,19.8502326300332,-0.19264650095763075,0.021745610119108586,0.021745610119108586,0.021745610119108586,75.05502746947343,19.927314391170817,-0.14401193635687082,0.05770142767305231,-0.07708176113761667,-0.04863456460075993,0.09628630564927225,0.1078720238499796,0.021127939224243164,False,DISABLED,none,MODEL_ORIGIN_FRAME_NOT_ESTABLISHED,nan,nan,nan,nan,nan,nan,nan,nan,nan,nan,nan,nan,nan,NOT_EVALUATED,nan,nan,nan,nan,DISABLED,nan,nan,nan,nan,nan,nan
1791471045.48416,1791471045.5003595,1791471045.5043414,1791471045.5043647,front_rgbd_red_sphere,True,True,True,,54.3,54.3,1791471045.5003595,1791471045.4993584,1791471045.48416,1791471045.48416,1791471045.48416,0.0,1791471044.4721665,1791471045.4921656,1791471045.483268,1791471045.4921656,1791471045.483268,1791471045.4921656,1791471044.4681597,1791471045.4921656,1791471044.4721665,1791471045.4921656,1791470991.18416,GAZEBO_CLOCK_SYSTEM_INTERPOLATION,MAPPED_EXACT,0,54.3,1791471045.48416,0.0005743503570556641,0.0,RGB,0.0,0,1,0,UNCALIBRATED,PREPARATION,MID,TURNING,1.0,457,1.0,6.758875846862793,0.4894438087940216,nan,nan,False,0.0,0.0,0.0,0.0,0,0,0,0,0,0.0,0.0,0.0,0.0,0.0,0.0,0.0,0.0,0.0,0.0,0.0,0.0,0.0,0.0,5.9653465667157235,-2.778162302678264,-1.54235472397105,0.0,0.0,0.0,0.0,0.0,0.0,0.0,0.0,0.0,0.0,0.0,False,DISABLED,0,nan,nan,nan,nan,nan,nan,nan,nan,nan,nan,nan,nan,nan,nan,nan,nan,nan,nan,nan,nan,nan,nan,nan,nan,nan,nan,nan,nan,nan,nan,nan,nan,nan,nan,74.9150231094547,19.825869937271456,-0.18867486280176665,0.021782441805870842,0.021782441805870842,0.021782441805870842,74.86435589590816,19.903758128696083,-0.14046880600681216,0.05066721354653225,-0.077888191424627,-0.04820605679495449,0.0929179040442112,0.1046783683656161,0.016199588775634766,False,DISABLED,none,MODEL_ORIGIN_FRAME_NOT_ESTABLISHED,nan,nan,nan,nan,nan,nan,nan,nan,nan,nan,nan,nan,nan,NOT_EVALUATED,nan,nan,nan,nan,DISABLED,nan,nan,nan,nan,nan,nan
1791471045.536164,1791471045.5659156,1791471045.5693521,1791471045.5693717,front_rgbd_red_sphere,True,True,True,,54.352,54.352,1791471045.559405,1791471045.5659156,1791471045.536164,1791471045.536164,1791471045.536164,0.0,1791471044.5521777,1791471045.548179,1791471045.539268,1791471045.548179,1791471045.543268,1791471045.5522387,1791471044.5321581,1791471045.548179,1791471044.5521777,1791471045.5522387,1791470991.184164,GAZEBO_CLOCK_SYSTEM_INTERPOLATION,MAPPED_EXACT,0,54.352,1791471045.536164,0.002028226852416992,0.0,RGB,0.0,0,1,0,UNCALIBRATED,PREPARATION,MID,TURNING,1.0,456,1.0,6.761870384216309,0.4894278049468994,nan,nan,False,0.0,0.0,0.0,0.0,0,0,0,0,0,0.0,0.0,0.0,0.0,0.0,0.0,0.0,0.0,0.0,0.0,0.0,0.0,0.0,0.0,5.968040437189445,-2.781003695681549,-1.539936218548599,0.0,0.0,0.0,0.0,0.0,0.0,0.0,0.0,0.0,0.0,0.0,False,DISABLED,0,nan,nan,nan,nan,nan,nan,nan,nan,nan,nan,nan,nan,nan,nan,nan,nan,nan,nan,nan,nan,nan,nan,nan,nan,nan,nan,nan,nan,nan,nan,nan,nan,nan,nan,74.71740783114677,19.798118799999592,-0.18361630361986409,0.021791281872399454,0.021791281872399454,0.021791281872399454,74.65860038510617,19.874717641493753,-0.13571477250964062,0.058807446040603395,-0.0765988414941603,-0.047901531110223466,0.09656965479935181,0.10779728619390044,0.02975153923034668,False,DISABLED,none,MODEL_ORIGIN_FRAME_NOT_ESTABLISHED,nan,nan,nan,nan,nan,nan,nan,nan,nan,nan,nan,nan,nan,NOT_EVALUATED,nan,nan,nan,nan,DISABLED,nan,nan,nan,nan,nan,nan
1791471045.5841613,1791471045.6012454,1791471045.6046755,1791471045.6046984,front_rgbd_red_sphere,True,True,True,,54.4,54.4,1791471045.6012454,1791471045.5994244,1791471045.5841613,1791471045.5841613,1791471045.5841613,0.0,1791471044.5921764,1791471045.5881746,1791471045.579268,1791471045.5881746,1791471045.583268,1791471045.592181,1791471044.5722241,1791471045.5881746,1791471044.5921764,1791471045.592181,1791470991.1841612,GAZEBO_CLOCK_SYSTEM_INTERPOLATION,MAPPED_EXACT,0,54.4,1791471045.5841613,0.001279592514038086,0.0,RGB,0.0,0,1,0,UNCALIBRATED,PREPARATION,MID,TURNING,1.0,453,1.0,6.7757086753845215,0.48891374468803406,nan,nan,False,0.0,0.0,0.0,0.0,0,0,0,0,0,0.0,0.0,0.0,0.0,0.0,0.0,0.0,0.0,0.0,0.0,0.0,0.0,0.0,0.0,5.981890602379368,-2.789782847164181,-1.53111798530227,0.0,0.0,0.0,0.0,0.0,0.0,0.0,0.0,0.0,0.0,0.0,False,DISABLED,0,nan,nan,nan,nan,nan,nan,nan,nan,nan,nan,nan,nan,nan,nan,nan,nan,nan,nan,nan,nan,nan,nan,nan,nan,nan,nan,nan,nan,nan,nan,nan,nan,nan,nan,74.52077820737787,19.76711210075847,-0.17790470764331795,0.02183215619410752,0.02183215619410752,0.02183215619410752,74.46911702289324,19.84487513247112,-0.13054442962320856,0.05166118448462953,-0.07776303171264942,-0.04736027802010939,0.09335934384675937,0.1046850658768456,0.017084121704101562,False,DISABLED,none,MODEL_ORIGIN_FRAME_NOT_ESTABLISHED,nan,nan,nan,nan,nan,nan,nan,nan,nan,nan,nan,nan,nan,NOT_EVALUATED,nan,nan,nan,nan,DISABLED,nan,nan,nan,nan,nan,nan
1791471045.6361554,1791471045.6503701,1791471045.6610937,1791471045.6611352,front_rgbd_red_sphere,True,True,True,,54.452,54.452,1791471045.6503701,1791471045.649344,1791471045.6361554,1791471045.6361554,1791471045.6361554,0.0,1791471044.6321902,1791471045.6521633,1791471045.643298,1791471045.6521633,1791471045.643298,1791471045.6521633,1791471044.6281886,1791471045.6521633,1791471044.6321902,1791471045.6521633,1791470991.1841555,GAZEBO_CLOCK_SYSTEM_INTERPOLATION,MAPPED_EXACT,0,54.452,1791471045.6361554,0.0012464523315429688,0.0,RGB,0.0,0,1,0,UNCALIBRATED,PREPARATION,MID,TURNING,1.0,452,1.0,6.779537200927734,0.48820602893829346,nan,nan,False,0.0,0.0,0.0,0.0,0,0,0,0,0,0.0,0.0,0.0,0.0,0.0,0.0,0.0,0.0,0.0,0.0,0.0,0.0,0.0,0.0,5.987522789636061,-2.787154408545416,-1.5308389416371635,0.0,0.0,0.0,0.0,0.0,0.0,0.0,0.0,0.0,0.0,0.0,False,DISABLED,0,nan,nan,nan,nan,nan,nan,nan,nan,nan,nan,nan,nan,nan,nan,nan,nan,nan,nan,nan,nan,nan,nan,nan,nan,nan,nan,nan,nan,nan,nan,nan,nan,nan,nan,74.32458237063575,19.732603941104035,-0.1713585638665593,0.021843472436435328,0.021843472436435328,0.021843472436435328,74.2639557790845,19.809096098529604,-0.12407070220435791,0.06062659155125516,-0.07649215742556947,-0.04728786166220138,0.09760447607943412,0.10845633043453166,0.014214754104614258,False,DISABLED,none,MODEL_ORIGIN_FRAME_NOT_ESTABLISHED,nan,nan,nan,nan,nan,nan,nan,nan,nan,nan,nan,nan,nan,NOT_EVALUATED,nan,nan,nan,nan,DISABLED,nan,nan,nan,nan,nan,nan
1791471045.6841614,1791471045.7071548,1791471045.7123287,1791471045.7123659,front_rgbd_red_sphere,True,True,True,,54.5,54.5,1791471045.6988204,1791471045.7071548,1791471045.6841614,1791471045.6841614,1791471045.6841614,0.0,1791471044.6721635,1791471045.6921809,1791471045.6832979,1791471045.6921809,1791471045.6832979,1791471045.6921809,1791471044.6681588,1791471045.6921809,1791471044.6721635,1791471045.6921809,1791470991.1841614,GAZEBO_CLOCK_SYSTEM_INTERPOLATION,MAPPED_EXACT,0,54.5,1791471045.6841614,0.0033082962036132812,0.0,RGB,0.0,0,1,0,UNCALIBRATED,PREPARATION,MID,TURNING,1.0,450,1.0,6.794424533843994,0.4870595932006836,nan,nan,False,0.0,0.0,0.0,0.0,0,0,0,0,0,0.0,0.0,0.0,0.0,0.0,0.0,0.0,0.0,0.0,0.0,0.0,0.0,0.0,0.0,6.0043205595568825,-2.7915913627262405,-1.5229442547618028,0.0,0.0,0.0,0.0,0.0,0.0,0.0,0.0,0.0,0.0,0.0,False,DISABLED,0,nan,nan,nan,nan,nan,nan,nan,nan,nan,nan,nan,nan,nan,nan,nan,nan,nan,nan,nan,nan,nan,nan,nan,nan,nan,nan,nan,nan,nan,nan,nan,nan,nan,nan,74.12847957351609,19.695137494832903,-0.16460227170391567,0.021887500202434712,0.021887500202434712,0.021887500202434712,74.07529166811358,19.773238380005555,-0.1173852743598035,0.05318790540250973,-0.07810088517265257,-0.047216997344112166,0.09449180676576242,0.10563212761301403,0.02299332618713379,False,DISABLED,none,MODEL_ORIGIN_FRAME_NOT_ESTABLISHED,nan,nan,nan,nan,nan,nan,nan,nan,nan,nan,nan,nan,nan,NOT_EVALUATED,nan,nan,nan,nan,DISABLED,nan,nan,nan,nan,nan,nan
1791471045.7361922,1791471045.7625697,1791471045.7661664,1791471045.7661855,front_rgbd_red_sphere,True,True,True,,54.552,54.552,1791471045.7625697,1791471045.7617435,1791471045.7361922,1791471045.7361922,1791471045.7361922,0.0,1791471044.7321575,1791471045.7481735,1791471045.7392979,1791471045.7481735,1791471045.7432978,1791471045.7521646,1791471044.7321575,1791471045.7481735,1791471044.7321575,1791471045.7521646,1791470991.1841922,GAZEBO_CLOCK_SYSTEM_INTERPOLATION,MAPPED_EXACT,0,54.552,1791471045.7361922,0.0025720596313476562,0.0,RGB,0.0,0,1,0,UNCALIBRATED,PREPARATION,MID,TURNING,1.0,448,1.0,6.799069404602051,0.485501229763031,nan,nan,False,0.0,0.0,0.0,0.0,0,0,0,0,0,0.0,0.0,0.0,0.0,0.0,0.0,0.0,0.0,0.0,0.0,0.0,0.0,0.0,0.0,6.013376912707766,-2.7837607150817614,-1.5222745735492778,0.0,0.0,0.0,0.0,0.0,0.0,0.0,0.0,0.0,0.0,0.0,False,DISABLED,0,nan,nan,nan,nan,nan,nan,nan,nan,nan,nan,nan,nan,nan,nan,nan,nan,nan,nan,nan,nan,nan,nan,nan,nan,nan,nan,nan,nan,nan,nan,nan,nan,nan,nan,73.93290458764108,19.654758680100596,-0.15671776671985244,0.021901245681331744,0.021901245681331744,0.021901245681331744,73.87138051904338,19.731179378517155,-0.10936395980569316,0.06152406859769144,-0.07642069841655896,-0.047353806914159274,0.09810878739077403,0.1089390526512489,0.026377439498901367,False,DISABLED,none,MODEL_ORIGIN_FRAME_NOT_ESTABLISHED,nan,nan,nan,nan,nan,nan,nan,nan,nan,nan,nan,nan,nan,NOT_EVALUATED,nan,nan,nan,nan,DISABLED,nan,nan,nan,nan,nan,nan
1791471045.7841587,1791471045.800802,1791471045.8050685,1791471045.8050876,front_rgbd_red_sphere,True,True,True,,54.6,54.6,1791471045.800802,1791471045.79937,1791471045.7841587,1791471045.7841587,1791471045.7841587,0.0,1791471044.7921627,1791471045.7881632,1791471045.7792978,1791471045.7881632,1791471045.783298,1791471045.7921681,1791471044.772162,1791471045.7881632,1791471044.7921627,1791471045.7921681,1791470991.1841588,GAZEBO_CLOCK_SYSTEM_INTERPOLATION,MAPPED_EXACT,0,54.6,1791471045.7841587,0.0015702247619628906,0.0,RGB,0.0,0,1,0,UNCALIBRATED,PREPARATION,MID,TURNING,1.0,444,1.0,6.81474494934082,0.483600378036499,nan,nan,False,0.0,0.0,0.0,0.0,0,0,0,0,0,0.0,0.0,0.0,0.0,0.0,0.0,0.0,0.0,0.0,0.0,0.0,0.0,0.0,0.0,6.033275083804801,-2.781958868219081,-1.516920421673454,0.0,0.0,0.0,0.0,0.0,0.0,0.0,0.0,0.0,0.0,0.0,False,DISABLED,0,nan,nan,nan,nan,nan,nan,nan,nan,nan,nan,nan,nan,nan,nan,nan,nan,nan,nan,nan,nan,nan,nan,nan,nan,nan,nan,nan,nan,nan,nan,nan,nan,nan,nan,73.73835776594679,19.611548489198395,-0.14823559285559534,0.02194766727454512,0.02194766727454512,0.02194766727454512,73.68403564174164,19.68972558211931,-0.1013411224275631,0.05432212420514304,-0.0781770929209138,-0.04689447042803224,0.09519743187567707,0.1061208857504015,0.016643285751342773,False,DISABLED,none,MODEL_ORIGIN_FRAME_NOT_ESTABLISHED,nan,nan,nan,nan,nan,nan,nan,nan,nan,nan,nan,nan,nan,NOT_EVALUATED,nan,nan,nan,nan,DISABLED,nan,nan,nan,nan,nan,nan
1791471045.8361595,1791471045.8562622,1791471045.8633113,1791471045.8633332,front_rgbd_red_sphere,True,True,True,,54.652,54.652,1791471045.8562622,1791471045.854692,1791471045.8361595,1791471045.8361595,1791471045.8361595,0.0,1791471044.8521662,1791471045.852167,1791471045.843298,1791471045.852167,1791471045.843298,1791471045.852167,1791471044.8521662,1791471045.852167,1791471044.8521662,1791471045.852167,1791470991.1841595,GAZEBO_CLOCK_SYSTEM_INTERPOLATION,MAPPED_EXACT,0,54.652,1791471045.8361595,0.002370595932006836,0.0,RGB,0.0,0,1,0,UNCALIBRATED,PREPARATION,MID,TURNING,1.0,443,1.0,6.820006370544434,0.48139747977256775,nan,nan,False,0.0,0.0,0.0,0.0,0,0,0,0,0,0.0,0.0,0.0,0.0,0.0,0.0,0.0,0.0,0.0,0.0,0.0,0.0,0.0,0.0,6.044903886848364,-2.767987359296931,-1.519824969738696,0.0,0.0,0.0,0.0,0.0,0.0,0.0,0.0,0.0,0.0,0.0,False,DISABLED,0,nan,nan,nan,nan,nan,nan,nan,nan,nan,nan,nan,nan,nan,nan,nan,nan,nan,nan,nan,nan,nan,nan,nan,nan,nan,nan,nan,nan,nan,nan,nan,nan,nan,nan,73.54432293632418,19.565684669073864,-0.13915010745421336,0.021963258462217604,0.021963258462217604,0.021963258462217604,73.4816544283549,19.641806436252573,-0.09197959415882556,0.0626685079692777,-0.07612176717870867,-0.047170513295387795,0.09859951992532696,0.10930197918635923,0.020102739334106445,False,DISABLED,none,MODEL_ORIGIN_FRAME_NOT_ESTABLISHED,nan,nan,nan,nan,nan,nan,nan,nan,nan,nan,nan,nan,nan,NOT_EVALUATED,nan,nan,nan,nan,DISABLED,nan,nan,nan,nan,nan,nan
1791471045.8841572,1791471045.9016972,1791471045.90571,1791471045.9057302,front_rgbd_red_sphere,True,True,True,,54.7,54.7,1791471045.9016972,1791471045.899607,1791471045.8841572,1791471045.8841572,1791471045.8841572,0.0,1791471044.872163,1791471045.8921702,1791471045.883298,1791471045.8921702,1791471045.883298,1791471045.8921702,1791471044.8681593,1791471045.8921702,1791471044.872163,1791471045.8921702,1791470991.1841571,GAZEBO_CLOCK_SYSTEM_INTERPOLATION,MAPPED_EXACT,0,54.7,1791471045.8841572,0.002089262008666992,0.0,RGB,0.0,0,1,0,UNCALIBRATED,PREPARATION,MID,TURNING,1.0,434,1.0,6.836052417755127,0.47890084981918335,nan,nan,False,0.0,0.0,0.0,0.0,0,0,0,0,0,0.0,0.0,0.0,0.0,0.0,0.0,0.0,0.0,0.0,0.0,0.0,0.0,0.0,0.0,6.067009684226393,-2.761484407564108,-1.5156539778929432,0.0,0.0,0.0,0.0,0.0,0.0,0.0,0.0,0.0,0.0,0.0,False,DISABLED,0,nan,nan,nan,nan,nan,nan,nan,nan,nan,nan,nan,nan,nan,nan,nan,nan,nan,nan,nan,nan,nan,nan,nan,nan,nan,nan,nan,nan,nan,nan,nan,nan,nan,nan,73.35106597133935,19.517133986254425,-0.1297373794640428,0.022010844475371813,0.022010844475371813,0.022010844475371813,73.29544123707551,19.595035007878675,-0.08280605457322393,0.05562473426384429,-0.07790102162424972,-0.04693132489081886,0.0957218900357965,0.10660783033170082,0.01753997802734375,False,DISABLED,none,MODEL_ORIGIN_FRAME_NOT_ESTABLISHED,nan,nan,nan,nan,nan,nan,nan,nan,nan,nan,nan,nan,nan,NOT_EVALUATED,nan,nan,nan,nan,DISABLED,nan,nan,nan,nan,nan,nan
1791471045.9361594,1791471045.9521685,1791471045.962806,1791471045.9628296,front_rgbd_red_sphere,True,True,True,,54.752,54.752,1791471045.9521685,1791471045.9506397,1791471045.9361594,1791471045.9361594,1791471045.9361594,0.0,1791471044.9521704,1791471045.948173,1791471045.939298,1791471045.948173,1791471045.9432979,1791471045.9521759,1791471044.9481707,1791471045.948173,1791471044.9521704,1791471045.9521759,1791470991.1841593,GAZEBO_CLOCK_SYSTEM_INTERPOLATION,MAPPED_EXACT,0,54.752,1791471045.9361594,0.0026514530181884766,0.0,RGB,0.0,0,1,0,UNCALIBRATED,PREPARATION,MID,TURNING,1.0,433,1.0,6.841679573059082,0.47608819603919983,nan,nan,False,0.0,0.0,0.0,0.0,0,0,0,0,0,0.0,0.0,0.0,0.0,0.0,0.0,0.0,0.0,0.0,0.0,0.0,0.0,0.0,0.0,6.080847246544722,-2.742264663075998,-1.5204802624734253,0.0,0.0,0.0,0.0,0.0,0.0,0.0,0.0,0.0,0.0,0.0,False,DISABLED,0,nan,nan,nan,nan,nan,nan,nan,nan,nan,nan,nan,nan,nan,nan,nan,nan,nan,nan,nan,nan,nan,nan,nan,nan,nan,nan,nan,nan,nan,nan,nan,nan,nan,nan,73.15844234520688,19.46602488357836,-0.11960167821795936,0.02202754516085826,0.02202754516085826,0.02202754516085826,73.09443165987206,19.54155708200611,-0.0723242798913988,0.06401068533482146,-0.0755321984277515,-0.04727739832656057,0.09900747868905031,0.109716148441745,0.016009092330932617,False,DISABLED,none,MODEL_ORIGIN_FRAME_NOT_ESTABLISHED,nan,nan,nan,nan,nan,nan,nan,nan,nan,nan,nan,nan,nan,NOT_EVALUATED,nan,nan,nan,nan,DISABLED,nan,nan,nan,nan,nan,nan
1791471045.9841566,1791471046.0027401,1791471046.007663,1791471046.0076985,front_rgbd_red_sphere,True,True,True,,54.8,54.8,1791471046.0027401,1791471046.0011487,1791471045.9841566,1791471045.9841566,1791471045.9841566,0.0,1791471044.9921763,1791471045.9881692,1791471045.9792979,1791471045.9881692,1791471045.9832978,1791471045.9921777,1791471044.9721584,1791471045.9881692,1791471044.9921763,1791471045.9921777,1791470991.1841567,GAZEBO_CLOCK_SYSTEM_INTERPOLATION,MAPPED_EXACT,0,54.8,1791471045.9841566,0.0028569698333740234,0.0,RGB,0.0,0,1,0,UNCALIBRATED,PREPARATION,MID,TURNING,1.0,431,1.0,6.857919216156006,0.4729921221733093,nan,nan,False,0.0,0.0,0.0,0.0,0,0,0,0,0,0.0,0.0,0.0,0.0,0.0,0.0,0.0,0.0,0.0,0.0,0.0,0.0,0.0,0.0,6.104982885484657,-2.7298034468783143,-1.5193463475822642,0.0,0.0,0.0,0.0,0.0,0.0,0.0,0.0,0.0,0.0,0.0,False,DISABLED,0,nan,nan,nan,nan,nan,nan,nan,nan,nan,nan,nan,nan,nan,nan,nan,nan,nan,nan,nan,nan,nan,nan,nan,nan,nan,nan,nan,nan,nan,nan,nan,nan,nan,nan,72.96659918765722,19.41245354974347,-0.1094214831453168,0.022075776395213752,0.022075776395213752,0.022075776395213752,72.90955684760846,19.4898193874538,-0.062231765888820914,0.05704234004876696,-0.07736583771032812,-0.047189717256495886,0.09612128485855768,0.10708020740364681,0.01858353614807129,False,DISABLED,none,MODEL_ORIGIN_FRAME_NOT_ESTABLISHED,nan,nan,nan,nan,nan,nan,nan,nan,nan,nan,nan,nan,nan,NOT_EVALUATED,nan,nan,nan,nan,DISABLED,nan,nan,nan,nan,nan,nan
1791471046.0361576,1791471046.0516493,1791471046.0661786,1791471046.0662198,front_rgbd_red_sphere,True,True,True,,54.852,54.852,1791471046.0516493,1791471046.0500026,1791471046.0361576,1791471046.0361576,1791471046.0361576,0.0,1791471045.03216,1791471046.0521624,1791471046.043298,1791471046.0521624,1791471046.043298,1791471046.0521624,1791471045.0281653,1791471046.0521624,1791471045.03216,1791471046.0521624,1791470991.1841576,GAZEBO_CLOCK_SYSTEM_INTERPOLATION,MAPPED_EXACT,0,54.852,1791471046.0361576,0.0036334991455078125,0.0,RGB,0.0,0,1,0,UNCALIBRATED,PREPARATION,MID,TURNING,1.0,428,1.0,6.863520622253418,0.46970486640930176,nan,nan,False,0.0,0.0,0.0,0.0,0,0,0,0,0,0.0,0.0,0.0,0.0,0.0,0.0,0.0,0.0,0.0,0.0,0.0,0.0,0.0,0.0,6.120214525335238,-2.705076805383939,-1.5275635505629477,0.0,0.0,0.0,0.0,0.0,0.0,0.0,0.0,0.0,0.0,0.0,False,DISABLED,0,nan,nan,nan,nan,nan,nan,nan,nan,nan,nan,nan,nan,nan,nan,nan,nan,nan,nan,nan,nan,nan,nan,nan,nan,nan,nan,nan,nan,nan,nan,nan,nan,nan,nan,72.77541770888328,19.356156285173007,-0.09865942160975733,0.022092424838073697,0.022092424838073697,0.022092424838073697,72.7101365538215,19.431168077508076,-0.05089671977534218,0.06528115506178267,-0.0750117923350686,-0.047762701834415146,0.09944042535870394,0.1103162448692087,0.015491724014282227,False,DISABLED,none,MODEL_ORIGIN_FRAME_NOT_ESTABLISHED,nan,nan,nan,nan,nan,nan,nan,nan,nan,nan,nan,nan,nan,NOT_EVALUATED,nan,nan,nan,nan,DISABLED,nan,nan,nan,nan,nan,nan
1791471046.0841563,1791471046.1009035,1791471046.1047604,1791471046.1047823,front_rgbd_red_sphere,True,True,True,,54.9,54.9,1791471046.1009035,1791471046.099182,1791471046.0841563,1791471046.0841563,1791471046.0841563,0.0,1791471045.0721586,1791471046.0921772,1791471046.083298,1791471046.0921772,1791471046.083298,1791471046.0921772,1791471045.0681646,1791471046.0921772,1791471045.0721586,1791471046.0921772,1791470991.1841562,GAZEBO_CLOCK_SYSTEM_INTERPOLATION,MAPPED_EXACT,0,54.9,1791471046.0841563,0.0011570453643798828,0.0,RGB,0.0,0,1,0,UNCALIBRATED,PREPARATION,MID,TURNING,1.0,423,1.0,6.879858016967773,0.4662928581237793,nan,nan,False,0.0,0.0,0.0,0.0,0,0,0,0,0,0.0,0.0,0.0,0.0,0.0,0.0,0.0,0.0,0.0,0.0,0.0,0.0,0.0,0.0,6.145371551759124,-2.6883844489486193,-1.5295232835001156,0.0,0.0,0.0,0.0,0.0,0.0,0.0,0.0,0.0,0.0,0.0,False,DISABLED,0,nan,nan,nan,nan,nan,nan,nan,nan,nan,nan,nan,nan,nan,nan,nan,nan,nan,nan,nan,nan,nan,nan,nan,nan,nan,nan,nan,nan,nan,nan,nan,nan,nan,nan,72.58504885803993,19.29735847642328,-0.08766560960019815,0.02214101694049617,0.02214101694049617,0.02214101694049617,72.52660234485724,19.37475964727001,-0.040131636109386144,0.058446513182687454,-0.0774011708467306,-0.047533973490812,0.09698936102304642,0.10801117899312114,0.016747236251831055,False,DISABLED,none,MODEL_ORIGIN_FRAME_NOT_ESTABLISHED,nan,nan,nan,nan,nan,nan,nan,nan,nan,nan,nan,nan,nan,NOT_EVALUATED,nan,nan,nan,nan,DISABLED,nan,nan,nan,nan,nan,nan
1791471046.1361606,1791471046.1616173,1791471046.1674256,1791471046.1674612,front_rgbd_red_sphere,True,True,True,,54.952,54.952,1791471046.1616173,1791471046.1503513,1791471046.1361606,1791471046.1361606,1791471046.1361606,0.0,1791471045.1521668,1791471046.1481788,1791471046.139298,1791471046.1481788,1791471046.143298,1791471046.1521738,1791471045.1321576,1791471046.1481788,1791471045.1521668,1791471046.1521738,1791470991.1841607,GAZEBO_CLOCK_SYSTEM_INTERPOLATION,MAPPED_EXACT,0,54.952,1791471046.1361606,0.0017833709716796875,0.0,RGB,0.0,0,1,0,UNCALIBRATED,PREPARATION,MID,TURNING,1.0,420,1.0,6.885082721710205,0.46254563331604004,nan,nan,False,0.0,0.0,0.0,0.0,0,0,0,0,0,0.0,0.0,0.0,0.0,0.0,0.0,0.0,0.0,0.0,0.0,0.0,0.0,0.0,0.0,6.1615944164869125,-2.658795364031662,-1.5394553584079336,0.0,0.0,0.0,0.0,0.0,0.0,0.0,0.0,0.0,0.0,0.0,False,DISABLED,0,nan,nan,nan,nan,nan,nan,nan,nan,nan,nan,nan,nan,nan,nan,nan,nan,nan,nan,nan,nan,nan,nan,nan,nan,nan,nan,nan,nan,nan,nan,nan,nan,nan,nan,72.39559821940111,19.236537739681946,-0.07611024158154217,0.02215656817015807,0.02215656817015807,0.02215656817015807,72.32853424100524,19.311168358792123,-0.02820590707424709,0.06706397839586486,-0.07463061911017732,-0.04790433450729508,0.10033596816221685,0.11118512387741543,0.025456666946411133,False,DISABLED,none,MODEL_ORIGIN_FRAME_NOT_ESTABLISHED,nan,nan,nan,nan,nan,nan,nan,nan,nan,nan,nan,nan,nan,NOT_EVALUATED,nan,nan,nan,nan,DISABLED,nan,nan,nan,nan,nan,nan
1791471046.184158,1791471046.2001991,1791471046.2059283,1791471046.205948,front_rgbd_red_sphere,True,True,True,,55.0,55.0,1791471046.2001991,1791471046.1990297,1791471046.184158,1791471046.184158,1791471046.184158,0.0,1791471045.1721582,1791471046.1881683,1791471046.179298,1791471046.1881683,1791471046.1832979,1791471046.1921737,1791471045.1721582,1791471046.1881683,1791471045.1721582,1791471046.1921737,1791470991.184158,GAZEBO_CLOCK_SYSTEM_INTERPOLATION,MAPPED_EXACT,0,55.0,1791471046.184158,0.0012683868408203125,0.0,RGB,0.0,0,1,0,UNCALIBRATED,PREPARATION,MID,TURNING,1.0,414,1.0,6.901060104370117,0.4584859013557434,nan,nan,False,0.0,0.0,0.0,0.0,0,0,0,0,0,0.0,0.0,0.0,0.0,0.0,0.0,0.0,0.0,0.0,0.0,0.0,0.0,0.0,0.0,6.188343679685596,-2.637614786868436,-1.5401362147726825,0.0,0.0,0.0,0.0,0.0,0.0,0.0,0.0,0.0,0.0,0.0,False,DISABLED,0,nan,nan,nan,nan,nan,nan,nan,nan,nan,nan,nan,nan,nan,nan,nan,nan,nan,nan,nan,nan,nan,nan,nan,nan,nan,nan,nan,nan,nan,nan,nan,nan,nan,nan,72.20650860172748,19.17311435669408,-0.06463227127677834,0.02220415884720833,0.02220415884720833,0.02220415884720833,72.14644072514493,19.25039402049067,-0.01703660571181391,0.06006787658255064,-0.07727966379659179,-0.04759566556496443,0.09787898770242158,0.10883769390345763,0.016041040420532227,False,DISABLED,none,MODEL_ORIGIN_FRAME_NOT_ESTABLISHED,nan,nan,nan,nan,nan,nan,nan,nan,nan,nan,nan,nan,nan,NOT_EVALUATED,nan,nan,nan,nan,DISABLED,nan,nan,nan,nan,nan,nan
1791471046.2361577,1791471046.261532,1791471046.264726,1791471046.264745,front_rgbd_red_sphere,True,True,True,,55.052,55.052,1791471046.261532,1791471046.2605472,1791471046.2361577,1791471046.2361577,1791471046.2361577,0.0,1791471045.252162,1791471046.252175,1791471046.2432978,1791471046.252175,1791471046.2432978,1791471046.252175,1791471045.252162,1791471046.252175,1791471045.252162,1791471046.252175,1791470991.1841576,GAZEBO_CLOCK_SYSTEM_INTERPOLATION,MAPPED_EXACT,0,55.052,1791471046.2361577,0.0015411376953125,0.0,RGB,0.0,0,1,0,UNCALIBRATED,PREPARATION,MID,TURNING,1.0,413,1.0,6.905904293060303,0.4543461203575134,nan,nan,False,0.0,0.0,0.0,0.0,0,0,0,0,0,0.0,0.0,0.0,0.0,0.0,0.0,0.0,0.0,0.0,0.0,0.0,0.0,0.0,0.0,6.205287889137696,-2.6042201491491315,-1.550469416686705,0.0,0.0,0.0,0.0,0.0,0.0,0.0,0.0,0.0,0.0,0.0,False,DISABLED,0,nan,nan,nan,nan,nan,nan,nan,nan,nan,nan,nan,nan,nan,nan,nan,nan,nan,nan,nan,nan,nan,nan,nan,nan,nan,nan,nan,nan,nan,nan,nan,nan,nan,nan,72.01852904374961,19.10747024415516,-0.0526400705572056,0.022218598641892358,0.022218598641892358,0.022218598641892358,71.94997657079071,19.18223838909713,-0.004827294478678986,0.0685524729588991,-0.07476814494197015,-0.04781277607852661,0.10143824252639656,0.11214177902628163,0.025374412536621094,False,DISABLED,none,MODEL_ORIGIN_FRAME_NOT_ESTABLISHED,nan,nan,nan,nan,nan,nan,nan,nan,nan,nan,nan,nan,nan,NOT_EVALUATED,nan,nan,nan,nan,DISABLED,nan,nan,nan,nan,nan,nan
1791471046.2841563,1791471046.2989004,1791471046.3048952,1791471046.30493,front_rgbd_red_sphere,True,True,True,,55.1,55.1,1791471046.2989004,1791471046.2976804,1791471046.2841563,1791471046.2841563,1791471046.2841563,0.0,1791471045.2921643,1791471046.2921767,1791471046.283298,1791471046.2921767,1791471046.283298,1791471046.2921767,1791471045.2921643,1791471046.2921767,1791471045.2921643,1791471046.2921767,1791470991.1841564,GAZEBO_CLOCK_SYSTEM_INTERPOLATION,MAPPED_EXACT,0,55.1,1791471046.2841563,0.0038208961486816406,0.0,RGB,0.0,0,1,0,UNCALIBRATED,PREPARATION,MID,TURNING,1.0,407,1.0,6.921144008636475,0.4500980079174042,nan,nan,False,0.0,0.0,0.0,0.0,0,0,0,0,0,0.0,0.0,0.0,0.0,0.0,0.0,0.0,0.0,0.0,0.0,0.0,0.0,0.0,0.0,6.231829154693821,-2.5792613667276747,-1.5536900626490109,0.0,0.0,0.0,0.0,0.0,0.0,0.0,0.0,0.0,0.0,0.0,False,DISABLED,0,nan,nan,nan,nan,nan,nan,nan,nan,nan,nan,nan,nan,nan,nan,nan,nan,nan,nan,nan,nan,nan,nan,nan,nan,nan,nan,nan,nan,nan,nan,nan,nan,nan,nan,71.83137424299117,19.039587095999217,-0.040915269254567066,0.02226405433420007,0.02226405433420007,0.02226405433420007,71.76919335145277,19.11731509670924,0.006480473666578546,0.06218089153840367,-0.0777280007100245,-0.04739574292114561,0.09953946637835814,0.11024727576650416,0.014744043350219727,False,DISABLED,none,MODEL_ORIGIN_FRAME_NOT_ESTABLISHED,nan,nan,nan,nan,nan,nan,nan,nan,nan,nan,nan,nan,nan,NOT_EVALUATED,nan,nan,nan,nan,DISABLED,nan,nan,nan,nan,nan,nan
1791471046.3361719,1791471046.352154,1791471046.3608267,1791471046.3608615,front_rgbd_red_sphere,True,True,True,,55.152,55.152,1791471046.352154,1791471046.3506758,1791471046.3361719,1791471046.3361719,1791471046.3361719,0.0,1791471045.3321588,1791471046.348165,1791471046.339298,1791471046.348165,1791471046.343298,1791471046.3521633,1791471045.3321588,1791471046.348165,1791471045.3321588,1791471046.3521633,1791470991.184172,GAZEBO_CLOCK_SYSTEM_INTERPOLATION,MAPPED_EXACT,0,55.152,1791471046.3361719,0.0010178089141845703,0.0,RGB,0.0,0,1,0,UNCALIBRATED,PREPARATION,MID,TURNING,1.0,406,1.0,6.925090789794922,0.445665568113327,nan,nan,False,0.0,0.0,0.0,0.0,0,0,0,0,0,0.0,0.0,0.0,0.0,0.0,0.0,0.0,0.0,0.0,0.0,0.0,0.0,0.0,0.0,6.248675515789261,-2.5419002774364134,-1.5651458854934375,0.0,0.0,0.0,0.0,0.0,0.0,0.0,0.0,0.0,0.0,0.0,False,DISABLED,0,nan,nan,nan,nan,nan,nan,nan,nan,nan,nan,nan,nan,nan,nan,nan,nan,nan,nan,nan,nan,nan,nan,nan,nan,nan,nan,nan,nan,nan,nan,nan,nan,nan,nan,71.64497294182519,18.96935299742858,-0.02892619211021502,0.02227583392173971,0.02227583392173971,0.02227583392173971,71.57409294879882,19.044783179337845,0.01868856603076685,0.0708799930263666,-0.07543018190926531,-0.04761475814098187,0.10350693577863579,0.11393353741154022,0.01598215103149414,False,DISABLED,none,MODEL_ORIGIN_FRAME_NOT_ESTABLISHED,nan,nan,nan,nan,nan,nan,nan,nan,nan,nan,nan,nan,nan,NOT_EVALUATED,nan,nan,nan,nan,DISABLED,nan,nan,nan,nan,nan,nan
1791471046.3842492,1791471046.4039085,1791471046.4079452,1791471046.4079685,front_rgbd_red_sphere,True,True,True,,55.2,55.2,1791471046.4039085,1791471046.4031003,1791471046.3842492,1791471046.3842492,1791471046.3842492,0.0,1791471045.392169,1791471046.3881643,1791471046.379298,1791471046.3881643,1791471046.383298,1791471046.3921754,1791471045.3721585,1791471046.3881643,1791471045.392169,1791471046.3921754,1791470991.1842492,GAZEBO_CLOCK_SYSTEM_INTERPOLATION,MAPPED_EXACT,0,55.2,1791471046.3842492,0.0039522647857666016,0.0,RGB,0.0,0,1,0,UNCALIBRATED,PREPARATION,MID,TURNING,1.0,401,1.0,6.939669132232666,0.4410519599914551,nan,nan,False,0.0,0.0,0.0,0.0,0,0,0,0,0,0.0,0.0,0.0,0.0,0.0,0.0,0.0,0.0,0.0,0.0,0.0,0.0,0.0,0.0,6.275564409223069,-2.5127330960067846,-1.5692270330529805,0.0,0.0,0.0,0.0,0.0,0.0,0.0,0.0,0.0,0.0,0.0,False,DISABLED,0,nan,nan,nan,nan,nan,nan,nan,nan,nan,nan,nan,nan,nan,nan,nan,nan,nan,nan,nan,nan,nan,nan,nan,nan,nan,nan,nan,nan,nan,nan,nan,nan,nan,nan,71.45903795006119,18.89691703144899,-0.017105710616160452,0.022319371826372576,0.022319371826372576,0.022319371826372576,71.39454637635778,18.975925176474416,0.029861144164560923,0.06449157370340686,-0.0790081450254263,-0.04696685478072138,0.10198749952371984,0.11228239179450233,0.01965928077697754,False,DISABLED,none,MODEL_ORIGIN_FRAME_NOT_ESTABLISHED,nan,nan,nan,nan,nan,nan,nan,nan,nan,nan,nan,nan,nan,NOT_EVALUATED,nan,nan,nan,nan,DISABLED,nan,nan,nan,nan,nan,nan
1791471046.4361594,1791471046.4537113,1791471046.4628527,1791471046.4628775,front_rgbd_red_sphere,True,True,True,,55.252,55.252,1791471046.4537113,1791471046.4523828,1791471046.4361594,1791471046.4361594,1791471046.4361594,0.0,1791471045.4321647,1791471046.4521673,1791471046.4432979,1791471046.4521673,1791471046.4432979,1791471046.4521673,1791471045.428158,1791471046.4521673,1791471045.4321647,1791471046.4521673,1791470991.1841593,GAZEBO_CLOCK_SYSTEM_INTERPOLATION,MAPPED_EXACT,0,55.252,1791471046.4361594,0.0026671886444091797,0.0,RGB,0.0,0,1,0,UNCALIBRATED,PREPARATION,MID,TURNING,1.0,397,1.0,6.9427618980407715,0.4365459084510803,nan,nan,False,0.0,0.0,0.0,0.0,0,0,0,0,0,0.0,0.0,0.0,0.0,0.0,0.0,0.0,0.0,0.0,0.0,0.0,0.0,0.0,0.0,6.291652378941429,-2.471496240974365,-1.583906861718266,0.0,0.0,0.0,0.0,0.0,0.0,0.0,0.0,0.0,0.0,0.0,False,DISABLED,0,nan,nan,nan,nan,nan,nan,nan,nan,nan,nan,nan,nan,nan,nan,nan,nan,nan,nan,nan,nan,nan,nan,nan,nan,nan,nan,nan,nan,nan,nan,nan,nan,nan,nan,71.27459298735361,18.823007581974828,-0.005392607276803518,0.022328613637060624,0.022328613637060624,0.022328613637060624,71.20146771082824,18.89953604767306,0.04172700249054459,0.07312527652537426,-0.07652846569823168,-0.04711960976734811,0.10584853390122073,0.11586271942978484,0.017551898956298828,False,DISABLED,none,MODEL_ORIGIN_FRAME_NOT_ESTABLISHED,nan,nan,nan,nan,nan,nan,nan,nan,nan,nan,nan,nan,nan,NOT_EVALUATED,nan,nan,nan,nan,DISABLED,nan,nan,nan,nan,nan,nan
1791471046.484158,1791471046.5032446,1791471046.506756,1791471046.5067744,front_rgbd_red_sphere,True,True,True,,55.3,55.3,1791471046.5032446,1791471046.5016115,1791471046.484158,1791471046.484158,1791471046.484158,0.0,1791471045.4921656,1791471046.4921691,1791471046.4832978,1791471046.4921691,1791471046.4832978,1791471046.4921691,1791471045.4921656,1791471046.4921691,1791471045.4921656,1791471046.4921691,1791470991.184158,GAZEBO_CLOCK_SYSTEM_INTERPOLATION,MAPPED_EXACT,0,55.3,1791471046.484158,0.003278017044067383,0.0,RGB,0.0,0,1,0,UNCALIBRATED,PREPARATION,MID,TURNING,1.0,389,1.0,6.956170558929443,0.43202200531959534,nan,nan,False,0.0,0.0,0.0,0.0,0,0,0,0,0,0.0,0.0,0.0,0.0,0.0,0.0,0.0,0.0,0.0,0.0,0.0,0.0,0.0,0.0,6.317044599983893,-2.438592455979318,-1.592647508052942,0.0,0.0,0.0,0.0,0.0,0.0,0.0,0.0,0.0,0.0,0.0,False,DISABLED,0,nan,nan,nan,nan,nan,nan,nan,nan,nan,nan,nan,nan,nan,nan,nan,nan,nan,nan,nan,nan,nan,nan,nan,nan,nan,nan,nan,nan,nan,nan,nan,nan,nan,nan,71.09054348918689,18.74724246827725,0.005712688814187017,0.02236870439897063,0.02236870439897063,0.02236870439897063,71.02362321222267,18.827168125989918,0.05246097963169986,0.06692027696421121,-0.07992565771266769,-0.04674829081751284,0.10424219025792414,0.11424463630353947,0.019086599349975586,False,DISABLED,none,MODEL_ORIGIN_FRAME_NOT_ESTABLISHED,nan,nan,nan,nan,nan,nan,nan,nan,nan,nan,nan,nan,nan,NOT_EVALUATED,nan,nan,nan,nan,DISABLED,nan,nan,nan,nan,nan,nan
1791471046.5361586,1791471046.5626383,1791471046.5665221,1791471046.566543,front_rgbd_red_sphere,True,True,True,,55.352,55.352,1791471046.5626383,1791471046.5619757,1791471046.5361586,1791471046.5361586,1791471046.5361586,0.0,1791471045.5321665,1791471046.5481696,1791471046.5392978,1791471046.5481696,1791471046.543298,1791471046.5521739,1791471045.5321665,1791471046.5481696,1791471045.5321665,1791471046.5521739,1791470991.1841586,GAZEBO_CLOCK_SYSTEM_INTERPOLATION,MAPPED_EXACT,0,55.352,1791471046.5361586,0.0026667118072509766,0.0,RGB,0.0,0,1,0,UNCALIBRATED,PREPARATION,MID,TURNING,1.0,396,1.0,6.958108425140381,0.4274962544441223,nan,nan,False,0.0,0.0,0.0,0.0,0,0,0,0,0,0.0,0.0,0.0,0.0,0.0,0.0,0.0,0.0,0.0,0.0,0.0,0.0,0.0,0.0,6.331924848917624,-2.393763410233006,-1.6099370730891844,0.0,0.0,0.0,0.0,0.0,0.0,0.0,0.0,0.0,0.0,0.0,False,DISABLED,0,nan,nan,nan,nan,nan,nan,nan,nan,nan,nan,nan,nan,nan,nan,nan,nan,nan,nan,nan,nan,nan,nan,nan,nan,nan,nan,nan,nan,nan,nan,nan,nan,nan,nan,70.90693798292875,18.669925840416433,0.01676788426975767,0.022374500782982247,0.022374500782982247,0.022374500782982247,70.83176373390727,18.74685833301678,0.06374120582504607,0.07517424902148662,-0.07693249260034918,-0.0469733215552884,0.10756289385121276,0.11737235224525315,0.026479721069335938,False,DISABLED,none,MODEL_ORIGIN_FRAME_NOT_ESTABLISHED,nan,nan,nan,nan,nan,nan,nan,nan,nan,nan,nan,nan,nan,NOT_EVALUATED,nan,nan,nan,nan,DISABLED,nan,nan,nan,nan,nan,nan
1791471046.5841587,1791471046.6100123,1791471046.6154504,1791471046.6154714,front_rgbd_red_sphere,True,True,True,,55.4,55.4,1791471046.6100123,1791471046.608332,1791471046.5841587,1791471046.5841587,1791471046.5841587,0.0,1791471045.572157,1791471046.588174,1791471046.579298,1791471046.588174,1791471046.583298,1791471046.5921724,1791471045.572157,1791471046.588174,1791471045.572157,1791471046.5921724,1791470991.1841586,GAZEBO_CLOCK_SYSTEM_INTERPOLATION,MAPPED_EXACT,0,55.4,1791471046.5841587,0.0022733211517333984,0.0,RGB,0.0,0,1,0,UNCALIBRATED,PREPARATION,MID,TURNING,1.0,389,1.0,6.970239162445068,0.422713965177536,nan,nan,False,0.0,0.0,0.0,0.0,0,0,0,0,0,0.0,0.0,0.0,0.0,0.0,0.0,0.0,0.0,0.0,0.0,0.0,0.0,0.0,0.0,6.356711110869049,-2.357708597929349,-1.617920366876395,0.0,0.0,0.0,0.0,0.0,0.0,0.0,0.0,0.0,0.0,0.0,False,DISABLED,0,nan,nan,nan,nan,nan,nan,nan,nan,nan,nan,nan,nan,nan,nan,nan,nan,nan,nan,nan,nan,nan,nan,nan,nan,nan,nan,nan,nan,nan,nan,nan,nan,nan,nan,70.7243420130425,18.590905217281165,0.02747314773826487,0.022410805695470805,0.022410805695470805,0.022410805695470805,70.6553452140316,18.67109692513312,0.07378879280045013,0.06899679901090394,-0.08019170785195584,-0.04631564506218526,0.10578879090888842,0.11548336356155738,0.025853633880615234,False,DISABLED,none,MODEL_ORIGIN_FRAME_NOT_ESTABLISHED,nan,nan,nan,nan,nan,nan,nan,nan,nan,nan,nan,nan,nan,NOT_EVALUATED,nan,nan,nan,nan,DISABLED,nan,nan,nan,nan,nan,nan
1791471046.6361558,1791471046.6626515,1791471046.666518,1791471046.6665378,front_rgbd_red_sphere,True,True,True,,55.452,55.452,1791471046.6626515,1791471046.6617236,1791471046.6361558,1791471046.6361558,1791471046.6361558,0.0,1791471045.6521633,1791471046.6521664,1791471046.643328,1791471046.6521664,1791471046.643328,1791471046.6521664,1791471045.6521633,1791471046.6521664,1791471045.6521633,1791471046.6521664,1791470991.184156,GAZEBO_CLOCK_SYSTEM_INTERPOLATION,MAPPED_EXACT,0,55.452,1791471046.6361558,0.0027816295623779297,0.0,RGB,0.0,0,1,0,UNCALIBRATED,PREPARATION,MID,TURNING,1.0,387,1.0,6.970644474029541,0.4182441830635071,nan,nan,False,0.0,0.0,0.0,0.0,0,0,0,0,0,0.0,0.0,0.0,0.0,0.0,0.0,0.0,0.0,0.0,0.0,0.0,0.0,0.0,0.0,6.369799370045163,-2.310666577560827,-1.6359593769960918,0.0,0.0,0.0,0.0,0.0,0.0,0.0,0.0,0.0,0.0,0.0,False,DISABLED,0,nan,nan,nan,nan,nan,nan,nan,nan,nan,nan,nan,nan,nan,nan,nan,nan,nan,nan,nan,nan,nan,nan,nan,nan,nan,nan,nan,nan,nan,nan,nan,nan,nan,nan,70.5426093602993,18.510061781209238,0.03797748128478068,0.022412020186775718,0.022412020186775718,0.022412020186775718,70.46502377608213,18.58722729835732,0.08418498808190122,0.07758558421716089,-0.07716551714808162,-0.046207506797120546,0.10942595631315745,0.11878204241153198,0.026495695114135742,False,DISABLED,none,MODEL_ORIGIN_FRAME_NOT_ESTABLISHED,nan,nan,nan,nan,nan,nan,nan,nan,nan,nan,nan,nan,nan,NOT_EVALUATED,nan,nan,nan,nan,DISABLED,nan,nan,nan,nan,nan,nan
1791471046.6841583,1791471046.7071342,1791471046.711562,1791471046.711588,front_rgbd_red_sphere,True,True,True,,55.5,55.5,1791471046.6994207,1791471046.7071342,1791471046.6841583,1791471046.6841583,1791471046.6841583,0.0,1791471045.6721568,1791471046.692179,1791471046.683328,1791471046.692179,1791471046.683328,1791471046.692179,1791471045.6681585,1791471046.692179,1791471045.6721568,1791471046.692179,1791470991.1841583,GAZEBO_CLOCK_SYSTEM_INTERPOLATION,MAPPED_EXACT,0,55.5,1791471046.6841583,0.003207683563232422,0.0,RGB,0.0,0,1,0,UNCALIBRATED,PREPARATION,MID,TURNING,1.0,384,1.0,6.981637477874756,0.41359779238700867,nan,nan,False,0.0,0.0,0.0,0.0,0,0,0,0,0,0.0,0.0,0.0,0.0,0.0,0.0,0.0,0.0,0.0,0.0,0.0,0.0,0.0,0.0,6.392951363791564,-2.273065004330457,-1.6451784636934672,0.0,0.0,0.0,0.0,0.0,0.0,0.0,0.0,0.0,0.0,0.0,False,DISABLED,0,nan,nan,nan,nan,nan,nan,nan,nan,nan,nan,nan,nan,nan,nan,nan,nan,nan,nan,nan,nan,nan,nan,nan,nan,nan,nan,nan,nan,nan,nan,nan,nan,nan,nan,70.3613842342523,18.427847877268622,0.04793317812591097,0.022444946572145952,0.022444946572145952,0.022444946572145952,70.29011603369192,18.50832532717506,0.09329408157976321,0.07126820056038241,-0.08047744990643935,-0.04536090345385224,0.10749779697537222,0.11667642399691572,0.022975921630859375,False,DISABLED,none,MODEL_ORIGIN_FRAME_NOT_ESTABLISHED,nan,nan,nan,nan,nan,nan,nan,nan,nan,nan,nan,nan,nan,NOT_EVALUATED,nan,nan,nan,nan,DISABLED,nan,nan,nan,nan,nan,nan
1791471046.736164,1791471046.7645476,1791471046.7688377,1791471046.768858,front_rgbd_red_sphere,True,True,True,,55.552,55.552,1791471046.7645476,1791471046.7532413,1791471046.736164,1791471046.736164,1791471046.736164,0.0,1791471045.7521646,1791471046.748167,1791471046.739328,1791471046.748167,1791471046.7433279,1791471046.752166,1791471045.7321608,1791471046.748167,1791471045.7521646,1791471046.752166,1791470991.184164,GAZEBO_CLOCK_SYSTEM_INTERPOLATION,MAPPED_EXACT,0,55.552,1791471046.736164,0.0008075237274169922,0.0,RGB,0.0,0,1,0,UNCALIBRATED,PREPARATION,MID,TURNING,1.0,380,1.0,6.980718612670898,0.4090229868888855,nan,nan,False,0.0,0.0,0.0,0.0,0,0,0,0,0,0.0,0.0,0.0,0.0,0.0,0.0,0.0,0.0,0.0,0.0,0.0,0.0,0.0,0.0,6.404878012860698,-2.224954376133567,-1.660586757209207,0.0,0.0,0.0,0.0,0.0,0.0,0.0,0.0,0.0,0.0,0.0,False,DISABLED,0,nan,nan,nan,nan,nan,nan,nan,nan,nan,nan,nan,nan,nan,nan,nan,nan,nan,nan,nan,nan,nan,nan,nan,nan,nan,nan,nan,nan,nan,nan,nan,nan,nan,nan,70.1807094013681,18.3438204573492,0.05732476838102857,0.02244219309340982,0.02244219309340982,0.02244219309340982,70.10126703877054,18.421092589706255,0.10255341249558317,0.0794423625975611,-0.07727213235705577,-0.0452286441145546,0.11082450728105549,0.11969837786089566,0.028383493423461914,False,DISABLED,none,MODEL_ORIGIN_FRAME_NOT_ESTABLISHED,nan,nan,nan,nan,nan,nan,nan,nan,nan,nan,nan,nan,nan,NOT_EVALUATED,nan,nan,nan,nan,DISABLED,nan,nan,nan,nan,nan,nan
1791471046.78416,1791471046.801546,1791471046.8049672,1791471046.8049903,front_rgbd_red_sphere,True,True,True,,55.6,55.6,1791471046.801546,1791471046.7996495,1791471046.78416,1791471046.78416,1791471046.78416,0.0,1791471045.7721581,1791471046.7881627,1791471046.7793279,1791471046.7881627,1791471046.7833278,1791471046.7921643,1791471045.7721581,1791471046.7881627,1791471045.7721581,1791471046.7921643,1791470991.18416,GAZEBO_CLOCK_SYSTEM_INTERPOLATION,MAPPED_EXACT,0,55.6,1791471046.78416,0.001622915267944336,0.0,RGB,0.0,0,1,0,UNCALIBRATED,PREPARATION,MID,TURNING,1.0,372,1.0,6.989878177642822,0.4041527807712555,nan,nan,False,0.0,0.0,0.0,0.0,0,0,0,0,0,0.0,0.0,0.0,0.0,0.0,0.0,0.0,0.0,0.0,0.0,0.0,0.0,0.0,0.0,6.4267448668541896,-2.1860731000332114,-1.666262932119494,0.0,0.0,0.0,0.0,0.0,0.0,0.0,0.0,0.0,0.0,0.0,False,DISABLED,0,nan,nan,nan,nan,nan,nan,nan,nan,nan,nan,nan,nan,nan,nan,nan,nan,nan,nan,nan,nan,nan,nan,nan,nan,nan,nan,nan,nan,nan,nan,nan,nan,nan,nan,70.00119252434268,18.258317008469177,0.06585310446692022,0.02246964486447972,0.02246964486447972,0.02246964486447972,69.92761755382716,18.339133333357182,0.11051085436465352,0.07357497051552286,-0.08081632488800494,-0.0446577498977333,0.10929114627802028,0.11806298861494284,0.017386198043823242,False,DISABLED,none,MODEL_ORIGIN_FRAME_NOT_ESTABLISHED,nan,nan,nan,nan,nan,nan,nan,nan,nan,nan,nan,nan,nan,NOT_EVALUATED,nan,nan,nan,nan,DISABLED,nan,nan,nan,nan,nan,nan
1791471046.8361795,1791471046.8557868,1791471046.8619363,1791471046.8619585,front_rgbd_red_sphere,True,True,True,,55.652,55.652,1791471046.8557868,1791471046.8538432,1791471046.8361795,1791471046.8361795,1791471046.8361795,0.0,1791471045.852167,1791471046.8521984,1791471046.843328,1791471046.8521984,1791471046.843328,1791471046.8521984,1791471045.852167,1791471046.8521984,1791471045.852167,1791471046.8521984,1791470991.1841795,GAZEBO_CLOCK_SYSTEM_INTERPOLATION,MAPPED_EXACT,0,55.652,1791471046.8361795,0.001493692398071289,0.0,RGB,0.0,0,1,0,UNCALIBRATED,PREPARATION,MID,TURNING,1.0,373,1.0,6.987149238586426,0.39989444613456726,nan,nan,False,0.0,0.0,0.0,0.0,0,0,0,0,0,0.0,0.0,0.0,0.0,0.0,0.0,0.0,0.0,0.0,0.0,0.0,0.0,0.0,0.0,6.435877760133091,-2.137073294206271,-1.6830475845322737,0.0,0.0,0.0,0.0,0.0,0.0,0.0,0.0,0.0,0.0,0.0,False,DISABLED,0,nan,nan,nan,nan,nan,nan,nan,nan,nan,nan,nan,nan,nan,nan,nan,nan,nan,nan,nan,nan,nan,nan,nan,nan,nan,nan,nan,nan,nan,nan,nan,nan,nan,nan,69.82283092399595,18.17111143996215,0.07405491678118997,0.022461464122226254,0.022461464122226254,0.022461464122226254,69.74014491093435,18.248696470395135,0.11840642650165822,0.08268601306160406,-0.07758503043298504,-0.04435150972046825,0.11338612659100306,0.12175167398354636,0.0196073055267334,False,DISABLED,none,MODEL_ORIGIN_FRAME_NOT_ESTABLISHED,nan,nan,nan,nan,nan,nan,nan,nan,nan,nan,nan,nan,nan,NOT_EVALUATED,nan,nan,nan,nan,DISABLED,nan,nan,nan,nan,nan,nan
1791471046.8841634,1791471046.9014068,1791471046.9052014,1791471046.9052207,front_rgbd_red_sphere,True,True,True,,55.7,55.7,1791471046.9014068,1791471046.8995564,1791471046.8841634,1791471046.8841634,1791471046.8841634,0.0,1791471045.8721633,1791471046.892166,1791471046.883328,1791471046.892166,1791471046.883328,1791471046.892166,1791471045.8681612,1791471046.892166,1791471045.8721633,1791471046.892166,1791470991.1841633,GAZEBO_CLOCK_SYSTEM_INTERPOLATION,MAPPED_EXACT,0,55.7,1791471046.8841634,0.001657724380493164,0.0,RGB,0.0,0,1,0,UNCALIBRATED,PREPARATION,MID,TURNING,1.0,369,1.0,6.994816303253174,0.3954663574695587,nan,nan,False,0.0,0.0,0.0,0.0,0,0,0,0,0,0.0,0.0,0.0,0.0,0.0,0.0,0.0,0.0,0.0,0.0,0.0,0.0,0.0,0.0,6.454935392706866,-2.097087000465362,-1.6921847713453404,0.0,0.0,0.0,0.0,0.0,0.0,0.0,0.0,0.0,0.0,0.0,False,DISABLED,0,nan,nan,nan,nan,nan,nan,nan,nan,nan,nan,nan,nan,nan,nan,nan,nan,nan,nan,nan,nan,nan,nan,nan,nan,nan,nan,nan,nan,nan,nan,nan,nan,nan,nan,69.64499725687223,18.082654220024043,0.08122489417463191,0.022484451381529352,0.022484451381529352,0.022484451381529352,69.56790617013888,18.163940028052444,0.12500770029239466,0.07709108673334697,-0.08128580802840091,-0.04378280611776275,0.11202864919545567,0.12028030741606904,0.017243385314941406,False,DISABLED,none,MODEL_ORIGIN_FRAME_NOT_ESTABLISHED,nan,nan,nan,nan,nan,nan,nan,nan,nan,nan,nan,nan,nan,NOT_EVALUATED,nan,nan,nan,nan,DISABLED,nan,nan,nan,nan,nan,nan
1791471046.9361575,1791471046.9509726,1791471046.9603732,1791471046.9603984,front_rgbd_red_sphere,True,True,True,,55.752,55.752,1791471046.9509726,1791471046.949697,1791471046.9361575,1791471046.9361575,1791471046.9361575,0.0,1791471045.932161,1791471046.9481707,1791471046.939328,1791471046.9481707,1791471046.943328,1791471046.9521692,1791471045.932161,1791471046.9481707,1791471045.932161,1791471046.9521692,1791470991.1841574,GAZEBO_CLOCK_SYSTEM_INTERPOLATION,MAPPED_EXACT,0,55.752,1791471046.9361575,0.0010023117065429688,0.0,RGB,0.0,0,1,0,UNCALIBRATED,PREPARATION,MID,TURNING,1.0,372,1.0,6.990481853485107,0.39162519574165344,nan,nan,False,0.0,0.0,0.0,0.0,0,0,0,0,0,0.0,0.0,0.0,0.0,0.0,0.0,0.0,0.0,0.0,0.0,0.0,0.0,0.0,0.0,6.4612319931878055,-2.046726190723981,-1.711790517332426,0.0,0.0,0.0,0.0,0.0,0.0,0.0,0.0,0.0,0.0,0.0,False,DISABLED,0,nan,nan,nan,nan,nan,nan,nan,nan,nan,nan,nan,nan,nan,nan,nan,nan,nan,nan,nan,nan,nan,nan,nan,nan,nan,nan,nan,nan,nan,nan,nan,nan,nan,nan,69.46814047465202,17.99267755521789,0.08801542479346841,0.022471454019726875,0.022471454019726875,0.022471454019726875,69.38215655643872,18.07067193901761,0.13133187418101291,0.08598391821330154,-0.07799438379971946,-0.0433164493875445,0.11608771724695799,0.12390590334263082,0.014815092086791992,False,DISABLED,none,MODEL_ORIGIN_FRAME_NOT_ESTABLISHED,nan,nan,nan,nan,nan,nan,nan,nan,nan,nan,nan,nan,nan,NOT_EVALUATED,nan,nan,nan,nan,DISABLED,nan,nan,nan,nan,nan,nan
1791471046.9841604,1791471046.9998033,1791471047.0033267,1791471047.0033479,front_rgbd_red_sphere,True,True,True,,55.8,55.8,1791471046.9998033,1791471046.9979699,1791471046.9841604,1791471046.9841604,1791471046.9841604,0.0,1791471045.9881692,1791471046.9881704,1791471046.979328,1791471046.9881704,1791471046.9833279,1791471046.992166,1791471045.9881692,1791471046.9881704,1791471045.9721606,1791471046.992166,1791470991.1841605,GAZEBO_CLOCK_SYSTEM_INTERPOLATION,MAPPED_EXACT,0,55.8,1791471046.9841604,0.003968715667724609,0.0,RGB,0.0,0,1,0,UNCALIBRATED,PREPARATION,MID,TURNING,1.0,370,1.0,6.996675968170166,0.3875384032726288,nan,nan,False,0.0,0.0,0.0,0.0,0,0,0,0,0,0.0,0.0,0.0,0.0,0.0,0.0,0.0,0.0,0.0,0.0,0.0,0.0,0.0,0.0,6.477817135321782,-2.004832924789137,-1.7239493983937844,0.0,0.0,0.0,0.0,0.0,0.0,0.0,0.0,0.0,0.0,0.0,False,DISABLED,0,nan,nan,nan,nan,nan,nan,nan,nan,nan,nan,nan,nan,nan,nan,nan,nan,nan,nan,nan,nan,nan,nan,nan,nan,nan,nan,nan,nan,nan,nan,nan,nan,nan,nan,69.29143440831224,17.901072685833128,0.09389294004868459,0.022490028327750735,0.022490028327750735,0.022490028327750735,69.21121142761814,17.983242430452503,0.13641916299467613,0.08022298069410283,-0.08216974461937454,-0.04252622294599154,0.11483724814823641,0.12245845499724306,0.015642881393432617,False,DISABLED,none,MODEL_ORIGIN_FRAME_NOT_ESTABLISHED,nan,nan,nan,nan,nan,nan,nan,nan,nan,nan,nan,nan,nan,NOT_EVALUATED,nan,nan,nan,nan,DISABLED,nan,nan,nan,nan,nan,nan
1791471047.0361593,1791471047.060964,1791471047.0648484,1791471047.0648685,front_rgbd_red_sphere,True,True,True,,55.852,55.852,1791471047.060964,1791471047.0496905,1791471047.0361593,1791471047.0361593,1791471047.0361593,0.0,1791471046.0521624,1791471047.0521722,1791471047.0433278,1791471047.0521722,1791471047.0433278,1791471047.0521722,1791471046.0521624,1791471047.0521722,1791471046.0521624,1791471047.0521722,1791470991.1841593,GAZEBO_CLOCK_SYSTEM_INTERPOLATION,MAPPED_EXACT,0,55.852,1791471047.0361593,0.0010371208190917969,0.0,RGB,0.0,0,1,0,UNCALIBRATED,PREPARATION,MID,TURNING,1.0,368,1.0,6.99036979675293,0.38430389761924744,nan,nan,False,0.0,0.0,0.0,0.0,0,0,0,0,0,0.0,0.0,0.0,0.0,0.0,0.0,0.0,0.0,0.0,0.0,0.0,0.0,0.0,0.0,6.480489746116403,-1.9531343668248864,-1.7475095462496328,0.0,0.0,0.0,0.0,0.0,0.0,0.0,0.0,0.0,0.0,0.0,False,DISABLED,0,nan,nan,nan,nan,nan,nan,nan,nan,nan,nan,nan,nan,nan,nan,nan,nan,nan,nan,nan,nan,nan,nan,nan,nan,nan,nan,nan,nan,nan,nan,nan,nan,nan,nan,69.11570671250492,17.808320295106586,0.09905071093676027,0.02247111886232924,0.02247111886232924,0.02247111886232924,69.02664027531999,17.88705585589977,0.14103259116889116,0.08906643718492546,-0.07873556079318433,-0.0419818802321309,0.11887858834219685,0.1260737761553071,0.02480483055114746,False,DISABLED,none,MODEL_ORIGIN_FRAME_NOT_ESTABLISHED,nan,nan,nan,nan,nan,nan,nan,nan,nan,nan,nan,nan,nan,NOT_EVALUATED,nan,nan,nan,nan,DISABLED,nan,nan,nan,nan,nan,nan
1791471047.08416,1791471047.0989537,1791471047.1024168,1791471047.1024373,front_rgbd_red_sphere,True,True,True,,55.9,55.9,1791471047.0989537,1791471047.0977213,1791471047.08416,1791471047.08416,1791471047.08416,0.0,1791471046.0921772,1791471047.09218,1791471047.083328,1791471047.09218,1791471047.083328,1791471047.09218,1791471046.0921772,1791471047.09218,1791471046.0921772,1791471047.09218,1791470991.18416,GAZEBO_CLOCK_SYSTEM_INTERPOLATION,MAPPED_EXACT,0,55.9,1791471047.08416,0.0029947757720947266,0.0,RGB,0.0,0,1,0,UNCALIBRATED,PREPARATION,MID,TURNING,1.0,367,1.0,6.99472713470459,0.38071954250335693,nan,nan,False,0.0,0.0,0.0,0.0,0,0,0,0,0,0.0,0.0,0.0,0.0,0.0,0.0,0.0,0.0,0.0,0.0,0.0,0.0,0.0,0.0,6.493887364273095,-1.9106398821246549,-1.762127367007893,0.0,0.0,0.0,0.0,0.0,0.0,0.0,0.0,0.0,0.0,0.0,False,DISABLED,0,nan,nan,nan,nan,nan,nan,nan,nan,nan,nan,nan,nan,nan,nan,nan,nan,nan,nan,nan,nan,nan,nan,nan,nan,nan,nan,nan,nan,nan,nan,nan,nan,nan,nan,68.93992247649483,17.714370994794827,0.10295068530779444,0.022484184833460423,0.022484184833460423,0.022484184833460423,68.85702607686194,17.797137634943425,0.14447700911421968,0.08289639963288664,-0.08276664014859847,-0.041526323806425236,0.11714149475562807,0.12428421204022223,0.014793634414672852,False,DISABLED,none,MODEL_ORIGIN_FRAME_NOT_ESTABLISHED,nan,nan,nan,nan,nan,nan,nan,nan,nan,nan,nan,nan,nan,NOT_EVALUATED,nan,nan,nan,nan,DISABLED,nan,nan,nan,nan,nan,nan
1791471047.1361575,1791471047.1619859,1791471047.165718,1791471047.165764,front_rgbd_red_sphere,True,True,True,,55.952,55.952,1791471047.1619859,1791471047.1507847,1791471047.1361575,1791471047.1361575,1791471047.1361575,0.0,1791471046.1521738,1791471047.1481779,1791471047.139328,1791471047.1481779,1791471047.143328,1791471047.1521745,1791471046.1321614,1791471047.1481779,1791471046.1521738,1791471047.1521745,1791470991.1841576,GAZEBO_CLOCK_SYSTEM_INTERPOLATION,MAPPED_EXACT,0,55.952,1791471047.1361575,0.0021560192108154297,0.0,RGB,0.0,0,1,0,UNCALIBRATED,PREPARATION,MID,TURNING,1.0,365,1.0,6.987011909484863,0.3778385818004608,nan,nan,False,0.0,0.0,0.0,0.0,0,0,0,0,0,0.0,0.0,0.0,0.0,0.0,0.0,0.0,0.0,0.0,0.0,0.0,0.0,0.0,0.0,6.494177476236743,-1.859058573020862,-1.785468797411085,0.0,0.0,0.0,0.0,0.0,0.0,0.0,0.0,0.0,0.0,0.0,False,DISABLED,0,nan,nan,nan,nan,nan,nan,nan,nan,nan,nan,nan,nan,nan,nan,nan,nan,nan,nan,nan,nan,nan,nan,nan,nan,nan,nan,nan,nan,nan,nan,nan,nan,nan,nan,68.76432540063723,17.619471156637466,0.1060525339067882,0.02246105329977714,0.02246105329977714,0.02246105329977714,68.67405086991992,17.698429445567108,0.1472559226525991,0.09027453071730918,-0.07895828892964118,-0.04120338874581089,0.11993290743964767,0.1268133334120096,0.02582836151123047,False,DISABLED,none,MODEL_ORIGIN_FRAME_NOT_ESTABLISHED,nan,nan,nan,nan,nan,nan,nan,nan,nan,nan,nan,nan,nan,NOT_EVALUATED,nan,nan,nan,nan,DISABLED,nan,nan,nan,nan,nan,nan
1791471047.1841588,1791471047.2069852,1791471047.2114441,1791471047.2114635,front_rgbd_red_sphere,True,True,True,,56.0,56.0,1791471047.1990645,1791471047.2069852,1791471047.1841588,1791471047.1841588,1791471047.1841588,0.0,1791471046.1721604,1791471047.1881666,1791471047.179328,1791471047.1881666,1791471047.183328,1791471047.1921678,1791471046.1721604,1791471047.1881666,1791471046.1721604,1791471047.1921678,1791470991.1841588,GAZEBO_CLOCK_SYSTEM_INTERPOLATION,MAPPED_EXACT,0,56.0,1791471047.1841588,0.0032427310943603516,0.0,RGB,0.0,0,1,0,UNCALIBRATED,PREPARATION,MID,TURNING,1.0,364,1.0,6.989614486694336,0.3742181956768036,nan,nan,False,0.0,0.0,0.0,0.0,0,0,0,0,0,0.0,0.0,0.0,0.0,0.0,0.0,0.0,0.0,0.0,0.0,0.0,0.0,0.0,0.0,6.50588905435076,-1.8166279619417285,-1.796658296876306,0.0,0.0,0.0,0.0,0.0,0.0,0.0,0.0,0.0,0.0,0.0,False,DISABLED,0,nan,nan,nan,nan,nan,nan,nan,nan,nan,nan,nan,nan,nan,nan,nan,nan,nan,nan,nan,nan,nan,nan,nan,nan,nan,nan,nan,nan,nan,nan,nan,nan,nan,nan,68.58912794637581,17.52354429646668,0.10815539763093712,0.022468854225117314,0.022468854225117314,0.022468854225117314,68.5056027570146,17.60609415949903,0.14897504636541684,0.083525189361211,-0.08254986303234801,-0.04081964873447971,0.11743482083473186,0.12432691127544303,0.022826433181762695,False,DISABLED,none,MODEL_ORIGIN_FRAME_NOT_ESTABLISHED,nan,nan,nan,nan,nan,nan,nan,nan,nan,nan,nan,nan,nan,NOT_EVALUATED,nan,nan,nan,nan,DISABLED,nan,nan,nan,nan,nan,nan
1791471047.2361596,1791471047.2613313,1791471047.2649267,1791471047.2649457,front_rgbd_red_sphere,True,True,True,,56.052,56.052,1791471047.2613313,1791471047.2603142,1791471047.2361596,1791471047.2361596,1791471047.2361596,0.0,1791471046.2321575,1791471047.252167,1791471047.2433279,1791471047.252167,1791471047.2433279,1791471047.252167,1791471046.2281673,1791471047.252167,1791471046.2321575,1791471047.252167,1791470991.1841595,GAZEBO_CLOCK_SYSTEM_INTERPOLATION,MAPPED_EXACT,0,56.052,1791471047.2361596,0.0014345645904541016,0.0,RGB,0.0,0,1,0,UNCALIBRATED,PREPARATION,MID,TURNING,1.0,363,1.0,6.980118751525879,0.3715178370475769,nan,nan,False,0.0,0.0,0.0,0.0,0,0,0,0,0,0.0,0.0,0.0,0.0,0.0,0.0,0.0,0.0,0.0,0.0,0.0,0.0,0.0,0.0,6.50391683867449,-1.7662443243729173,-1.8170040115088177,0.0,0.0,0.0,0.0,0.0,0.0,0.0,0.0,0.0,0.0,0.0,False,DISABLED,0,nan,nan,nan,nan,nan,nan,nan,nan,nan,nan,nan,nan,nan,nan,nan,nan,nan,nan,nan,nan,nan,nan,nan,nan,nan,nan,nan,nan,nan,nan,nan,nan,nan,nan,68.41441578997677,17.4265725200808,0.10938502471554573,0.02244039557714592,0.02244039557714592,0.02244039557714592,68.32401636449937,17.504923520757142,0.14985549149354385,0.09039942547740054,-0.07835100067634215,-0.04047046677799812,0.11962832203800346,0.12628853516791347,0.025171756744384766,False,DISABLED,none,MODEL_ORIGIN_FRAME_NOT_ESTABLISHED,nan,nan,nan,nan,nan,nan,nan,nan,nan,nan,nan,nan,nan,NOT_EVALUATED,nan,nan,nan,nan,DISABLED,nan,nan,nan,nan,nan,nan
1791471047.2841609,1791471047.3011043,1791471047.304362,1791471047.304384,front_rgbd_red_sphere,True,True,True,,56.1,56.1,1791471047.3011043,1791471047.2994297,1791471047.2841609,1791471047.2841609,1791471047.2841609,0.0,1791471046.2721612,1791471047.292175,1791471047.2833278,1791471047.292175,1791471047.2833278,1791471047.292175,1791471046.2681644,1791471047.292175,1791471046.2721612,1791471047.292175,1791470991.184161,GAZEBO_CLOCK_SYSTEM_INTERPOLATION,MAPPED_EXACT,0,56.1,1791471047.2841609,0.0011446475982666016,0.0,RGB,0.0,0,1,0,UNCALIBRATED,PREPARATION,MID,TURNING,1.0,363,1.0,6.981081485748291,0.36824244260787964,nan,nan,False,0.0,0.0,0.0,0.0,0,0,0,0,0,0.0,0.0,0.0,0.0,0.0,0.0,0.0,0.0,0.0,0.0,0.0,0.0,0.0,0.0,6.513080160207546,-1.7249778035834948,-1.8274954915229364,0.0,0.0,0.0,0.0,0.0,0.0,0.0,0.0,0.0,0.0,0.0,False,DISABLED,0,nan,nan,nan,nan,nan,nan,nan,nan,nan,nan,nan,nan,nan,nan,nan,nan,nan,nan,nan,nan,nan,nan,nan,nan,nan,nan,nan,nan,nan,nan,nan,nan,nan,nan,68.24004119430832,17.328777182389803,0.10949496544444332,0.02244328081844821,0.02244328081844821,0.02244328081844821,68.15682229854461,17.410369217930548,0.1498053347186087,0.08321889576370722,-0.08159203554074423,-0.0403103692741654,0.11654460466196125,0.12331897966992922,0.01694345474243164,False,DISABLED,none,MODEL_ORIGIN_FRAME_NOT_ESTABLISHED,nan,nan,nan,nan,nan,nan,nan,nan,nan,nan,nan,nan,nan,NOT_EVALUATED,nan,nan,nan,nan,DISABLED,nan,nan,nan,nan,nan,nan
1791471047.3361716,1791471047.361758,1791471047.3649683,1791471047.3649876,front_rgbd_red_sphere,True,True,True,,56.152,56.152,1791471047.361758,1791471047.3608327,1791471047.3361716,1791471047.3361716,1791471047.3361716,0.0,1791471046.3521633,1791471047.3481796,1791471047.3393278,1791471047.3481796,1791471047.343328,1791471047.3521743,1791471046.348165,1791471047.3481796,1791471046.3521633,1791471047.3521743,1791470991.1841717,GAZEBO_CLOCK_SYSTEM_INTERPOLATION,MAPPED_EXACT,0,56.152,1791471047.3361716,0.0017611980438232422,0.0,RGB,0.0,0,1,0,UNCALIBRATED,PREPARATION,MID,TURNING,1.0,362,1.0,6.9695611000061035,0.3656855821609497,nan,nan,False,0.0,0.0,0.0,0.0,0,0,0,0,0,0.0,0.0,0.0,0.0,0.0,0.0,0.0,0.0,0.0,0.0,0.0,0.0,0.0,0.0,6.5087253730107655,-1.676126084483843,-1.8444173700629474,0.0,0.0,0.0,0.0,0.0,0.0,0.0,0.0,0.0,0.0,0.0,False,DISABLED,0,nan,nan,nan,nan,nan,nan,nan,nan,nan,nan,nan,nan,nan,nan,nan,nan,nan,nan,nan,nan,nan,nan,nan,nan,nan,nan,nan,nan,nan,nan,nan,nan,nan,nan,68.06602481227802,17.230198705183355,0.1084531967194789,0.022408775553317717,0.022408775553317717,0.022408775553317717,67.9763469629627,17.30673366826481,0.14876299364855394,0.08967784931532208,-0.07653496308145336,-0.04030979692907505,0.11789706201471283,0.1245977405901259,0.025586366653442383,False,DISABLED,none,MODEL_ORIGIN_FRAME_NOT_ESTABLISHED,nan,nan,nan,nan,nan,nan,nan,nan,nan,nan,nan,nan,nan,NOT_EVALUATED,nan,nan,nan,nan,DISABLED,nan,nan,nan,nan,nan,nan
1791471047.3841608,1791471047.412694,1791471047.4172404,1791471047.4172637,front_rgbd_red_sphere,True,True,True,,56.2,56.2,1791471047.412694,1791471047.4115243,1791471047.3841608,1791471047.3841608,1791471047.3841608,0.0,1791471046.3921754,1791471047.388174,1791471047.379328,1791471047.388174,1791471047.383328,1791471047.3921971,1791471046.3881643,1791471047.388174,1791471046.3921754,1791471047.3921971,1791470991.1841607,GAZEBO_CLOCK_SYSTEM_INTERPOLATION,MAPPED_EXACT,0,56.2,1791471047.3841608,0.0009448528289794922,0.0,RGB,0.0,0,1,0,UNCALIBRATED,PREPARATION,MID,TURNING,1.0,358,1.0,6.969033241271973,0.36227738857269287,nan,nan,False,0.0,0.0,0.0,0.0,0,0,0,0,0,0.0,0.0,0.0,0.0,0.0,0.0,0.0,0.0,0.0,0.0,0.0,0.0,0.0,0.0,6.516687980133985,-1.6361718356688302,-1.8501732431522036,0.0,0.0,0.0,0.0,0.0,0.0,0.0,0.0,0.0,0.0,0.0,False,DISABLED,0,nan,nan,nan,nan,nan,nan,nan,nan,nan,nan,nan,nan,nan,nan,nan,nan,nan,nan,nan,nan,nan,nan,nan,nan,nan,nan,nan,nan,nan,nan,nan,nan,nan,nan,67.89215178006354,17.130712762722183,0.10672793763297156,0.022407195020270873,0.022407195020270873,0.022407195020270873,67.81055268896375,17.210188989770696,0.1469472944615074,0.08159909109978969,-0.07947622704851298,-0.040219356828535835,0.11390734100214334,0.12079933359865715,0.028533220291137695,False,DISABLED,none,MODEL_ORIGIN_FRAME_NOT_ESTABLISHED,nan,nan,nan,nan,nan,nan,nan,nan,nan,nan,nan,nan,nan,NOT_EVALUATED,nan,nan,nan,nan,DISABLED,nan,nan,nan,nan,nan,nan
1791471047.4361577,1791471047.4624207,1791471047.4656062,1791471047.4656284,front_rgbd_red_sphere,True,True,True,,56.252,56.252,1791471047.4624207,1791471047.4617798,1791471047.4361577,1791471047.4361577,1791471047.4361577,0.0,1791471046.4521673,1791471047.4521854,1791471047.443328,1791471047.4521854,1791471047.443328,1791471047.4521854,1791471046.4521673,1791471047.4521854,1791471046.4521673,1791471047.4521854,1791470991.1841576,GAZEBO_CLOCK_SYSTEM_INTERPOLATION,MAPPED_EXACT,0,56.252,1791471047.4361577,0.0024356842041015625,0.0,RGB,0.0,0,1,0,UNCALIBRATED,PREPARATION,MID,TURNING,1.0,362,1.0,6.956208229064941,0.3601653575897217,nan,nan,False,0.0,0.0,0.0,0.0,0,0,0,0,0,0.0,0.0,0.0,0.0,0.0,0.0,0.0,0.0,0.0,0.0,0.0,0.0,0.0,0.0,6.509887667594843,-1.588843438664762,-1.867021389073665,0.0,0.0,0.0,0.0,0.0,0.0,0.0,0.0,0.0,0.0,0.0,False,DISABLED,0,nan,nan,nan,nan,nan,nan,nan,nan,nan,nan,nan,nan,nan,nan,nan,nan,nan,nan,nan,nan,nan,nan,nan,nan,nan,nan,nan,nan,nan,nan,nan,nan,nan,nan,67.71926109726462,17.03042483882357,0.10425654987047933,0.02236881578366314,0.02236881578366314,0.02236881578366314,67.6313975417683,17.104358738045182,0.1440094089892606,0.08786355549632674,-0.0739338992216112,-0.039752859118781264,0.11483129294128604,0.12151755283367552,0.026262998580932617,False,DISABLED,none,MODEL_ORIGIN_FRAME_NOT_ESTABLISHED,nan,nan,nan,nan,nan,nan,nan,nan,nan,nan,nan,nan,nan,NOT_EVALUATED,nan,nan,nan,nan,DISABLED,nan,nan,nan,nan,nan,nan
1791471047.4841583,1791471047.499659,1791471047.5057733,1791471047.5058203,front_rgbd_red_sphere,True,True,True,,56.3,56.3,1791471047.499659,1791471047.497463,1791471047.4841583,1791471047.4841583,1791471047.4841583,0.0,1791471046.472158,1791471047.4921684,1791471047.4833279,1791471047.4921684,1791471047.4833279,1791471047.4921684,1791471046.468159,1791471047.4921684,1791471046.472158,1791471047.4921684,1791470991.1841583,GAZEBO_CLOCK_SYSTEM_INTERPOLATION,MAPPED_EXACT,0,56.3,1791471047.4841583,0.0037758350372314453,0.0,RGB,0.0,0,1,0,UNCALIBRATED,PREPARATION,MID,TURNING,1.0,359,1.0,6.954125881195068,0.35731610655784607,nan,nan,False,0.0,0.0,0.0,0.0,0,0,0,0,0,0.0,0.0,0.0,0.0,0.0,0.0,0.0,0.0,0.0,0.0,0.0,0.0,0.0,0.0,6.514895665320609,-1.550104365901789,-1.8743468091859286,0.0,0.0,0.0,0.0,0.0,0.0,0.0,0.0,0.0,0.0,0.0,False,DISABLED,0,nan,nan,nan,nan,nan,nan,nan,nan,nan,nan,nan,nan,nan,nan,nan,nan,nan,nan,nan,nan,nan,nan,nan,nan,nan,nan,nan,nan,nan,nan,nan,nan,nan,nan,67.54672019683048,16.929044731338426,0.10076064595765294,0.022362587713925953,0.022362587713925953,0.022362587713925953,67.46673495504744,17.005803518621068,0.14047124501087632,0.07998524178303512,-0.07675878728264252,-0.03971059905322338,0.11085824429510216,0.11775602746933345,0.015500783920288086,False,DISABLED,none,MODEL_ORIGIN_FRAME_NOT_ESTABLISHED,nan,nan,nan,nan,nan,nan,nan,nan,nan,nan,nan,nan,nan,NOT_EVALUATED,nan,nan,nan,nan,DISABLED,nan,nan,nan,nan,nan,nan
1791471047.5361578,1791471047.5658011,1791471047.5695782,1791471047.5696182,front_rgbd_red_sphere,True,True,True,,56.352,56.352,1791471047.5569775,1791471047.5658011,1791471047.5361578,1791471047.5361578,1791471047.5361578,0.0,1791471046.5481696,1791471047.5481706,1791471047.5393279,1791471047.5481706,1791471047.5433278,1791471047.5521665,1791471046.5481696,1791471047.5481706,1791471046.5321562,1791471047.5521665,1791470991.1841578,GAZEBO_CLOCK_SYSTEM_INTERPOLATION,MAPPED_EXACT,0,56.352,1791471047.5361578,0.0020728111267089844,0.0,RGB,0.0,0,1,0,UNCALIBRATED,PREPARATION,MID,TURNING,1.0,361,1.0,6.939809322357178,0.35516202449798584,nan,nan,False,0.0,0.0,0.0,0.0,0,0,0,0,0,0.0,0.0,0.0,0.0,0.0,0.0,0.0,0.0,0.0,0.0,0.0,0.0,0.0,0.0,6.506696884138754,-1.504856930622096,-1.8865984295758844,0.0,0.0,0.0,0.0,0.0,0.0,0.0,0.0,0.0,0.0,0.0,False,DISABLED,0,nan,nan,nan,nan,nan,nan,nan,nan,nan,nan,nan,nan,nan,nan,nan,nan,nan,nan,nan,nan,nan,nan,nan,nan,nan,nan,nan,nan,nan,nan,nan,nan,nan,nan,67.37475448988876,16.826557370714845,0.09664235639378044,0.02231979002795559,0.02231979002795559,0.02231979002795559,67.28884892761236,16.897890628834986,0.1357102259311604,0.08590556227639468,-0.07133325812014135,-0.03906786953737995,0.11166109145113277,0.11829834222950031,0.02964329719543457,False,DISABLED,none,MODEL_ORIGIN_FRAME_NOT_ESTABLISHED,nan,nan,nan,nan,nan,nan,nan,nan,nan,nan,nan,nan,nan,NOT_EVALUATED,nan,nan,nan,nan,DISABLED,nan,nan,nan,nan,nan,nan
1791471047.5841615,1791471047.6022186,1791471047.607944,1791471047.6079822,front_rgbd_red_sphere,True,True,True,,56.4,56.4,1791471047.6022186,1791471047.600462,1791471047.5841615,1791471047.5841615,1791471047.5841615,0.0,1791471046.572158,1791471047.588166,1791471047.5793278,1791471047.588166,1791471047.583328,1791471047.5921657,1791471046.572158,1791471047.588166,1791471046.572158,1791471047.5921657,1791470991.1841614,GAZEBO_CLOCK_SYSTEM_INTERPOLATION,MAPPED_EXACT,0,56.4,1791471047.5841615,0.002351522445678711,0.0,RGB,0.0,0,1,0,UNCALIBRATED,PREPARATION,MID,TURNING,1.0,362,1.0,6.935972213745117,0.35187509655952454,nan,nan,False,0.0,0.0,0.0,0.0,0,0,0,0,0,0.0,0.0,0.0,0.0,0.0,0.0,0.0,0.0,0.0,0.0,0.0,0.0,0.0,0.0,6.510992068495007,-1.4676654876413417,-1.8869689379276875,0.0,0.0,0.0,0.0,0.0,0.0,0.0,0.0,0.0,0.0,0.0,False,DISABLED,0,nan,nan,nan,nan,nan,nan,nan,nan,nan,nan,nan,nan,nan,nan,nan,nan,nan,nan,nan,nan,nan,nan,nan,nan,nan,nan,nan,nan,nan,nan,nan,nan,nan,nan,67.20355298128455,16.723127985699964,0.09160562067100392,0.0223083267956237,0.0223083267956237,0.0223083267956237,67.12520226782848,16.79737886904543,0.13053238037604908,0.07835071345606082,-0.07425088334546714,-0.038926759705045166,0.10794455973626424,0.11474894595502935,0.01805710792541504,False,DISABLED,none,MODEL_ORIGIN_FRAME_NOT_ESTABLISHED,nan,nan,nan,nan,nan,nan,nan,nan,nan,nan,nan,nan,nan,NOT_EVALUATED,nan,nan,nan,nan,DISABLED,nan,nan,nan,nan,nan,nan
1791471047.6361573,1791471047.6560228,1791471047.6632693,1791471047.6632893,front_rgbd_red_sphere,True,True,True,,56.452,56.452,1791471047.6560228,1791471047.6547713,1791471047.6361573,1791471047.6361573,1791471047.6361573,0.0,1791471046.6321652,1791471047.6521642,1791471047.643358,1791471047.6521642,1791471047.643358,1791471047.6521642,1791471046.62816,1791471047.6521642,1791471046.6321652,1791471047.6521642,1791470991.1841574,GAZEBO_CLOCK_SYSTEM_INTERPOLATION,MAPPED_EXACT,0,56.452,1791471047.6361573,0.0023355484008789062,0.0,RGB,0.0,0,1,0,UNCALIBRATED,PREPARATION,MID,TURNING,1.0,357,1.0,6.920589447021484,0.35002601146698,nan,nan,False,0.0,0.0,0.0,0.0,0,0,0,0,0,0.0,0.0,0.0,0.0,0.0,0.0,0.0,0.0,0.0,0.0,0.0,0.0,0.0,0.0,6.500951228338302,-1.4241472033998885,-1.8984195710649119,0.0,0.0,0.0,0.0,0.0,0.0,0.0,0.0,0.0,0.0,0.0,False,DISABLED,0,nan,nan,nan,nan,nan,nan,nan,nan,nan,nan,nan,nan,nan,nan,nan,nan,nan,nan,nan,nan,nan,nan,nan,nan,nan,nan,nan,nan,nan,nan,nan,nan,nan,nan,67.03308465546503,16.61856024366472,0.08611100652346076,0.022262399096385964,0.022262399096385964,0.022262399096385964,66.94873224844011,16.687610383185962,0.12407275934288937,0.08435240702492308,-0.0690501395212415,-0.03796175281942861,0.10901032216630319,0.1154311267203288,0.01986551284790039,False,DISABLED,none,MODEL_ORIGIN_FRAME_NOT_ESTABLISHED,nan,nan,nan,nan,nan,nan,nan,nan,nan,nan,nan,nan,nan,NOT_EVALUATED,nan,nan,nan,nan,DISABLED,nan,nan,nan,nan,nan,nan
1791471047.684158,1791471047.7014852,1791471047.706485,1791471047.7065084,front_rgbd_red_sphere,True,True,True,,56.5,56.5,1791471047.7014852,1791471047.7005162,1791471047.684158,1791471047.684158,1791471047.684158,0.0,1791471046.6721563,1791471047.6921663,1791471047.683358,1791471047.6921663,1791471047.683358,1791471047.6921663,1791471046.6681623,1791471047.6921663,1791471046.6721563,1791471047.6921663,1791470991.184158,GAZEBO_CLOCK_SYSTEM_INTERPOLATION,MAPPED_EXACT,0,56.5,1791471047.684158,0.0018801689147949219,0.0,RGB,0.0,0,1,0,UNCALIBRATED,PREPARATION,MID,TURNING,1.0,356,1.0,6.915681838989258,0.347210556268692,nan,nan,False,0.0,0.0,0.0,0.0,0,0,0,0,0,0.0,0.0,0.0,0.0,0.0,0.0,0.0,0.0,0.0,0.0,0.0,0.0,0.0,0.0,6.502992476987263,-1.388186789598242,-1.900179845198818,0.0,0.0,0.0,0.0,0.0,0.0,0.0,0.0,0.0,0.0,0.0,False,DISABLED,0,nan,nan,nan,nan,nan,nan,nan,nan,nan,nan,nan,nan,nan,nan,nan,nan,nan,nan,nan,nan,nan,nan,nan,nan,nan,nan,nan,nan,nan,nan,nan,nan,nan,nan,66.86348757824969,16.512921228391797,0.0794011064400309,0.02224775687433817,0.02224775687433817,0.02224775687433817,66.7861883087856,16.585316776306747,0.11738699818296301,0.07729926946409194,-0.07239554791495095,-0.03798589174293211,0.10590699890747662,0.1125132009547947,0.017327070236206055,False,DISABLED,none,MODEL_ORIGIN_FRAME_NOT_ESTABLISHED,nan,nan,nan,nan,nan,nan,nan,nan,nan,nan,nan,nan,nan,NOT_EVALUATED,nan,nan,nan,nan,DISABLED,nan,nan,nan,nan,nan,nan
1791471047.7361596,1791471047.7655907,1791471047.7717311,1791471047.7717643,front_rgbd_red_sphere,True,True,True,,56.552,56.552,1791471047.7655907,1791471047.7539876,1791471047.7361596,1791471047.7361596,1791471047.7361596,0.0,1791471046.752166,1791471047.7481785,1791471047.739358,1791471047.7481785,1791471047.743358,1791471047.7521732,1791471046.748167,1791471047.7481785,1791471046.752166,1791471047.7521732,1791470991.1841595,GAZEBO_CLOCK_SYSTEM_INTERPOLATION,MAPPED_EXACT,0,56.552,1791471047.7361596,0.0021741390228271484,0.0,RGB,0.0,0,1,0,UNCALIBRATED,PREPARATION,MID,TURNING,1.0,365,1.0,6.899321556091309,0.3453547954559326,nan,nan,False,0.0,0.0,0.0,0.0,0,0,0,0,0,0.0,0.0,0.0,0.0,0.0,0.0,0.0,0.0,0.0,0.0,0.0,0.0,0.0,0.0,6.49195365107054,-1.3459597447935039,-1.908812459968436,0.0,0.0,0.0,0.0,0.0,0.0,0.0,0.0,0.0,0.0,0.0,False,DISABLED,0,nan,nan,nan,nan,nan,nan,nan,nan,nan,nan,nan,nan,nan,nan,nan,nan,nan,nan,nan,nan,nan,nan,nan,nan,nan,nan,nan,nan,nan,nan,nan,nan,nan,nan,66.69415040029483,16.406096764876565,0.07235142945729317,0.022198977617015614,0.022198977617015614,0.022198977617015614,66.61087759609876,16.47366192536636,0.10938099235469517,0.08327280419607064,-0.06756516048979577,-0.037029562897402,0.10723530589637435,0.11344866398094616,0.02943110466003418,False,DISABLED,none,MODEL_ORIGIN_FRAME_NOT_ESTABLISHED,nan,nan,nan,nan,nan,nan,nan,nan,nan,nan,nan,nan,nan,NOT_EVALUATED,nan,nan,nan,nan,DISABLED,nan,nan,nan,nan,nan,nan
1791471047.784164,1791471047.7997057,1791471047.803146,1791471047.8031673,front_rgbd_red_sphere,True,True,True,,56.6,56.6,1791471047.7997057,1791471047.7978225,1791471047.784164,1791471047.784164,1791471047.784164,0.0,1791471046.7921643,1791471047.7881653,1791471047.779358,1791471047.7881653,1791471047.7833579,1791471047.7921717,1791471046.7881627,1791471047.7881653,1791471046.7921643,1791471047.7921717,1791470991.184164,GAZEBO_CLOCK_SYSTEM_INTERPOLATION,MAPPED_EXACT,0,56.6,1791471047.784164,0.003744840621948242,0.0,RGB,0.0,0,1,0,UNCALIBRATED,PREPARATION,MID,STRAIGHT,1.0,359,1.0,6.893427848815918,0.3423897922039032,nan,nan,False,0.0,0.0,0.0,0.0,0,0,0,0,0,0.0,0.0,0.0,0.0,0.0,0.0,0.0,0.0,0.0,0.0,0.0,0.0,0.0,0.0,6.49329870073763,-1.3105494475083352,-1.9075839322596249,0.0,0.0,0.0,0.0,0.0,0.0,0.0,0.0,0.0,0.0,0.0,False,DISABLED,0,nan,nan,nan,nan,nan,nan,nan,nan,nan,nan,nan,nan,nan,nan,nan,nan,nan,nan,nan,nan,nan,nan,nan,nan,nan,nan,nan,nan,nan,nan,nan,nan,nan,nan,66.52573418659503,16.29831114654631,0.06421493511435289,0.022181418622421865,0.022181418622421865,0.022181418622421865,66.44960252065073,16.369809677378267,0.10136253207875892,0.07613166594430254,-0.07149853083195623,-0.03714759696440603,0.10444170848173191,0.11085131677527796,0.015541791915893555,False,DISABLED,none,MODEL_ORIGIN_FRAME_NOT_ESTABLISHED,nan,nan,nan,nan,nan,nan,nan,nan,nan,nan,nan,nan,nan,NOT_EVALUATED,nan,nan,nan,nan,DISABLED,nan,nan,nan,nan,nan,nan
1791471047.836159,1791471047.8565989,1791471047.8625598,1791471047.86258,front_rgbd_red_sphere,True,True,True,,56.652,56.652,1791471047.8565989,1791471047.855661,1791471047.836159,1791471047.836159,1791471047.836159,0.0,1791471046.832163,1791471047.8521671,1791471047.8433578,1791471047.8521671,1791471047.8433578,1791471047.8521671,1791471046.8281553,1791471047.8521671,1791471046.832163,1791471047.8521671,1791470991.184159,GAZEBO_CLOCK_SYSTEM_INTERPOLATION,MAPPED_EXACT,0,56.652,1791471047.836159,0.001913309097290039,0.0,RGB,0.0,0,1,0,UNCALIBRATED,PREPARATION,MID,STRAIGHT,1.0,359,1.0,6.876014232635498,0.34077587723731995,nan,nan,False,0.0,0.0,0.0,0.0,0,0,0,0,0,0.0,0.0,0.0,0.0,0.0,0.0,0.0,0.0,0.0,0.0,0.0,0.0,0.0,0.0,6.480613375576993,-1.2688419227952794,-1.9160535576485689,0.0,0.0,0.0,0.0,0.0,0.0,0.0,0.0,0.0,0.0,0.0,False,DISABLED,0,nan,nan,nan,nan,nan,nan,nan,nan,nan,nan,nan,nan,nan,nan,nan,nan,nan,nan,nan,nan,nan,nan,nan,nan,nan,nan,nan,nan,nan,nan,nan,nan,nan,nan,66.35809118857514,16.189789544597474,0.05597852735373815,0.02212957974096907,0.02212957974096907,0.02212957974096907,66.27512283010068,16.256174188335997,0.09199077145507494,0.08296835847446005,-0.06638464373852315,-0.036012244101336785,0.10625756176497345,0.11219425634786932,0.020439863204956055,False,DISABLED,none,MODEL_ORIGIN_FRAME_NOT_ESTABLISHED,nan,nan,nan,nan,nan,nan,nan,nan,nan,nan,nan,nan,nan,NOT_EVALUATED,nan,nan,nan,nan,DISABLED,nan,nan,nan,nan,nan,nan
1791471047.884161,1791471047.9073222,1791471047.912377,1791471047.9123995,front_rgbd_red_sphere,True,True,True,,56.7,56.7,1791471047.899197,1791471047.9073222,1791471047.884161,1791471047.884161,1791471047.884161,0.0,1791471046.892166,1791471047.892178,1791471047.883358,1791471047.892178,1791471047.883358,1791471047.892178,1791471046.892166,1791471047.892178,1791471046.892166,1791471047.892178,1791470991.184161,GAZEBO_CLOCK_SYSTEM_INTERPOLATION,MAPPED_EXACT,0,56.7,1791471047.884161,0.003520965576171875,0.0,RGB,0.0,0,1,0,UNCALIBRATED,PREPARATION,MID,STRAIGHT,1.0,362,1.0,6.86916971206665,0.3377822935581207,nan,nan,False,0.0,0.0,0.0,0.0,0,0,0,0,0,0.0,0.0,0.0,0.0,0.0,0.0,0.0,0.0,0.0,0.0,0.0,0.0,0.0,0.0,6.481006095509751,-1.2341697331139834,-1.9128190860409893,0.0,0.0,0.0,0.0,0.0,0.0,0.0,0.0,0.0,0.0,0.0,False,DISABLED,0,nan,nan,nan,nan,nan,nan,nan,nan,nan,nan,nan,nan,nan,nan,nan,nan,nan,nan,nan,nan,nan,nan,nan,nan,nan,nan,nan,nan,nan,nan,nan,nan,nan,nan,66.19135925868602,16.08040045904328,0.04680065682203255,0.0221092206330735,0.0221092206330735,0.0221092206330735,66.11455369914508,16.150500417502496,0.0828063010630762,0.07680555954094359,-0.0700999584592168,-0.03600564424104365,0.10398604787365155,0.11004319410846793,0.02316117286682129,False,DISABLED,none,MODEL_ORIGIN_FRAME_NOT_ESTABLISHED,nan,nan,nan,nan,nan,nan,nan,nan,nan,nan,nan,nan,nan,NOT_EVALUATED,nan,nan,nan,nan,DISABLED,nan,nan,nan,nan,nan,nan
1791471047.9361587,1791471047.9609466,1791471047.9644039,1791471047.9644315,front_rgbd_red_sphere,True,True,True,,56.752,56.752,1791471047.9609466,1791471047.949926,1791471047.9361587,1791471047.9361587,1791471047.9361587,0.0,1791471046.9521692,1791471047.9481635,1791471047.939358,1791471047.9481635,1791471047.943358,1791471047.9521708,1791471046.93216,1791471047.9481635,1791471046.9521692,1791471047.9521708,1791470991.1841586,GAZEBO_CLOCK_SYSTEM_INTERPOLATION,MAPPED_EXACT,0,56.752,1791471047.9361587,0.0009946823120117188,0.0,RGB,0.0,0,1,0,UNCALIBRATED,PREPARATION,MID,STRAIGHT,1.0,358,1.0,6.850921154022217,0.33580294251441956,nan,nan,False,0.0,0.0,0.0,0.0,0,0,0,0,0,0.0,0.0,0.0,0.0,0.0,0.0,0.0,0.0,0.0,0.0,0.0,0.0,0.0,0.0,6.468269932150571,-1.1935527524498806,-1.9162558841742867,0.0,0.0,0.0,0.0,0.0,0.0,0.0,0.0,0.0,0.0,0.0,False,DISABLED,0,nan,nan,nan,nan,nan,nan,nan,nan,nan,nan,nan,nan,nan,nan,nan,nan,nan,nan,nan,nan,nan,nan,nan,nan,nan,nan,nan,nan,nan,nan,nan,nan,nan,nan,66.02471780499023,15.970067840557626,0.03741687689089984,0.022054985921629938,0.022054985921629938,0.022054985921629938,65.94142737406074,16.035336730587584,0.0723283360337284,0.08329043092949462,-0.06526889002995873,-0.03491145914282856,0.10581740825669357,0.11142770692087829,0.02478790283203125,False,DISABLED,none,MODEL_ORIGIN_FRAME_NOT_ESTABLISHED,nan,nan,nan,nan,nan,nan,nan,nan,nan,nan,nan,nan,nan,NOT_EVALUATED,nan,nan,nan,nan,DISABLED,nan,nan,nan,nan,nan,nan
1791471047.98416,1791471048.0021114,1791471048.006511,1791471048.0065298,front_rgbd_red_sphere,True,True,True,,56.8,56.8,1791471048.0021114,1791471047.9991827,1791471047.98416,1791471047.98416,1791471047.98416,0.0,1791471046.992166,1791471047.98822,1791471047.979358,1791471047.98822,1791471047.983358,1791471047.9921706,1791471046.9881704,1791471047.98822,1791471046.992166,1791471047.9921706,1791470991.18416,GAZEBO_CLOCK_SYSTEM_INTERPOLATION,MAPPED_EXACT,0,56.8,1791471047.98416,0.0033075809478759766,0.0,RGB,0.0,0,1,0,UNCALIBRATED,PREPARATION,MID,STRAIGHT,1.0,363,1.0,6.843846797943115,0.3327324390411377,nan,nan,False,0.0,0.0,0.0,0.0,0,0,0,0,0,0.0,0.0,0.0,0.0,0.0,0.0,0.0,0.0,0.0,0.0,0.0,0.0,0.0,0.0,6.468485150009114,-1.1592556171686343,-1.9113000934193751,0.0,0.0,0.0,0.0,0.0,0.0,0.0,0.0,0.0,0.0,0.0,False,DISABLED,0,nan,nan,nan,nan,nan,nan,nan,nan,nan,nan,nan,nan,nan,nan,nan,nan,nan,nan,nan,nan,nan,nan,nan,nan,nan,nan,nan,nan,nan,nan,nan,nan,nan,nan,65.8587197905195,15.859143149973855,0.027454624925495053,0.02203397937800602,0.02203397937800602,0.02203397937800602,65.7820842968055,15.92829045867663,0.062237271226430156,0.07663549371400791,-0.06914730870277452,-0.034782646300935104,0.10321990698322947,0.10892282442776857,0.017951488494873047,False,DISABLED,none,MODEL_ORIGIN_FRAME_NOT_ESTABLISHED,nan,nan,nan,nan,nan,nan,nan,nan,nan,nan,nan,nan,nan,NOT_EVALUATED,nan,nan,nan,nan,DISABLED,nan,nan,nan,nan,nan,nan
1791471048.0361562,1791471048.0618958,1791471048.0654,1791471048.0654206,front_rgbd_red_sphere,True,True,True,,56.852,56.852,1791471048.0523236,1791471048.0618958,1791471048.0361562,1791471048.0361562,1791471048.0361562,0.0,1791471047.0321615,1791471048.0521717,1791471048.0433578,1791471048.0521717,1791471048.0433578,1791471048.0521717,1791471047.0281572,1791471048.0521717,1791471047.0321615,1791471048.0521717,1791470991.1841562,GAZEBO_CLOCK_SYSTEM_INTERPOLATION,MAPPED_EXACT,0,56.852,1791471048.0361562,0.002068758010864258,0.0,RGB,0.0,0,1,0,UNCALIBRATED,PREPARATION,MID,STRAIGHT,1.0,363,1.0,6.825121879577637,0.3309558033943176,nan,nan,False,0.0,0.0,0.0,0.0,0,0,0,0,0,0.0,0.0,0.0,0.0,0.0,0.0,0.0,0.0,0.0,0.0,0.0,0.0,0.0,0.0,6.45473724249293,-1.1192472082700355,-1.9146640699501987,0.0,0.0,0.0,0.0,0.0,0.0,0.0,0.0,0.0,0.0,0.0,False,DISABLED,0,nan,nan,nan,nan,nan,nan,nan,nan,nan,nan,nan,nan,nan,nan,nan,nan,nan,nan,nan,nan,nan,nan,nan,nan,nan,nan,nan,nan,nan,nan,nan,nan,nan,nan,65.6930899168202,15.747436899645571,0.017275372495957397,0.02197842322550938,0.02197842322550938,0.02197842322550938,65.60998548962418,15.811494678823584,0.05089563329830462,0.08310442719601951,-0.06405777917801281,-0.03362026080234722,0.10492733148611738,0.11018197143460179,0.025739669799804688,False,DISABLED,none,MODEL_ORIGIN_FRAME_NOT_ESTABLISHED,nan,nan,nan,nan,nan,nan,nan,nan,nan,nan,nan,nan,nan,NOT_EVALUATED,nan,nan,nan,nan,DISABLED,nan,nan,nan,nan,nan,nan
1791471048.084162,1791471048.1012645,1791471048.1067755,1791471048.1068113,front_rgbd_red_sphere,True,True,True,,56.9,56.9,1791471048.1012645,1791471048.1000485,1791471048.084162,1791471048.084162,1791471048.084162,0.0,1791471047.0721624,1791471048.092173,1791471048.0833578,1791471048.092173,1791471048.0833578,1791471048.092173,1791471047.0681703,1791471048.092173,1791471047.0721624,1791471048.092173,1791470991.184162,GAZEBO_CLOCK_SYSTEM_INTERPOLATION,MAPPED_EXACT,0,56.9,1791471048.084162,0.0014162063598632812,0.0,RGB,0.0,0,1,0,UNCALIBRATED,PREPARATION,MID,STRAIGHT,1.0,365,1.0,6.81768798828125,0.3279939293861389,nan,nan,False,0.0,0.0,0.0,0.0,0,0,0,0,0,0.0,0.0,0.0,0.0,0.0,0.0,0.0,0.0,0.0,0.0,0.0,0.0,0.0,0.0,6.454240494971137,-1.0856926537804714,-1.9091677945147056,0.0,0.0,0.0,0.0,0.0,0.0,0.0,0.0,0.0,0.0,0.0,False,DISABLED,0,nan,nan,nan,nan,nan,nan,nan,nan,nan,nan,nan,nan,nan,nan,nan,nan,nan,nan,nan,nan,nan,nan,nan,nan,nan,nan,nan,nan,nan,nan,nan,nan,nan,nan,65.52793731891383,15.634843958054656,0.00672256409278843,0.021956387963808256,0.021956387963808256,0.021956387963808256,65.45155545568356,15.702963149141913,0.04012867377407912,0.0763818632302673,-0.06811919108725739,-0.03340610968129069,0.10234458082824682,0.10765863360152761,0.017102479934692383,False,DISABLED,none,MODEL_ORIGIN_FRAME_NOT_ESTABLISHED,nan,nan,nan,nan,nan,nan,nan,nan,nan,nan,nan,nan,nan,NOT_EVALUATED,nan,nan,nan,nan,DISABLED,nan,nan,nan,nan,nan,nan
1791471048.1361585,1791471048.1538432,1791471048.16103,1791471048.1610532,front_rgbd_red_sphere,True,True,True,,56.952,56.952,1791471048.1538432,1791471048.1526225,1791471048.1361585,1791471048.1361585,1791471048.1361585,0.0,1791471047.1481779,1791471048.1481855,1791471048.1393578,1791471048.1481855,1791471048.143358,1791471048.1521738,1791471047.1481779,1791471048.1481855,1791471047.1321566,1791471048.1521738,1791470991.1841586,GAZEBO_CLOCK_SYSTEM_INTERPOLATION,MAPPED_EXACT,0,56.952,1791471048.1361585,0.001134634017944336,0.0,RGB,0.0,0,1,0,UNCALIBRATED,PREPARATION,MID,STRAIGHT,1.0,369,1.0,6.798929691314697,0.32638129591941833,nan,nan,False,0.0,0.0,0.0,0.0,0,0,0,0,0,0.0,0.0,0.0,0.0,0.0,0.0,0.0,0.0,0.0,0.0,0.0,0.0,0.0,0.0,6.440005637110529,-1.0470325888861307,-1.9119343722640059,0.0,0.0,0.0,0.0,0.0,0.0,0.0,0.0,0.0,0.0,0.0,False,DISABLED,0,nan,nan,nan,nan,nan,nan,nan,nan,nan,nan,nan,nan,nan,nan,nan,nan,nan,nan,nan,nan,nan,nan,nan,nan,nan,nan,nan,nan,nan,nan,nan,nan,nan,nan,65.36312862910967,15.521451690891965,-0.0038722114305089206,0.021900831553459694,0.021900831553459694,0.021900831553459694,65.28045762095678,15.584618277406632,0.028202446472477157,0.08267100815288586,-0.06316658651466689,-0.03207465790298608,0.10404092099231638,0.10887284748973458,0.0176846981048584,False,DISABLED,none,MODEL_ORIGIN_FRAME_NOT_ESTABLISHED,nan,nan,nan,nan,nan,nan,nan,nan,nan,nan,nan,nan,nan,NOT_EVALUATED,nan,nan,nan,nan,DISABLED,nan,nan,nan,nan,nan,nan
1791471048.1841595,1791471048.199908,1791471048.2054431,1791471048.2054691,front_rgbd_red_sphere,True,True,True,,57.0,57.0,1791471048.199908,1791471048.1992972,1791471048.1841595,1791471048.1841595,1791471048.1841595,0.0,1791471047.1921678,1791471048.1881723,1791471048.179358,1791471048.1881723,1791471048.183358,1791471048.192178,1791471047.1881666,1791471048.1881723,1791471047.1921678,1791471048.192178,1791470991.1841595,GAZEBO_CLOCK_SYSTEM_INTERPOLATION,MAPPED_EXACT,0,57.0,1791471048.1841595,0.004021883010864258,0.0,RGB,0.0,0,1,0,UNCALIBRATED,PREPARATION,MID,STRAIGHT,1.0,362,1.0,6.791331768035889,0.32336512207984924,nan,nan,False,0.0,0.0,0.0,0.0,0,0,0,0,0,0.0,0.0,0.0,0.0,0.0,0.0,0.0,0.0,0.0,0.0,0.0,0.0,0.0,0.0,6.439347027206448,-1.0148898400756057,-1.9044668717982578,0.0,0.0,0.0,0.0,0.0,0.0,0.0,0.0,0.0,0.0,0.0,False,DISABLED,0,nan,nan,nan,nan,nan,nan,nan,nan,nan,nan,nan,nan,nan,nan,nan,nan,nan,nan,nan,nan,nan,nan,nan,nan,nan,nan,nan,nan,nan,nan,nan,nan,nan,nan,65.19852616614608,15.40757369679709,-0.015171300002529031,0.021878349200156296,0.021878349200156296,0.021878349200156296,65.12297872002743,15.474719400020454,0.017029222835481268,0.07554744611864805,-0.067145703223364,-0.032200522838010295,0.10107404254510702,0.106079384177376,0.01574850082397461,False,DISABLED,none,MODEL_ORIGIN_FRAME_NOT_ESTABLISHED,nan,nan,nan,nan,nan,nan,nan,nan,nan,nan,nan,nan,nan,NOT_EVALUATED,nan,nan,nan,nan,DISABLED,nan,nan,nan,nan,nan,nan
1791471048.23616,1791471048.2616937,1791471048.2648904,1791471048.26491,front_rgbd_red_sphere,True,True,True,,57.052,57.052,1791471048.2616937,1791471048.250984,1791471048.23616,1791471048.23616,1791471048.23616,0.0,1791471047.252167,1791471048.2521753,1791471048.243358,1791471048.2521753,1791471048.243358,1791471048.2521753,1791471047.252167,1791471048.2521753,1791471047.252167,1791471048.2521753,1791470991.18416,GAZEBO_CLOCK_SYSTEM_INTERPOLATION,MAPPED_EXACT,0,57.052,1791471048.23616,0.0017275810241699219,0.0,RGB,0.0,0,1,0,UNCALIBRATED,PREPARATION,MID,STRAIGHT,1.0,364,1.0,6.772943496704102,0.3218972384929657,nan,nan,False,0.0,0.0,0.0,0.0,0,0,0,0,0,0.0,0.0,0.0,0.0,0.0,0.0,0.0,0.0,0.0,0.0,0.0,0.0,0.0,0.0,6.425064237348503,-0.9782558379906741,-1.9063918374703244,0.0,0.0,0.0,0.0,0.0,0.0,0.0,0.0,0.0,0.0,0.0,False,DISABLED,0,nan,nan,nan,nan,nan,nan,nan,nan,nan,nan,nan,nan,nan,nan,nan,nan,nan,nan,nan,nan,nan,nan,nan,nan,nan,nan,nan,nan,nan,nan,nan,nan,nan,nan,65.03416651664418,15.292891374868063,-0.026460332122796915,0.02182398621023352,0.02182398621023352,0.02182398621023352,64.95304722783699,15.355041203864502,0.004826314824609265,0.08111928880718722,-0.06214982899643928,-0.03128664694740618,0.10219070535459912,0.10687279606187036,0.025533676147460938,False,DISABLED,none,MODEL_ORIGIN_FRAME_NOT_ESTABLISHED,nan,nan,nan,nan,nan,nan,nan,nan,nan,nan,nan,nan,nan,NOT_EVALUATED,nan,nan,nan,nan,DISABLED,nan,nan,nan,nan,nan,nan
1791471048.284164,1791471048.3013682,1791471048.3053646,1791471048.3053844,front_rgbd_red_sphere,True,True,True,,57.1,57.1,1791471048.3013682,1791471048.2994168,1791471048.284164,1791471048.284164,1791471048.284164,0.0,1791471047.292175,1791471048.29218,1791471048.2833579,1791471048.29218,1791471048.2833579,1791471048.29218,1791471047.292175,1791471048.29218,1791471047.292175,1791471048.29218,1791470991.184164,GAZEBO_CLOCK_SYSTEM_INTERPOLATION,MAPPED_EXACT,0,57.1,1791471048.284164,0.0014660358428955078,0.0,RGB,0.0,0,1,0,UNCALIBRATED,PREPARATION,MID,STRAIGHT,1.0,361,1.0,6.7654523849487305,0.3194805979728699,nan,nan,False,0.0,0.0,0.0,0.0,0,0,0,0,0,0.0,0.0,0.0,0.0,0.0,0.0,0.0,0.0,0.0,0.0,0.0,0.0,0.0,0.0,6.423111582720934,-0.9479384048762514,-1.9016827233209437,0.0,0.0,0.0,0.0,0.0,0.0,0.0,0.0,0.0,0.0,0.0,False,DISABLED,0,nan,nan,nan,nan,nan,nan,nan,nan,nan,nan,nan,nan,nan,nan,nan,nan,nan,nan,nan,nan,nan,nan,nan,nan,nan,nan,nan,nan,nan,nan,nan,nan,nan,nan,64.87078206048588,15.178075120830204,-0.03828632668472037,0.02180185859451554,0.02180185859451554,0.02180185859451554,64.79635741166335,15.24374887467314,-0.006487447558568891,0.07442464882252864,-0.06567375384293506,-0.03179887912615148,0.09925759565987452,0.104226863187274,0.01720428466796875,False,DISABLED,none,MODEL_ORIGIN_FRAME_NOT_ESTABLISHED,nan,nan,nan,nan,nan,nan,nan,nan,nan,nan,nan,nan,nan,NOT_EVALUATED,nan,nan,nan,nan,DISABLED,nan,nan,nan,nan,nan,nan
1791471048.3361557,1791471048.3535132,1791471048.360846,1791471048.3608654,front_rgbd_red_sphere,True,True,True,,57.152,57.152,1791471048.3535132,1791471048.352117,1791471048.3361557,1791471048.3361557,1791471048.3361557,0.0,1791471047.3521743,1791471048.3481877,1791471048.3393579,1791471048.3481877,1791471048.3433578,1791471048.3521779,1791471047.3481796,1791471048.3481877,1791471047.3521743,1791471048.3521779,1791470991.1841557,GAZEBO_CLOCK_SYSTEM_INTERPOLATION,MAPPED_EXACT,0,57.152,1791471048.3361557,0.0013897418975830078,0.0,RGB,0.0,0,1,0,UNCALIBRATED,PREPARATION,MID,STRAIGHT,1.0,368,1.0,6.7473063468933105,0.31847524642944336,nan,nan,False,0.0,0.0,0.0,0.0,0,0,0,0,0,0.0,0.0,0.0,0.0,0.0,0.0,0.0,0.0,0.0,0.0,0.0,0.0,0.0,0.0,6.408011072083313,-0.9134375900796732,-1.905038018041667,0.0,0.0,0.0,0.0,0.0,0.0,0.0,0.0,0.0,0.0,0.0,False,DISABLED,0,nan,nan,nan,nan,nan,nan,nan,nan,nan,nan,nan,nan,nan,nan,nan,nan,nan,nan,nan,nan,nan,nan,nan,nan,nan,nan,nan,nan,nan,nan,nan,nan,nan,nan,64.7073803183269,15.062127917652775,-0.05016421161885182,0.021748304676716637,0.021748304676716637,0.021748304676716637,64.62731382910398,15.122632202039158,-0.018684190648891187,0.08006648922291504,-0.06050428438638278,-0.03148002096996063,0.1003564204502704,0.10517795798483927,0.017357587814331055,False,DISABLED,none,MODEL_ORIGIN_FRAME_NOT_ESTABLISHED,nan,nan,nan,nan,nan,nan,nan,nan,nan,nan,nan,nan,nan,NOT_EVALUATED,nan,nan,nan,nan,DISABLED,nan,nan,nan,nan,nan,nan
1791471048.3841636,1791471048.4019585,1791471048.4053602,1791471048.4053798,front_rgbd_red_sphere,True,True,True,,57.2,57.2,1791471048.4019585,1791471048.39956,1791471048.3841636,1791471048.3841636,1791471048.3841636,0.0,1791471047.372161,1791471048.388164,1791471048.3793578,1791471048.388164,1791471048.383358,1791471048.3921647,1791471047.372161,1791471048.388164,1791471047.372161,1791471048.3921647,1791470991.1841636,GAZEBO_CLOCK_SYSTEM_INTERPOLATION,MAPPED_EXACT,0,57.2,1791471048.3841636,0.002006053924560547,0.0,RGB,0.0,0,1,0,UNCALIBRATED,PREPARATION,MID,STRAIGHT,1.0,364,1.0,6.7404985427856445,0.315845787525177,nan,nan,False,0.0,0.0,0.0,0.0,0,0,0,0,0,0.0,0.0,0.0,0.0,0.0,0.0,0.0,0.0,0.0,0.0,0.0,0.0,0.0,0.0,6.407073107256977,-0.8852288646469413,-1.8973943094137375,0.0,0.0,0.0,0.0,0.0,0.0,0.0,0.0,0.0,0.0,0.0,False,DISABLED,0,nan,nan,nan,nan,nan,nan,nan,nan,nan,nan,nan,nan,nan,nan,nan,nan,nan,nan,nan,nan,nan,nan,nan,nan,nan,nan,nan,nan,nan,nan,nan,nan,nan,nan,64.54437701537935,14.945465822724309,-0.06227643762404783,0.021728229839344047,0.021728229839344047,0.021728229839344047,64.47165714489516,15.010205290866343,-0.02984041681524046,0.07271987048419248,-0.0647394681420348,-0.03243602080880737,0.09736209888119333,0.10262296889322903,0.01779484748840332,False,DISABLED,none,MODEL_ORIGIN_FRAME_NOT_ESTABLISHED,nan,nan,nan,nan,nan,nan,nan,nan,nan,nan,nan,nan,nan,NOT_EVALUATED,nan,nan,nan,nan,DISABLED,nan,nan,nan,nan,nan,nan
1791471048.4361613,1791471048.4553347,1791471048.4637117,1791471048.4637473,front_rgbd_red_sphere,True,True,True,,57.252,57.252,1791471048.4553347,1791471048.453831,1791471048.4361613,1791471048.4361613,1791471048.4361613,0.0,1791471047.4321587,1791471048.4521673,1791471048.443358,1791471048.4521673,1791471048.443358,1791471048.4521673,1791471047.4281626,1791471048.4521673,1791471047.4321587,1791471048.4521673,1791470991.1841612,GAZEBO_CLOCK_SYSTEM_INTERPOLATION,MAPPED_EXACT,0,57.252,1791471048.4361613,0.0014605522155761719,0.0,RGB,0.0,0,1,0,UNCALIBRATED,PREPARATION,MID,STRAIGHT,1.0,367,1.0,6.722626209259033,0.3148261606693268,nan,nan,False,0.0,0.0,0.0,0.0,0,0,0,0,0,0.0,0.0,0.0,0.0,0.0,0.0,0.0,0.0,0.0,0.0,0.0,0.0,0.0,0.0,6.3922106930203055,-0.8533237915365035,-1.8987324280286417,0.0,0.0,0.0,0.0,0.0,0.0,0.0,0.0,0.0,0.0,0.0,False,DISABLED,0,nan,nan,nan,nan,nan,nan,nan,nan,nan,nan,nan,nan,nan,nan,nan,nan,nan,nan,nan,nan,nan,nan,nan,nan,nan,nan,nan,nan,nan,nan,nan,nan,nan,nan,64.38213411058419,14.82856310627681,-0.07403815552319498,0.021675572407655115,0.021675572407655115,0.021675572407655115,64.30352246514252,14.887753347566468,-0.041726628708144704,0.07861164544166854,-0.059190241289657664,-0.03231152681505028,0.0984036354154383,0.10357272917179605,0.019173383712768555,False,DISABLED,none,MODEL_ORIGIN_FRAME_NOT_ESTABLISHED,nan,nan,nan,nan,nan,nan,nan,nan,nan,nan,nan,nan,nan,NOT_EVALUATED,nan,nan,nan,nan,DISABLED,nan,nan,nan,nan,nan,nan
1791471048.4841583,1791471048.5039155,1791471048.5082586,1791471048.5083005,front_rgbd_red_sphere,True,True,True,,57.3,57.3,1791471048.5039155,1791471048.5028868,1791471048.4841583,1791471048.4841583,1791471048.4841583,0.0,1791471047.4921684,1791471048.4921978,1791471048.483358,1791471048.4921978,1791471048.483358,1791471048.4921978,1791471047.4921684,1791471048.4921978,1791471047.4921684,1791471048.4921978,1791470991.1841583,GAZEBO_CLOCK_SYSTEM_INTERPOLATION,MAPPED_EXACT,0,57.3,1791471048.4841583,0.003984689712524414,0.0,RGB,0.0,0,1,0,UNCALIBRATED,PREPARATION,MID,STRAIGHT,1.0,365,1.0,6.7164692878723145,0.3125920593738556,nan,nan,False,0.0,0.0,0.0,0.0,0,0,0,0,0,0.0,0.0,0.0,0.0,0.0,0.0,0.0,0.0,0.0,0.0,0.0,0.0,0.0,0.0,6.390986815506138,-0.8273460100741357,-1.8925501752305118,0.0,0.0,0.0,0.0,0.0,0.0,0.0,0.0,0.0,0.0,0.0,False,DISABLED,0,nan,nan,nan,nan,nan,nan,nan,nan,nan,nan,nan,nan,nan,nan,nan,nan,nan,nan,nan,nan,nan,nan,nan,nan,nan,nan,nan,nan,nan,nan,nan,nan,nan,nan,64.22037886591565,14.711111510554142,-0.08579631195507614,0.0216574469105444,0.0216574469105444,0.0216574469105444,64.14885158179976,14.774240622810284,-0.0524525082373969,0.07152728411588782,-0.06312911225614215,-0.03334380371767924,0.09540145275226963,0.10106060772430896,0.01975727081298828,False,DISABLED,none,MODEL_ORIGIN_FRAME_NOT_ESTABLISHED,nan,nan,nan,nan,nan,nan,nan,nan,nan,nan,nan,nan,nan,NOT_EVALUATED,nan,nan,nan,nan,DISABLED,nan,nan,nan,nan,nan,nan
1791471048.5361645,1791471048.5553455,1791471048.5631504,1791471048.5631883,front_rgbd_red_sphere,True,True,True,,57.352,57.352,1791471048.5553455,1791471048.5544467,1791471048.5361645,1791471048.5361645,1791471048.5361645,0.0,1791471047.5521665,1791471048.5481865,1791471048.539358,1791471048.5481865,1791471048.5433578,1791471048.5521703,1791471047.5481706,1791471048.5481865,1791471047.5521665,1791471048.5521703,1791470991.1841645,GAZEBO_CLOCK_SYSTEM_INTERPOLATION,MAPPED_EXACT,0,57.352,1791471048.5361645,0.0018329620361328125,0.0,RGB,0.0,0,1,0,UNCALIBRATED,PREPARATION,MID,STRAIGHT,1.0,370,1.0,6.699593544006348,0.31178951263427734,nan,nan,False,0.0,0.0,0.0,0.0,0,0,0,0,0,0.0,0.0,0.0,0.0,0.0,0.0,0.0,0.0,0.0,0.0,0.0,0.0,0.0,0.0,6.37658030267526,-0.7979114208689975,-1.893968119150828,0.0,0.0,0.0,0.0,0.0,0.0,0.0,0.0,0.0,0.0,0.0,False,DISABLED,0,nan,nan,nan,nan,nan,nan,nan,nan,nan,nan,nan,nan,nan,nan,nan,nan,nan,nan,nan,nan,nan,nan,nan,nan,nan,nan,nan,nan,nan,nan,nan,nan,nan,nan,64.05874500606181,14.592984399251666,-0.09707254236546164,0.02160780516172833,0.02160780516172833,0.02160780516172833,63.9815831867862,14.650507571596938,-0.06373655945153384,0.07716181927560939,-0.057523172345272044,-0.03333598291392781,0.0962437619307645,0.10185356875153351,0.019181013107299805,False,DISABLED,none,MODEL_ORIGIN_FRAME_NOT_ESTABLISHED,nan,nan,nan,nan,nan,nan,nan,nan,nan,nan,nan,nan,nan,NOT_EVALUATED,nan,nan,nan,nan,DISABLED,nan,nan,nan,nan,nan,nan
1791471048.5841618,1791471048.600125,1791471048.603421,1791471048.603442,front_rgbd_red_sphere,True,True,True,,57.4,57.4,1791471048.600125,1791471048.59726,1791471048.5841618,1791471048.5841618,1791471048.5841618,0.0,1791471047.5921657,1791471048.5881665,1791471048.5793579,1791471048.5881665,1791471048.5833578,1791471048.5921667,1791471047.588166,1791471048.5881665,1791471047.5921657,1791471048.5921667,1791470991.1841617,GAZEBO_CLOCK_SYSTEM_INTERPOLATION,MAPPED_EXACT,0,57.4,1791471048.5841618,0.004117250442504883,0.0,RGB,0.0,0,1,0,UNCALIBRATED,PREPARATION,MID,STRAIGHT,1.0,367,1.0,6.694130897521973,0.3092854917049408,nan,nan,False,0.0,0.0,0.0,0.0,0,0,0,0,0,0.0,0.0,0.0,0.0,0.0,0.0,0.0,0.0,0.0,0.0,0.0,0.0,0.0,0.0,6.376503128326675,-0.7739931885098805,-1.8848162857767576,0.0,0.0,0.0,0.0,0.0,0.0,0.0,0.0,0.0,0.0,0.0,False,DISABLED,0,nan,nan,nan,nan,nan,nan,nan,nan,nan,nan,nan,nan,nan,nan,nan,nan,nan,nan,nan,nan,nan,nan,nan,nan,nan,nan,nan,nan,nan,nan,nan,nan,nan,nan,63.89748182878431,14.474560042563656,-0.10810641867408582,0.02159174862564918,0.02159174862564918,0.02159174862564918,63.82763040838498,14.535787744358393,-0.07378405593848456,0.06985142039933123,-0.06122770179473669,-0.03432236273560127,0.09288731021441686,0.09902563800664704,0.015963315963745117,False,DISABLED,none,MODEL_ORIGIN_FRAME_NOT_ESTABLISHED,nan,nan,nan,nan,nan,nan,nan,nan,nan,nan,nan,nan,nan,NOT_EVALUATED,nan,nan,nan,nan,DISABLED,nan,nan,nan,nan,nan,nan
1791471048.63616,1791471048.6613164,1791471048.66425,1791471048.6642737,front_rgbd_red_sphere,True,True,True,,57.452,57.452,1791471048.6528492,1791471048.6613164,1791471048.63616,1791471048.63616,1791471048.63616,0.0,1791471047.6521642,1791471048.6521704,1791471048.6433868,1791471048.6521704,1791471048.6433868,1791471048.6521704,1791471047.6521642,1791471048.6521704,1791471047.6521642,1791471048.6521704,1791470991.18416,GAZEBO_CLOCK_SYSTEM_INTERPOLATION,MAPPED_EXACT,0,57.452,1791471048.63616,0.001360177993774414,0.0,RGB,0.0,0,1,0,UNCALIBRATED,PREPARATION,MID,STRAIGHT,1.0,370,1.0,6.678030014038086,0.30826711654663086,nan,nan,False,0.0,0.0,0.0,0.0,0,0,0,0,0,0.0,0.0,0.0,0.0,0.0,0.0,0.0,0.0,0.0,0.0,0.0,0.0,0.0,0.0,6.363232809634655,-0.7470362386450624,-1.8834249236206162,0.0,0.0,0.0,0.0,0.0,0.0,0.0,0.0,0.0,0.0,0.0,False,DISABLED,0,nan,nan,nan,nan,nan,nan,nan,nan,nan,nan,nan,nan,nan,nan,nan,nan,nan,nan,nan,nan,nan,nan,nan,nan,nan,nan,nan,nan,nan,nan,nan,nan,nan,nan,63.736177106829665,14.355343696909298,-0.11860585032876608,0.02154445640071714,0.02154445640071714,0.02154445640071714,63.66136962607528,14.410959238130593,-0.08417706531842271,0.07480748075438726,-0.05561554122129486,-0.03442878501034337,0.09321613380823927,0.09937096577695123,0.025156497955322266,False,DISABLED,none,MODEL_ORIGIN_FRAME_NOT_ESTABLISHED,nan,nan,nan,nan,nan,nan,nan,nan,nan,nan,nan,nan,nan,NOT_EVALUATED,nan,nan,nan,nan,DISABLED,nan,nan,nan,nan,nan,nan
1791471048.6841614,1791471048.70371,1791471048.7071085,1791471048.707136,front_rgbd_red_sphere,True,True,True,,57.5,57.5,1791471048.70371,1791471048.701471,1791471048.6841614,1791471048.6841614,1791471048.6841614,0.0,1791471047.6921663,1791471048.692185,1791471048.6833868,1791471048.692185,1791471048.6833868,1791471048.692185,1791471047.6921663,1791471048.692185,1791471047.6921663,1791471048.692185,1791470991.1841614,GAZEBO_CLOCK_SYSTEM_INTERPOLATION,MAPPED_EXACT,0,57.5,1791471048.6841614,0.0037682056427001953,0.0,RGB,0.0,0,1,0,UNCALIBRATED,PREPARATION,MID,STRAIGHT,1.0,369,1.0,6.6738200187683105,0.3058847188949585,nan,nan,False,0.0,0.0,0.0,0.0,0,0,0,0,0,0.0,0.0,0.0,0.0,0.0,0.0,0.0,0.0,0.0,0.0,0.0,0.0,0.0,0.0,6.364027264793866,-0.7253072403172389,-1.8742888963487818,0.0,0.0,0.0,0.0,0.0,0.0,0.0,0.0,0.0,0.0,0.0,False,DISABLED,0,nan,nan,nan,nan,nan,nan,nan,nan,nan,nan,nan,nan,nan,nan,nan,nan,nan,nan,nan,nan,nan,nan,nan,nan,nan,nan,nan,nan,nan,nan,nan,nan,nan,nan,63.57514547240314,14.23551531432702,-0.12848214494067983,0.021532099140140457,0.021532099140140457,0.021532099140140457,63.508133037928246,14.29510255349883,-0.09329658895177276,0.06701243447489702,-0.05958723917180997,-0.035185555988907075,0.08967332628140239,0.09632927279191598,0.019548654556274414,False,DISABLED,none,MODEL_ORIGIN_FRAME_NOT_ESTABLISHED,nan,nan,nan,nan,nan,nan,nan,nan,nan,nan,nan,nan,nan,NOT_EVALUATED,nan,nan,nan,nan,DISABLED,nan,nan,nan,nan,nan,nan
1791471048.7361865,1791471048.764206,1791471048.7681947,1791471048.768218,front_rgbd_red_sphere,True,True,True,,57.552,57.552,1791471048.7552207,1791471048.764206,1791471048.7361865,1791471048.7361865,1791471048.7361865,0.0,1791471047.7521732,1791471048.748187,1791471048.739387,1791471048.748187,1791471048.743387,1791471048.7521765,1791471047.7481785,1791471048.748187,1791471047.7521732,1791471048.7521765,1791470991.1841865,GAZEBO_CLOCK_SYSTEM_INTERPOLATION,MAPPED_EXACT,0,57.552,1791471048.7361865,0.0003666877746582031,0.0,RGB,0.0,0,1,0,UNCALIBRATED,PREPARATION,MID,STRAIGHT,1.0,371,1.0,6.658799648284912,0.30508241057395935,nan,nan,False,0.0,0.0,0.0,0.0,0,0,0,0,0,0.0,0.0,0.0,0.0,0.0,0.0,0.0,0.0,0.0,0.0,0.0,0.0,0.0,0.0,6.351311087182181,-0.7004672987918035,-1.8734481378614571,0.0,0.0,0.0,0.0,0.0,0.0,0.0,0.0,0.0,0.0,0.0,False,DISABLED,0,nan,nan,nan,nan,nan,nan,nan,nan,nan,nan,nan,nan,nan,nan,nan,nan,nan,nan,nan,nan,nan,nan,nan,nan,nan,nan,nan,nan,nan,nan,nan,nan,nan,nan,63.4142486516626,14.115078026376768,-0.1377147412725161,0.02148804118221946,0.02148804118221946,0.02148804118221946,63.34263043084806,14.169067253399394,-0.10255557996917934,0.0716182208145355,-0.053989227022626096,-0.03515916130333675,0.08968838379154921,0.09633365357285209,0.028019428253173828,False,DISABLED,none,MODEL_ORIGIN_FRAME_NOT_ESTABLISHED,nan,nan,nan,nan,nan,nan,nan,nan,nan,nan,nan,nan,nan,NOT_EVALUATED,nan,nan,nan,nan,DISABLED,nan,nan,nan,nan,nan,nan
1791471048.784196,1791471048.804168,1791471048.8095036,1791471048.8095274,front_rgbd_red_sphere,True,True,True,,57.6,57.6,1791471048.804168,1791471048.801365,1791471048.784196,1791471048.784196,1791471048.784196,0.0,1791471047.7881653,1791471048.7881684,1791471048.779387,1791471048.7881684,1791471048.783387,1791471048.7921677,1791471047.7881653,1791471048.7881684,1791471047.7721584,1791471048.7921677,1791470991.184196,GAZEBO_CLOCK_SYSTEM_INTERPOLATION,MAPPED_EXACT,0,57.6,1791471048.784196,0.0005376338958740234,0.0,RGB,0.0,0,1,0,UNCALIBRATED,PREPARATION,MID,STRAIGHT,1.0,372,1.0,6.655841827392578,0.3026745319366455,nan,nan,False,0.0,0.0,0.0,0.0,0,0,0,0,0,0.0,0.0,0.0,0.0,0.0,0.0,0.0,0.0,0.0,0.0,0.0,0.0,0.0,0.0,6.35328522500707,-0.6804935387108237,-1.863578842983662,0.0,0.0,0.0,0.0,0.0,0.0,0.0,0.0,0.0,0.0,0.0,False,DISABLED,0,nan,nan,nan,nan,nan,nan,nan,nan,nan,nan,nan,nan,nan,nan,nan,nan,nan,nan,nan,nan,nan,nan,nan,nan,nan,nan,nan,nan,nan,nan,nan,nan,nan,nan,63.25360223364965,13.993796278712288,-0.14641856403023018,0.02147937002844846,0.02147937002844846,0.02147937002844846,63.190156082986434,14.052176646232313,-0.11051743384377752,0.06344615066321779,-0.058380367520024734,-0.03590113018645266,0.086218799259517,0.09339471341793128,0.01997208595275879,False,DISABLED,none,MODEL_ORIGIN_FRAME_NOT_ESTABLISHED,nan,nan,nan,nan,nan,nan,nan,nan,nan,nan,nan,nan,nan,NOT_EVALUATED,nan,nan,nan,nan,DISABLED,nan,nan,nan,nan,nan,nan
1791471048.8361607,1791471048.8668058,1791471048.8702872,1791471048.8703055,front_rgbd_red_sphere,True,True,True,,57.652,57.652,1791471048.8668058,1791471048.8563335,1791471048.8361607,1791471048.8361607,1791471048.8361607,0.0,1791471047.8521671,1791471048.8521748,1791471048.843387,1791471048.8521748,1791471048.843387,1791471048.8521748,1791471047.8521671,1791471048.8521748,1791471047.8521671,1791471048.8521748,1791470991.1841607,GAZEBO_CLOCK_SYSTEM_INTERPOLATION,MAPPED_EXACT,0,57.652,1791471048.8361607,0.0029058456420898438,0.0,RGB,0.0,0,1,0,UNCALIBRATED,PREPARATION,MID,STRAIGHT,1.0,372,1.0,6.642030715942383,0.3020434081554413,nan,nan,False,0.0,0.0,0.0,0.0,0,0,0,0,0,0.0,0.0,0.0,0.0,0.0,0.0,0.0,0.0,0.0,0.0,0.0,0.0,0.0,0.0,6.341350273351895,-0.657435504993753,-1.863230780522274,0.0,0.0,0.0,0.0,0.0,0.0,0.0,0.0,0.0,0.0,0.0,False,DISABLED,0,nan,nan,nan,nan,nan,nan,nan,nan,nan,nan,nan,nan,nan,nan,nan,nan,nan,nan,nan,nan,nan,nan,nan,nan,nan,nan,nan,nan,nan,nan,nan,nan,nan,nan,63.09369690470839,13.872738046849463,-0.15430976709792782,0.021438906710747718,0.021438906710747718,0.021438906710747718,63.02564906392243,13.925190129558345,-0.11840034712013174,0.06804784078595816,-0.05245208270888213,-0.03590941997779608,0.08591699259244659,0.09311936457725783,0.030645132064819336,False,DISABLED,none,MODEL_ORIGIN_FRAME_NOT_ESTABLISHED,nan,nan,nan,nan,nan,nan,nan,nan,nan,nan,nan,nan,nan,NOT_EVALUATED,nan,nan,nan,nan,DISABLED,nan,nan,nan,nan,nan,nan
1791471048.8841624,1791471048.9107192,1791471048.9168057,1791471048.9168413,front_rgbd_red_sphere,True,True,True,,57.7,57.7,1791471048.9107192,1791471048.900075,1791471048.8841624,1791471048.8841624,1791471048.8841624,0.0,1791471047.892178,1791471048.8921793,1791471048.8833869,1791471048.8921793,1791471048.8833869,1791471048.8921793,1791471047.892178,1791471048.8921793,1791471047.892178,1791471048.8921793,1791470991.1841624,GAZEBO_CLOCK_SYSTEM_INTERPOLATION,MAPPED_EXACT,0,57.7,1791471048.8841624,0.0028803348541259766,0.0,RGB,0.0,0,1,0,UNCALIBRATED,PREPARATION,MID,STRAIGHT,1.0,371,1.0,6.64058780670166,0.29979050159454346,nan,nan,False,0.0,0.0,0.0,0.0,0,0,0,0,0,0.0,0.0,0.0,0.0,0.0,0.0,0.0,0.0,0.0,0.0,0.0,0.0,0.0,0.0,6.344406831620884,-0.6388081333910236,-1.854139361210125,0.0,0.0,0.0,0.0,0.0,0.0,0.0,0.0,0.0,0.0,0.0,False,DISABLED,0,nan,nan,nan,nan,nan,nan,nan,nan,nan,nan,nan,nan,nan,nan,nan,nan,nan,nan,nan,nan,nan,nan,nan,nan,nan,nan,nan,nan,nan,nan,nan,nan,nan,nan,62.93353170369203,13.750450510405333,-0.16167004704960414,0.02143468118299111,0.02143468118299111,0.02143468118299111,62.8742710252446,13.807593756979186,-0.12499454240059793,0.05926067844742988,-0.057143246573852835,-0.03667550464900621,0.08232362139173559,0.09012364440206078,0.026556730270385742,False,DISABLED,none,MODEL_ORIGIN_FRAME_NOT_ESTABLISHED,nan,nan,nan,nan,nan,nan,nan,nan,nan,nan,nan,nan,nan,NOT_EVALUATED,nan,nan,nan,nan,DISABLED,nan,nan,nan,nan,nan,nan
1791471048.9361572,1791471048.9624014,1791471048.9667861,1791471048.9668052,front_rgbd_red_sphere,True,True,True,,57.752,57.752,1791471048.9624014,1791471048.9614215,1791471048.9361572,1791471048.9361572,1791471048.9361572,0.0,1791471047.9481635,1791471048.9481704,1791471048.9393868,1791471048.9481704,1791471048.943387,1791471048.9521697,1791471047.9481635,1791471048.9481704,1791471047.9321606,1791471048.9521697,1791470991.1841571,GAZEBO_CLOCK_SYSTEM_INTERPOLATION,MAPPED_EXACT,0,57.752,1791471048.9361572,0.0024979114532470703,0.0,RGB,0.0,0,1,0,UNCALIBRATED,PREPARATION,MID,STRAIGHT,1.0,376,1.0,6.6281232833862305,0.2990172803401947,nan,nan,False,0.0,0.0,0.0,0.0,0,0,0,0,0,0.0,0.0,0.0,0.0,0.0,0.0,0.0,0.0,0.0,0.0,0.0,0.0,0.0,0.0,6.33400965303803,-0.6171695497693612,-1.8524144147698145,0.0,0.0,0.0,0.0,0.0,0.0,0.0,0.0,0.0,0.0,0.0,False,DISABLED,0,nan,nan,nan,nan,nan,nan,nan,nan,nan,nan,nan,nan,nan,nan,nan,nan,nan,nan,nan,nan,nan,nan,nan,nan,nan,nan,nan,nan,nan,nan,nan,nan,nan,nan,62.77413951263946,13.628019683423089,-0.16814604921677473,0.021398198514898565,0.021398198514898565,0.021398198514898565,62.71016400125429,13.67926508683911,-0.13133268506034726,0.06397551138516633,-0.05124540341602035,-0.03681336415642747,0.08196924684455882,0.08985644778633282,0.026244163513183594,False,DISABLED,none,MODEL_ORIGIN_FRAME_NOT_ESTABLISHED,nan,nan,nan,nan,nan,nan,nan,nan,nan,nan,nan,nan,nan,NOT_EVALUATED,nan,nan,nan,nan,DISABLED,nan,nan,nan,nan,nan,nan
1791471048.9841573,1791471049.0029533,1791471049.0091572,1791471049.0091774,front_rgbd_red_sphere,True,True,True,,57.8,57.8,1791471049.0029533,1791471049.0003839,1791471048.9841573,1791471048.9841573,1791471048.9841573,0.0,1791471047.9921706,1791471048.9881656,1791471048.9793868,1791471048.9881656,1791471048.983387,1791471048.9921715,1791471047.9721553,1791471048.9881656,1791471047.9921706,1791471048.9921715,1791470991.1841574,GAZEBO_CLOCK_SYSTEM_INTERPOLATION,MAPPED_EXACT,0,57.8,1791471048.9841573,0.0035257339477539062,0.0,RGB,0.0,0,1,0,UNCALIBRATED,PREPARATION,MID,STRAIGHT,1.0,375,1.0,6.627593994140625,0.296487957239151,nan,nan,False,0.0,0.0,0.0,0.0,0,0,0,0,0,0.0,0.0,0.0,0.0,0.0,0.0,0.0,0.0,0.0,0.0,0.0,0.0,0.0,0.0,6.3384220237957924,-0.599692938030481,-1.8411349733394857,0.0,0.0,0.0,0.0,0.0,0.0,0.0,0.0,0.0,0.0,0.0,False,DISABLED,0,nan,nan,nan,nan,nan,nan,nan,nan,nan,nan,nan,nan,nan,nan,nan,nan,nan,nan,nan,nan,nan,nan,nan,nan,nan,nan,nan,nan,nan,nan,nan,nan,nan,nan,62.61500810343091,13.504801663632659,-0.1738724921848948,0.021396650872918872,0.021396650872918872,0.021396650872918872,62.559198183464915,13.56049115703978,-0.136421334007779,0.055809919965994936,-0.055689493407120594,-0.037451158177115806,0.07884203728058077,0.0872849133090011,0.01879596710205078,False,DISABLED,none,MODEL_ORIGIN_FRAME_NOT_ESTABLISHED,nan,nan,nan,nan,nan,nan,nan,nan,nan,nan,nan,nan,nan,NOT_EVALUATED,nan,nan,nan,nan,DISABLED,nan,nan,nan,nan,nan,nan
1791471049.0361605,1791471049.0611534,1791471049.068914,1791471049.0689356,front_rgbd_red_sphere,True,True,True,,57.852,57.852,1791471049.0519462,1791471049.0611534,1791471049.0361605,1791471049.0361605,1791471049.0361605,0.0,1791471048.0321589,1791471049.052165,1791471049.043387,1791471049.052165,1791471049.043387,1791471049.052165,1791471048.028162,1791471049.052165,1791471048.0321589,1791471049.052165,1791470991.1841605,GAZEBO_CLOCK_SYSTEM_INTERPOLATION,MAPPED_EXACT,0,57.852,1791471049.0361605,0.0021059513092041016,0.0,RGB,0.0,0,1,0,UNCALIBRATED,PREPARATION,MID,STRAIGHT,1.0,373,1.0,6.6168999671936035,0.295458048582077,nan,nan,False,0.0,0.0,0.0,0.0,0,0,0,0,0,0.0,0.0,0.0,0.0,0.0,0.0,0.0,0.0,0.0,0.0,0.0,0.0,0.0,0.0,6.330182364249692,-0.5795271530079322,-1.8374730611041583,0.0,0.0,0.0,0.0,0.0,0.0,0.0,0.0,0.0,0.0,0.0,False,DISABLED,0,nan,nan,nan,nan,nan,nan,nan,nan,nan,nan,nan,nan,nan,nan,nan,nan,nan,nan,nan,nan,nan,nan,nan,nan,nan,nan,nan,nan,nan,nan,nan,nan,nan,nan,62.45605356588852,13.380998030070618,-0.17824058602185916,0.021365377030642067,0.021365377030642067,0.021365377030642067,62.39610338696715,13.431364828980898,-0.14103258845083486,0.059950178921369,-0.05036679891028051,-0.037207997571024304,0.07829967040270853,0.08669067694059229,0.024992942810058594,False,DISABLED,none,MODEL_ORIGIN_FRAME_NOT_ESTABLISHED,nan,nan,nan,nan,nan,nan,nan,nan,nan,nan,nan,nan,nan,NOT_EVALUATED,nan,nan,nan,nan,DISABLED,nan,nan,nan,nan,nan,nan
1791471049.084164,1791471049.1002672,1791471049.104847,1791471049.1048675,front_rgbd_red_sphere,True,True,True,,57.9,57.9,1791471049.1002672,1791471049.0988395,1791471049.084164,1791471049.084164,1791471049.084164,0.0,1791471048.07216,1791471049.0921671,1791471049.083387,1791471049.0921671,1791471049.083387,1791471049.0921671,1791471048.0681622,1791471049.0921671,1791471048.07216,1791471049.0921671,1791470991.1841638,GAZEBO_CLOCK_SYSTEM_INTERPOLATION,MAPPED_EXACT,0,57.9,1791471049.084164,0.0005376338958740234,0.0,RGB,0.0,0,1,0,UNCALIBRATED,PREPARATION,MID,STRAIGHT,1.0,374,1.0,6.618062496185303,0.2932232618331909,nan,nan,False,0.0,0.0,0.0,0.0,0,0,0,0,0,0.0,0.0,0.0,0.0,0.0,0.0,0.0,0.0,0.0,0.0,0.0,0.0,0.0,0.0,6.335585121664125,-0.5632612786382207,-1.8280727771799734,0.0,0.0,0.0,0.0,0.0,0.0,0.0,0.0,0.0,0.0,0.0,False,DISABLED,0,nan,nan,nan,nan,nan,nan,nan,nan,nan,nan,nan,nan,nan,nan,nan,nan,nan,nan,nan,nan,nan,nan,nan,nan,nan,nan,nan,nan,nan,nan,nan,nan,nan,nan,62.29792858281282,13.256757821559317,-0.18188529592041286,0.021368775330064812,0.021368775330064812,0.021368775330064812,62.24589301778443,13.311744054563357,-0.14447765231355342,0.05203556502839035,-0.054986233004040486,-0.03740764360685944,0.075704595948981,0.08444239248159827,0.016103267669677734,False,DISABLED,none,MODEL_ORIGIN_FRAME_NOT_ESTABLISHED,nan,nan,nan,nan,nan,nan,nan,nan,nan,nan,nan,nan,nan,NOT_EVALUATED,nan,nan,nan,nan,DISABLED,nan,nan,nan,nan,nan,nan
1791471049.1361563,1791471049.150326,1791471049.1604571,1791471049.160488,front_rgbd_red_sphere,True,True,True,,57.952,57.952,1791471049.150326,1791471049.1492968,1791471049.1361563,1791471049.1361563,1791471049.1361563,0.0,1791471048.132159,1791471049.1481712,1791471049.139387,1791471049.1481712,1791471049.1433868,1791471049.1521695,1791471048.132159,1791471049.1481712,1791471048.132159,1791471049.1521695,1791470991.1841564,GAZEBO_CLOCK_SYSTEM_INTERPOLATION,MAPPED_EXACT,0,57.952,1791471049.1361563,0.0012700557708740234,0.0,RGB,0.0,0,1,0,UNCALIBRATED,PREPARATION,MID,STRAIGHT,1.0,373,1.0,6.6090312004089355,0.2929399311542511,nan,nan,False,0.0,0.0,0.0,0.0,0,0,0,0,0,0.0,0.0,0.0,0.0,0.0,0.0,0.0,0.0,0.0,0.0,0.0,0.0,0.0,0.0,6.327480220939556,-0.5440250717668889,-1.8292959497526375,0.0,0.0,0.0,0.0,0.0,0.0,0.0,0.0,0.0,0.0,0.0,False,DISABLED,0,nan,nan,nan,nan,nan,nan,nan,nan,nan,nan,nan,nan,nan,nan,nan,nan,nan,nan,nan,nan,nan,nan,nan,nan,nan,nan,nan,nan,nan,nan,nan,nan,nan,nan,62.14019063398707,13.132349576174638,-0.18452873937145403,0.021342379148474186,0.021342379148474186,0.021342379148474186,62.08359522294472,13.181716905802311,-0.1472566824982824,0.05659541104234478,-0.049367329627672873,-0.037272056873171644,0.07510109044227833,0.08384139794383327,0.014169692993164062,False,DISABLED,none,MODEL_ORIGIN_FRAME_NOT_ESTABLISHED,nan,nan,nan,nan,nan,nan,nan,nan,nan,nan,nan,nan,nan,NOT_EVALUATED,nan,nan,nan,nan,DISABLED,nan,nan,nan,nan,nan,nan
1791471049.184173,1791471049.1996617,1791471049.2049944,1791471049.2050252,front_rgbd_red_sphere,True,True,True,,58.0,58.0,1791471049.1996617,1791471049.1969476,1791471049.184173,1791471049.184173,1791471049.184173,0.0,1791471048.1881723,1791471049.1881735,1791471049.1793869,1791471049.1881735,1791471049.1833868,1791471049.1921744,1791471048.1881723,1791471049.1881735,1791471048.1721578,1791471049.1921744,1791470991.184173,GAZEBO_CLOCK_SYSTEM_INTERPOLATION,MAPPED_EXACT,0,58.0,1791471049.184173,0.0037665367126464844,0.0,RGB,0.0,0,1,0,UNCALIBRATED,PREPARATION,MID,STRAIGHT,1.0,374,1.0,6.611782073974609,0.29106539487838745,nan,nan,False,0.0,0.0,0.0,0.0,0,0,0,0,0,0.0,0.0,0.0,0.0,0.0,0.0,0.0,0.0,0.0,0.0,0.0,0.0,0.0,0.0,6.33368163657903,-0.5284261113567776,-1.8223344166807411,0.0,0.0,0.0,0.0,0.0,0.0,0.0,0.0,0.0,0.0,0.0,False,DISABLED,0,nan,nan,nan,nan,nan,nan,nan,nan,nan,nan,nan,nan,nan,nan,nan,nan,nan,nan,nan,nan,nan,nan,nan,nan,nan,nan,nan,nan,nan,nan,nan,nan,nan,nan,61.982701451813085,13.006973077536088,-0.18668771966530157,0.021350417042964073,0.021350417042964073,0.021350417042964073,61.93402507920513,13.061216050934176,-0.14897545682142624,0.04867637260795732,-0.05424297339808781,-0.03771226284387533,0.07288133789478868,0.08206036913236438,0.015488624572753906,False,DISABLED,none,MODEL_ORIGIN_FRAME_NOT_ESTABLISHED,nan,nan,nan,nan,nan,nan,nan,nan,nan,nan,nan,nan,nan,NOT_EVALUATED,nan,nan,nan,nan,DISABLED,nan,nan,nan,nan,nan,nan
1791471049.2361577,1791471049.2598271,1791471049.262987,1791471049.2630079,front_rgbd_red_sphere,True,True,True,,58.052,58.052,1791471049.2506516,1791471049.2598271,1791471049.2361577,1791471049.2361577,1791471049.2361577,0.0,1791471048.2321622,1791471049.252173,1791471049.243387,1791471049.252173,1791471049.243387,1791471049.252173,1791471048.2281704,1791471049.252173,1791471048.2321622,1791471049.252173,1791470991.1841576,GAZEBO_CLOCK_SYSTEM_INTERPOLATION,MAPPED_EXACT,0,58.052,1791471049.2361577,0.0038423538208007812,0.0,RGB,0.0,0,1,0,UNCALIBRATED,PREPARATION,MID,STRAIGHT,1.0,371,1.0,6.604410171508789,0.29121044278144836,nan,nan,False,0.0,0.0,0.0,0.0,0,0,0,0,0,0.0,0.0,0.0,0.0,0.0,0.0,0.0,0.0,0.0,0.0,0.0,0.0,0.0,0.0,6.3263451862558275,-0.5101828251660283,-1.8262821239448837,0.0,0.0,0.0,0.0,0.0,0.0,0.0,0.0,0.0,0.0,0.0,False,DISABLED,0,nan,nan,nan,nan,nan,nan,nan,nan,nan,nan,nan,nan,nan,nan,nan,nan,nan,nan,nan,nan,nan,nan,nan,nan,nan,nan,nan,nan,nan,nan,nan,nan,nan,nan,61.82607267858128,12.88172742658318,-0.18737705632725626,0.021328880223686314,0.021328880223686314,0.021328880223686314,61.772517148063436,12.93034566451956,-0.14985519281411414,0.05355553051784767,-0.04861823793638109,-0.03752186351314213,0.07233206694880687,0.08148507931262965,0.02366948127746582,False,DISABLED,none,MODEL_ORIGIN_FRAME_NOT_ESTABLISHED,nan,nan,nan,nan,nan,nan,nan,nan,nan,nan,nan,nan,nan,NOT_EVALUATED,nan,nan,nan,nan,DISABLED,nan,nan,nan,nan,nan,nan
1791471049.2841594,1791471049.307502,1791471049.3108315,1791471049.3108501,front_rgbd_red_sphere,True,True,True,,58.1,58.1,1791471049.299309,1791471049.307502,1791471049.2841594,1791471049.2841594,1791471049.2841594,0.0,1791471048.2721584,1791471049.2921739,1791471049.283387,1791471049.2921739,1791471049.283387,1791471049.2921739,1791471048.2681787,1791471049.2921739,1791471048.2721584,1791471049.2921739,1791470991.1841595,GAZEBO_CLOCK_SYSTEM_INTERPOLATION,MAPPED_EXACT,0,58.1,1791471049.2841594,0.0036389827728271484,0.0,RGB,0.0,0,1,0,UNCALIBRATED,PREPARATION,MID,STRAIGHT,1.0,371,1.0,6.6091742515563965,0.29023146629333496,nan,nan,False,0.0,0.0,0.0,0.0,0,0,0,0,0,0.0,0.0,0.0,0.0,0.0,0.0,0.0,0.0,0.0,0.0,0.0,0.0,0.0,0.0,6.332762992381415,-0.49533393559695327,-1.8253601375026367,0.0,0.0,0.0,0.0,0.0,0.0,0.0,0.0,0.0,0.0,0.0,False,DISABLED,0,nan,nan,nan,nan,nan,nan,nan,nan,nan,nan,nan,nan,nan,nan,nan,nan,nan,nan,nan,nan,nan,nan,nan,nan,nan,nan,nan,nan,nan,nan,nan,nan,nan,nan,61.669628674371836,12.756160778366134,-0.1872339457899032,0.021342796826630102,0.021342796826630102,0.021342796826630102,61.62361893935194,12.8090464879243,-0.1498049221654623,0.04600973501989358,-0.05288570955816674,-0.03742902362444092,0.070098459270312,0.07946524901836366,0.023342609405517578,False,DISABLED,none,MODEL_ORIGIN_FRAME_NOT_ESTABLISHED,nan,nan,nan,nan,nan,nan,nan,nan,nan,nan,nan,nan,nan,NOT_EVALUATED,nan,nan,nan,nan,DISABLED,nan,nan,nan,nan,nan,nan
1791471049.3361578,1791471049.353265,1791471049.3620718,1791471049.3620946,front_rgbd_red_sphere,True,True,True,,58.152,58.152,1791471049.353265,1791471049.3521392,1791471049.3361578,1791471049.3361578,1791471049.3361578,0.0,1791471048.3321557,1791471049.3481715,1791471049.339387,1791471049.3481715,1791471049.343387,1791471049.3521626,1791471048.3321557,1791471049.3481715,1791471048.3321557,1791471049.3521626,1791470991.1841578,GAZEBO_CLOCK_SYSTEM_INTERPOLATION,MAPPED_EXACT,0,58.152,1791471049.3361578,0.0018715858459472656,0.0,RGB,0.0,0,1,0,UNCALIBRATED,PREPARATION,MID,STRAIGHT,1.0,375,1.0,6.603413105010986,0.2909536361694336,nan,nan,False,0.0,0.0,0.0,0.0,0,0,0,0,0,0.0,0.0,0.0,0.0,0.0,0.0,0.0,0.0,0.0,0.0,0.0,0.0,0.0,0.0,6.3258763806959495,-0.47777096351132897,-1.8330534800607419,0.0,0.0,0.0,0.0,0.0,0.0,0.0,0.0,0.0,0.0,0.0,False,DISABLED,0,nan,nan,nan,nan,nan,nan,nan,nan,nan,nan,nan,nan,nan,nan,nan,nan,nan,nan,nan,nan,nan,nan,nan,nan,nan,nan,nan,nan,nan,nan,nan,nan,nan,nan,61.51386179303377,12.630411599973874,-0.1860705006386451,0.021325966879295895,0.021325966879295895,0.021325966879295895,61.46272170307553,12.677246438406977,-0.14876359014376228,0.05114008995823838,-0.04683483843310299,-0.03730691049488283,0.06934559028511889,0.0787439931846536,0.017107248306274414,False,DISABLED,none,MODEL_ORIGIN_FRAME_NOT_ESTABLISHED,nan,nan,nan,nan,nan,nan,nan,nan,nan,nan,nan,nan,nan,NOT_EVALUATED,nan,nan,nan,nan,DISABLED,nan,nan,nan,nan,nan,nan
1791471049.3841608,1791471049.404051,1791471049.4090543,1791471049.4090896,front_rgbd_red_sphere,True,True,True,,58.2,58.2,1791471049.404051,1791471049.4014094,1791471049.3841608,1791471049.3841608,1791471049.3841608,0.0,1791471048.3921647,1791471049.3881702,1791471049.379387,1791471049.3881702,1791471049.3833869,1791471049.3922143,1791471048.388164,1791471049.3881702,1791471048.3921647,1791471049.3922143,1791470991.1841607,GAZEBO_CLOCK_SYSTEM_INTERPOLATION,MAPPED_EXACT,0,58.2,1791471049.3841608,0.0041942596435546875,0.0,RGB,0.0,0,1,0,UNCALIBRATED,PREPARATION,MID,STRAIGHT,1.0,368,1.0,6.609798431396484,0.289756715297699,nan,nan,False,0.0,0.0,0.0,0.0,0,0,0,0,0,0.0,0.0,0.0,0.0,0.0,0.0,0.0,0.0,0.0,0.0,0.0,0.0,0.0,0.0,6.3342586318665015,-0.4639727181981623,-1.8306649877676868,0.0,0.0,0.0,0.0,0.0,0.0,0.0,0.0,0.0,0.0,0.0,False,DISABLED,0,nan,nan,nan,nan,nan,nan,nan,nan,nan,nan,nan,nan,nan,nan,nan,nan,nan,nan,nan,nan,nan,nan,nan,nan,nan,nan,nan,nan,nan,nan,nan,nan,nan,nan,61.35807879439484,12.503771002882363,-0.1843857350893287,0.02134462148308173,0.02134462148308173,0.02134462148308173,61.31455154687759,12.55524968312189,-0.1469471740837435,0.0435272475172539,-0.0514786802395264,-0.03743856100558521,0.06741421063567897,0.07711239618764688,0.019890308380126953,False,DISABLED,none,MODEL_ORIGIN_FRAME_NOT_ESTABLISHED,nan,nan,nan,nan,nan,nan,nan,nan,nan,nan,nan,nan,nan,NOT_EVALUATED,nan,nan,nan,nan,DISABLED,nan,nan,nan,nan,nan,nan
1791471049.436166,1791471049.4672883,1791471049.4710119,1791471049.4710383,front_rgbd_red_sphere,True,True,True,,58.252,58.252,1791471049.4598994,1791471049.4672883,1791471049.436166,1791471049.436166,1791471049.436166,0.0,1791471048.4521673,1791471049.452172,1791471049.443387,1791471049.452172,1791471049.443387,1791471049.452172,1791471048.4521673,1791471049.452172,1791471048.4521673,1791471049.452172,1791470991.184166,GAZEBO_CLOCK_SYSTEM_INTERPOLATION,MAPPED_EXACT,0,58.252,1791471049.436166,0.0034515857696533203,0.0,RGB,0.0,0,1,0,UNCALIBRATED,PREPARATION,MID,STRAIGHT,1.0,370,1.0,6.605820178985596,0.2900839149951935,nan,nan,False,0.0,0.0,0.0,0.0,0,0,0,0,0,0.0,0.0,0.0,0.0,0.0,0.0,0.0,0.0,0.0,0.0,0.0,0.0,0.0,0.0,6.32982820998497,-0.44801051449559104,-1.8355985816624187,0.0,0.0,0.0,0.0,0.0,0.0,0.0,0.0,0.0,0.0,0.0,False,DISABLED,0,nan,nan,nan,nan,nan,nan,nan,nan,nan,nan,nan,nan,nan,nan,nan,nan,nan,nan,nan,nan,nan,nan,nan,nan,nan,nan,nan,nan,nan,nan,nan,nan,nan,nan,61.20281297638057,12.376934349451302,-0.18158843054800128,0.021332998421728533,0.021332998421728533,0.021332998421728533,61.154261699154475,12.422573622226873,-0.1440095030276364,0.04855127722609609,-0.04563927277557056,-0.037578927520364874,0.06663459866892103,0.07650062439842573,0.031122207641601562,False,DISABLED,none,MODEL_ORIGIN_FRAME_NOT_ESTABLISHED,nan,nan,nan,nan,nan,nan,nan,nan,nan,nan,nan,nan,nan,NOT_EVALUATED,nan,nan,nan,nan,DISABLED,nan,nan,nan,nan,nan,nan
1791471049.484164,1791471049.5003397,1791471049.505042,1791471049.5050642,front_rgbd_red_sphere,True,True,True,,58.3,58.3,1791471049.5003397,1791471049.498316,1791471049.484164,1791471049.484164,1791471049.484164,0.0,1791471048.4721737,1791471049.492169,1791471049.483387,1791471049.492169,1791471049.483387,1791471049.492169,1791471048.4681628,1791471049.492169,1791471048.4721737,1791471049.492169,1791470991.184164,GAZEBO_CLOCK_SYSTEM_INTERPOLATION,MAPPED_EXACT,0,58.3,1791471049.484164,0.0005936622619628906,0.0,RGB,0.0,0,1,0,UNCALIBRATED,PREPARATION,MID,STRAIGHT,1.0,369,1.0,6.613757610321045,0.2888931334018707,nan,nan,False,0.0,0.0,0.0,0.0,0,0,0,0,0,0.0,0.0,0.0,0.0,0.0,0.0,0.0,0.0,0.0,0.0,0.0,0.0,0.0,0.0,6.339682388524799,-0.4356874976103793,-1.8331383756988275,0.0,0.0,0.0,0.0,0.0,0.0,0.0,0.0,0.0,0.0,0.0,False,DISABLED,0,nan,nan,nan,nan,nan,nan,nan,nan,nan,nan,nan,nan,nan,nan,nan,nan,nan,nan,nan,nan,nan,nan,nan,nan,nan,nan,nan,nan,nan,nan,nan,nan,nan,nan,61.047938713721294,12.24937178773644,-0.17823589850312777,0.02135619180321417,0.02135619180321417,0.02135619180321417,61.0066534361832,12.299793614764878,-0.14046909968723206,0.04128527753809408,-0.05042182702843867,-0.0377667988158957,0.06516774341868256,0.07532042136820256,0.01617574691772461,False,DISABLED,none,MODEL_ORIGIN_FRAME_NOT_ESTABLISHED,nan,nan,nan,nan,nan,nan,nan,nan,nan,nan,nan,nan,nan,NOT_EVALUATED,nan,nan,nan,nan,DISABLED,nan,nan,nan,nan,nan,nan
1791471049.5361595,1791471049.5652943,1791471049.5710845,1791471049.5711174,front_rgbd_red_sphere,True,True,True,,58.352,58.352,1791471049.5559177,1791471049.5652943,1791471049.5361595,1791471049.5361595,1791471049.5361595,0.0,1791471048.5321655,1791471049.5481768,1791471049.539387,1791471049.5481768,1791471049.543387,1791471049.5521648,1791471048.5321655,1791471049.5481768,1791471048.5321655,1791471049.5521648,1791470991.1841595,GAZEBO_CLOCK_SYSTEM_INTERPOLATION,MAPPED_EXACT,0,58.352,1791471049.5361595,0.0015475749969482422,0.0,RGB,0.0,0,1,0,UNCALIBRATED,PREPARATION,MID,STRAIGHT,1.0,372,1.0,6.611166954040527,0.2892991900444031,nan,nan,False,0.0,0.0,0.0,0.0,0,0,0,0,0,0.0,0.0,0.0,0.0,0.0,0.0,0.0,0.0,0.0,0.0,0.0,0.0,0.0,0.0,6.336433428596839,-0.42138027078750895,-1.8383625133817585,0.0,0.0,0.0,0.0,0.0,0.0,0.0,0.0,0.0,0.0,0.0,False,DISABLED,0,nan,nan,nan,nan,nan,nan,nan,nan,nan,nan,nan,nan,nan,nan,nan,nan,nan,nan,nan,nan,nan,nan,nan,nan,nan,nan,nan,nan,nan,nan,nan,nan,nan,nan,60.89361890320552,12.121642736950307,-0.1740381304405298,0.021348619570127913,0.021348619570127913,0.021348619570127913,60.84707373314595,12.166381016002786,-0.13570901157111515,0.04654517005957359,-0.04473827905247951,-0.03832911886941465,0.06455978987304832,0.0750805422313789,0.029134750366210938,False,DISABLED,none,MODEL_ORIGIN_FRAME_NOT_ESTABLISHED,nan,nan,nan,nan,nan,nan,nan,nan,nan,nan,nan,nan,nan,NOT_EVALUATED,nan,nan,nan,nan,DISABLED,nan,nan,nan,nan,nan,nan
1791471049.5841606,1791471049.609481,1791471049.6128235,1791471049.6128628,front_rgbd_red_sphere,True,True,True,,58.4,58.4,1791471049.609481,1791471049.5983756,1791471049.5841606,1791471049.5841606,1791471049.5841606,0.0,1791471048.5921667,1791471049.5881755,1791471049.579387,1791471049.5881755,1791471049.583387,1791471049.5921738,1791471048.5881665,1791471049.5881755,1791471048.5921667,1791471049.5921738,1791470991.1841605,GAZEBO_CLOCK_SYSTEM_INTERPOLATION,MAPPED_EXACT,0,58.4,1791471049.5841606,0.0015645027160644531,0.0,RGB,0.0,0,1,0,UNCALIBRATED,PREPARATION,MID,STRAIGHT,1.0,367,1.0,6.620577335357666,0.2877463102340698,nan,nan,False,0.0,0.0,0.0,0.0,0,0,0,0,0,0.0,0.0,0.0,0.0,0.0,0.0,0.0,0.0,0.0,0.0,0.0,0.0,0.0,0.0,6.348378251556329,-0.41045251232571545,-1.8334849830908881,0.0,0.0,0.0,0.0,0.0,0.0,0.0,0.0,0.0,0.0,0.0,False,DISABLED,0,nan,nan,nan,nan,nan,nan,nan,nan,nan,nan,nan,nan,nan,nan,nan,nan,nan,nan,nan,nan,nan,nan,nan,nan,nan,nan,nan,nan,nan,nan,nan,nan,nan,nan,60.73953430741817,11.993214064912669,-0.16896907910332531,0.02137612829871966,0.02137612829871966,0.02137612829871966,60.7000546061831,12.042890104059259,-0.13053287522027818,0.0394797012350665,-0.0496760391465898,-0.03843620388304714,0.06345357101774204,0.0741869088441,0.02532052993774414,False,DISABLED,none,MODEL_ORIGIN_FRAME_NOT_ESTABLISHED,nan,nan,nan,nan,nan,nan,nan,nan,nan,nan,nan,nan,nan,NOT_EVALUATED,nan,nan,nan,nan,DISABLED,nan,nan,nan,nan,nan,nan
1791471049.6361616,1791471049.6622694,1791471049.6695607,1791471049.669599,front_rgbd_red_sphere,True,True,True,,58.452,58.452,1791471049.6622694,1791471049.651073,1791471049.6361616,1791471049.6361616,1791471049.6361616,0.0,1791471048.6521704,1791471049.652207,1791471049.643417,1791471049.652207,1791471049.643417,1791471049.652207,1791471048.6521704,1791471049.652207,1791471048.6521704,1791471049.652207,1791470991.1841617,GAZEBO_CLOCK_SYSTEM_INTERPOLATION,MAPPED_EXACT,0,58.452,1791471049.6361616,0.002668142318725586,0.0,RGB,0.0,0,1,0,UNCALIBRATED,PREPARATION,MID,STRAIGHT,1.0,371,1.0,6.619517803192139,0.28804337978363037,nan,nan,False,0.0,0.0,0.0,0.0,0,0,0,0,0,0.0,0.0,0.0,0.0,0.0,0.0,0.0,0.0,0.0,0.0,0.0,0.0,0.0,0.0,6.3468037729045035,-0.3975679646875019,-1.8379435426419546,0.0,0.0,0.0,0.0,0.0,0.0,0.0,0.0,0.0,0.0,0.0,False,DISABLED,0,nan,nan,nan,nan,nan,nan,nan,nan,nan,nan,nan,nan,nan,nan,nan,nan,nan,nan,nan,nan,nan,nan,nan,nan,nan,nan,nan,nan,nan,nan,nan,nan,nan,nan,60.58610860463687,11.864731159425578,-0.16302782583076153,0.021373029845118692,0.021373029845118692,0.021373029845118692,60.541222694927995,11.908827359430683,-0.12407218009531952,0.044885909708874294,-0.0440962000051055,-0.03895564573544201,0.06292233105411371,0.07400514900970569,0.0261077880859375,False,DISABLED,none,MODEL_ORIGIN_FRAME_NOT_ESTABLISHED,nan,nan,nan,nan,nan,nan,nan,nan,nan,nan,nan,nan,nan,NOT_EVALUATED,nan,nan,nan,nan,DISABLED,nan,nan,nan,nan,nan,nan
1791471049.684163,1791471049.703473,1791471049.707196,1791471049.70722,front_rgbd_red_sphere,True,True,True,,58.5,58.5,1791471049.703473,1791471049.70144,1791471049.684163,1791471049.684163,1791471049.684163,0.0,1791471048.6721616,1791471049.6921809,1791471049.6834168,1791471049.6921809,1791471049.6834168,1791471049.6921809,1791471048.6681619,1791471049.6921809,1791471048.6721616,1791471049.6921809,1791470991.184163,GAZEBO_CLOCK_SYSTEM_INTERPOLATION,MAPPED_EXACT,0,58.5,1791471049.684163,0.0035042762756347656,0.0,RGB,0.0,0,1,0,UNCALIBRATED,PREPARATION,MID,STRAIGHT,1.0,365,1.0,6.630530834197998,0.2869032323360443,nan,nan,False,0.0,0.0,0.0,0.0,0,0,0,0,0,0.0,0.0,0.0,0.0,0.0,0.0,0.0,0.0,0.0,0.0,0.0,0.0,0.0,0.0,6.359506606544827,-0.3877850618638199,-1.8358206442013483,0.0,0.0,0.0,0.0,0.0,0.0,0.0,0.0,0.0,0.0,0.0,False,DISABLED,0,nan,nan,nan,nan,nan,nan,nan,nan,nan,nan,nan,nan,nan,nan,nan,nan,nan,nan,nan,nan,nan,nan,nan,nan,nan,nan,nan,nan,nan,nan,nan,nan,nan,nan,60.43265200563099,11.735459000867742,-0.1564880224386513,0.021405243210938753,0.021405243210938753,0.021405243210938753,60.39476823181279,11.78465356115999,-0.11738849029890026,0.037883773818201405,-0.04919456029224811,-0.03909953213975102,0.0620909420210088,0.0733761439066111,0.01930999755859375,False,DISABLED,none,MODEL_ORIGIN_FRAME_NOT_ESTABLISHED,nan,nan,nan,nan,nan,nan,nan,nan,nan,nan,nan,nan,nan,NOT_EVALUATED,nan,nan,nan,nan,DISABLED,nan,nan,nan,nan,nan,nan
1791471049.7361686,1791471049.7660136,1791471049.7699864,1791471049.7700112,front_rgbd_red_sphere,True,True,True,,58.552,58.552,1791471049.7660136,1791471049.7540045,1791471049.7361686,1791471049.7361686,1791471049.7361686,0.0,1791471048.732163,1791471049.7481825,1791471049.7394168,1791471049.7481825,1791471049.743417,1791471049.752171,1791471048.732163,1791471049.7481825,1791471048.732163,1791471049.752171,1791470991.1841686,GAZEBO_CLOCK_SYSTEM_INTERPOLATION,MAPPED_EXACT,0,58.552,1791471049.7361686,0.0021109580993652344,0.0,RGB,0.0,0,1,0,UNCALIBRATED,PREPARATION,MID,STRAIGHT,1.0,369,1.0,6.630680561065674,0.28718477487564087,nan,nan,False,0.0,0.0,0.0,0.0,0,0,0,0,0,0.0,0.0,0.0,0.0,0.0,0.0,0.0,0.0,0.0,0.0,0.0,0.0,0.0,0.0,6.3591215648138775,-0.37612672591269636,-1.8401153766993694,0.0,0.0,0.0,0.0,0.0,0.0,0.0,0.0,0.0,0.0,0.0,False,DISABLED,0,nan,nan,nan,nan,nan,nan,nan,nan,nan,nan,nan,nan,nan,nan,nan,nan,nan,nan,nan,nan,nan,nan,nan,nan,nan,nan,nan,nan,nan,nan,nan,nan,nan,nan,60.279893839248764,11.60604438689928,-0.1494141498669101,0.02140568098995223,0.02140568098995223,0.02140568098995223,60.236411751447044,11.649760898791195,-0.10937515755259926,0.04348208780172058,-0.04371651189191539,-0.04003899231431084,0.06165894397078592,0.07351833973327988,0.029844999313354492,False,DISABLED,none,MODEL_ORIGIN_FRAME_NOT_ESTABLISHED,nan,nan,nan,nan,nan,nan,nan,nan,nan,nan,nan,nan,nan,NOT_EVALUATED,nan,nan,nan,nan,DISABLED,nan,nan,nan,nan,nan,nan
1791471049.7841609,1791471049.8023036,1791471049.8056653,1791471049.805687,front_rgbd_red_sphere,True,True,True,,58.6,58.6,1791471049.8023036,1791471049.8007271,1791471049.7841609,1791471049.7841609,1791471049.7841609,0.0,1791471048.7881684,1791471049.7881699,1791471049.779417,1791471049.7881699,1791471049.783417,1791471049.7921655,1791471048.7881684,1791471049.7881699,1791471048.772162,1791471049.7921655,1791470991.184161,GAZEBO_CLOCK_SYSTEM_INTERPOLATION,MAPPED_EXACT,0,58.6,1791471049.7841609,0.002316713333129883,0.0,RGB,0.0,0,1,0,UNCALIBRATED,PREPARATION,MID,STRAIGHT,1.0,364,1.0,6.642479419708252,0.2859426736831665,nan,nan,False,0.0,0.0,0.0,0.0,0,0,0,0,0,0.0,0.0,0.0,0.0,0.0,0.0,0.0,0.0,0.0,0.0,0.0,0.0,0.0,0.0,6.372769515769533,-0.3673578986708659,-1.8372236313985537,0.0,0.0,0.0,0.0,0.0,0.0,0.0,0.0,0.0,0.0,0.0,False,DISABLED,0,nan,nan,nan,nan,nan,nan,nan,nan,nan,nan,nan,nan,nan,nan,nan,nan,nan,nan,nan,nan,nan,nan,nan,nan,nan,nan,nan,nan,nan,nan,nan,nan,nan,nan,60.12755423555135,11.476323524301035,-0.14146408047990894,0.021440220566695256,0.021440220566695256,0.021440220566695256,60.090412106810966,11.524854825684002,-0.10134144532958714,0.037142128740384805,-0.04853130138296713,-0.0401226351503218,0.06111321412993843,0.07310711861848711,0.0181427001953125,False,DISABLED,none,MODEL_ORIGIN_FRAME_NOT_ESTABLISHED,nan,nan,nan,nan,nan,nan,nan,nan,nan,nan,nan,nan,nan,NOT_EVALUATED,nan,nan,nan,nan,DISABLED,nan,nan,nan,nan,nan,nan
1791471049.8361628,1791471049.8570857,1791471049.862146,1791471049.8621671,front_rgbd_red_sphere,True,True,True,,58.652,58.652,1791471049.8570857,1791471049.8552463,1791471049.8361628,1791471049.8361628,1791471049.8361628,0.0,1791471048.8321588,1791471049.852165,1791471049.843417,1791471049.852165,1791471049.843417,1791471049.852165,1791471048.8281608,1791471049.852165,1791471048.8321588,1791471049.852165,1791470991.1841629,GAZEBO_CLOCK_SYSTEM_INTERPOLATION,MAPPED_EXACT,0,58.652,1791471049.8361628,0.0025365352630615234,0.0,RGB,0.0,0,1,0,UNCALIBRATED,PREPARATION,MID,STRAIGHT,1.0,366,1.0,6.6440300941467285,0.2868916094303131,nan,nan,False,0.0,0.0,0.0,0.0,0,0,0,0,0,0.0,0.0,0.0,0.0,0.0,0.0,0.0,0.0,0.0,0.0,0.0,0.0,0.0,0.0,6.372475898788934,-0.3565317673924824,-1.8459608408180959,0.0,0.0,0.0,0.0,0.0,0.0,0.0,0.0,0.0,0.0,0.0,False,DISABLED,0,nan,nan,nan,nan,nan,nan,nan,nan,nan,nan,nan,nan,nan,nan,nan,nan,nan,nan,nan,nan,nan,nan,nan,nan,nan,nan,nan,nan,nan,nan,nan,nan,nan,nan,59.97564851877656,11.34639278366446,-0.13258003921899947,0.02144476163308621,0.02144476163308621,0.02144476163308621,59.932685001399854,11.389311529667895,-0.09198057496342465,0.04296351737670534,-0.04291874600343526,-0.04059946425557481,0.06072793907161556,0.07304929213706009,0.02092289924621582,False,DISABLED,none,MODEL_ORIGIN_FRAME_NOT_ESTABLISHED,nan,nan,nan,nan,nan,nan,nan,nan,nan,nan,nan,nan,nan,NOT_EVALUATED,nan,nan,nan,nan,DISABLED,nan,nan,nan,nan,nan,nan
1791471049.884159,1791471049.9032435,1791471049.9092007,1791471049.909251,front_rgbd_red_sphere,True,True,True,,58.7,58.7,1791471049.9032435,1791471049.9012208,1791471049.884159,1791471049.884159,1791471049.884159,0.0,1791471048.8921793,1791471049.892189,1791471049.883417,1791471049.892189,1791471049.883417,1791471049.892189,1791471048.8921793,1791471049.892189,1791471048.8921793,1791471049.892189,1791470991.184159,GAZEBO_CLOCK_SYSTEM_INTERPOLATION,MAPPED_EXACT,0,58.7,1791471049.884159,0.0034875869750976562,0.0,RGB,0.0,0,1,0,UNCALIBRATED,PREPARATION,MID,STRAIGHT,1.0,369,1.0,6.657231330871582,0.2866056263446808,nan,nan,False,0.0,0.0,0.0,0.0,0,0,0,0,0,0.0,0.0,0.0,0.0,0.0,0.0,0.0,0.0,0.0,0.0,0.0,0.0,0.0,0.0,6.385676082698882,-0.34837609602399944,-1.8494604830967534,0.0,0.0,0.0,0.0,0.0,0.0,0.0,0.0,0.0,0.0,0.0,False,DISABLED,0,nan,nan,nan,nan,nan,nan,nan,nan,nan,nan,nan,nan,nan,nan,nan,nan,nan,nan,nan,nan,nan,nan,nan,nan,nan,nan,nan,nan,nan,nan,nan,nan,nan,nan,59.82399187304446,11.215707233912767,-0.12334007075916092,0.02148344303378328,0.02148344303378328,0.02148344303378328,59.787349629506835,11.263898376463759,-0.08280890597452316,0.036642243537627905,-0.04819114255099244,-0.040531164784637766,0.06053957574876874,0.072854756540945,0.019084453582763672,False,DISABLED,none,MODEL_ORIGIN_FRAME_NOT_ESTABLISHED,nan,nan,nan,nan,nan,nan,nan,nan,nan,nan,nan,nan,nan,NOT_EVALUATED,nan,nan,nan,nan,DISABLED,nan,nan,nan,nan,nan,nan
1791471049.936158,1791471049.950682,1791471049.9632347,1791471049.9632638,front_rgbd_red_sphere,True,True,True,,58.752,58.752,1791471049.950682,1791471049.9498065,1791471049.936158,1791471049.936158,1791471049.936158,0.0,1791471048.9321606,1791471049.9481661,1791471049.939417,1791471049.9481661,1791471049.9434168,1791471049.9521673,1791471048.9321606,1791471049.9481661,1791471048.9321606,1791471049.9521673,1791470991.1841578,GAZEBO_CLOCK_SYSTEM_INTERPOLATION,MAPPED_EXACT,0,58.752,1791471049.936158,0.0017588138580322266,0.0,RGB,0.0,0,1,0,UNCALIBRATED,PREPARATION,MID,STRAIGHT,1.0,366,1.0,6.6598801612854,0.2879818379878998,nan,nan,False,0.0,0.0,0.0,0.0,0,0,0,0,0,0.0,0.0,0.0,0.0,0.0,0.0,0.0,0.0,0.0,0.0,0.0,0.0,0.0,0.0,6.385619958955024,-0.33849224321731697,-1.8609908583643335,0.0,0.0,0.0,0.0,0.0,0.0,0.0,0.0,0.0,0.0,0.0,False,DISABLED,0,nan,nan,nan,nan,nan,nan,nan,nan,nan,nan,nan,nan,nan,nan,nan,nan,nan,nan,nan,nan,nan,nan,nan,nan,nan,nan,nan,nan,nan,nan,nan,nan,nan,nan,59.67253723066889,11.084791192442315,-0.11353849541999489,0.021491209178281376,0.021491209178281376,0.021491209178281376,59.63019971036709,11.127707772839974,-0.07233007499348168,0.042337520301799714,-0.04291658039765878,-0.04120842042651321,0.06028514326377613,0.07302350588942086,0.014523983001708984,False,DISABLED,none,MODEL_ORIGIN_FRAME_NOT_ESTABLISHED,nan,nan,nan,nan,nan,nan,nan,nan,nan,nan,nan,nan,nan,NOT_EVALUATED,nan,nan,nan,nan,DISABLED,nan,nan,nan,nan,nan,nan
1791471049.9841585,1791471050.0125816,1791471050.0161967,1791471050.016219,front_rgbd_red_sphere,True,True,True,,58.8,58.8,1791471050.0125816,1791471050.0110943,1791471049.9841585,1791471049.9841585,1791471049.9841585,0.0,1791471048.9721594,1791471049.9881651,1791471049.9794168,1791471049.9881651,1791471049.983417,1791471049.9921672,1791471048.9721594,1791471049.9881651,1791471048.9721594,1791471049.9921672,1791470991.1841586,GAZEBO_CLOCK_SYSTEM_INTERPOLATION,MAPPED_EXACT,0,58.8,1791471049.9841585,0.0007722377777099609,0.0,RGB,0.0,0,1,0,UNCALIBRATED,PREPARATION,MID,STRAIGHT,1.0,365,1.0,6.673788547515869,0.2878640294075012,nan,nan,False,0.0,0.0,0.0,0.0,0,0,0,0,0,0.0,0.0,0.0,0.0,0.0,0.0,0.0,0.0,0.0,0.0,0.0,0.0,0.0,0.0,6.39917857626763,-0.33109379521359905,-1.8655676244398594,0.0,0.0,0.0,0.0,0.0,0.0,0.0,0.0,0.0,0.0,0.0,False,DISABLED,0,nan,nan,nan,nan,nan,nan,nan,nan,nan,nan,nan,nan,nan,nan,nan,nan,nan,nan,nan,nan,nan,nan,nan,nan,nan,nan,nan,nan,nan,nan,nan,nan,nan,nan,59.52157365888605,10.953536132247145,-0.10332061049334568,0.02153200671195925,0.02153200671195925,0.02153200671195925,59.48528430519131,11.001619448670588,-0.062231968973966205,0.03628935369474107,-0.04808331642344399,-0.04108864151937947,0.06024053875804113,0.07291912624111133,0.028423070907592773,False,DISABLED,none,MODEL_ORIGIN_FRAME_NOT_ESTABLISHED,nan,nan,nan,nan,nan,nan,nan,nan,nan,nan,nan,nan,nan,NOT_EVALUATED,nan,nan,nan,nan,DISABLED,nan,nan,nan,nan,nan,nan
1791471050.0361605,1791471050.0633616,1791471050.0667574,1791471050.066782,front_rgbd_red_sphere,True,True,True,,58.852,58.852,1791471050.0633616,1791471050.0520434,1791471050.0361605,1791471050.0361605,1791471050.0361605,0.0,1791471049.052165,1791471050.0521731,1791471050.043417,1791471050.0521731,1791471050.043417,1791471050.0521731,1791471049.052165,1791471050.0521731,1791471049.052165,1791471050.0521731,1791470991.1841605,GAZEBO_CLOCK_SYSTEM_INTERPOLATION,MAPPED_EXACT,0,58.852,1791471050.0361605,0.0034074783325195312,0.0,RGB,0.0,0,1,0,UNCALIBRATED,PREPARATION,MID,STRAIGHT,1.0,365,1.0,6.6771016120910645,0.2895617187023163,nan,nan,False,0.0,0.0,0.0,0.0,0,0,0,0,0,0.0,0.0,0.0,0.0,0.0,0.0,0.0,0.0,0.0,0.0,0.0,0.0,0.0,0.0,6.399128117200214,-0.3221780390695095,-1.8791086761233293,0.0,0.0,0.0,0.0,0.0,0.0,0.0,0.0,0.0,0.0,0.0,False,DISABLED,0,nan,nan,nan,nan,nan,nan,nan,nan,nan,nan,nan,nan,nan,nan,nan,nan,nan,nan,nan,nan,nan,nan,nan,nan,nan,nan,nan,nan,nan,nan,nan,nan,nan,nan,59.370918007833296,10.822125456385784,-0.09279497810037712,0.021541731794726977,0.021541731794726977,0.021541731794726977,59.32861720170643,10.864744339796923,-0.050887421073222555,0.042300806126867485,-0.04261888341113895,-0.04190755702715457,0.0600477095499494,0.07322547888665049,0.027201175689697266,False,DISABLED,none,MODEL_ORIGIN_FRAME_NOT_ESTABLISHED,nan,nan,nan,nan,nan,nan,nan,nan,nan,nan,nan,nan,nan,NOT_EVALUATED,nan,nan,nan,nan,DISABLED,nan,nan,nan,nan,nan,nan
1791471050.0841608,1791471050.1003063,1791471050.1041555,1791471050.1041868,front_rgbd_red_sphere,True,True,True,,58.9,58.9,1791471050.1003063,1791471050.0989702,1791471050.0841608,1791471050.0841608,1791471050.0841608,0.0,1791471049.0921671,1791471050.0921767,1791471050.083417,1791471050.0921767,1791471050.083417,1791471050.0921767,1791471049.0921671,1791471050.0921767,1791471049.0921671,1791471050.0921767,1791470991.1841607,GAZEBO_CLOCK_SYSTEM_INTERPOLATION,MAPPED_EXACT,0,58.9,1791471050.0841608,0.0004811286926269531,0.0,RGB,0.0,0,1,0,UNCALIBRATED,PREPARATION,MID,STRAIGHT,1.0,364,1.0,6.691710948944092,0.28958216309547424,nan,nan,False,0.0,0.0,0.0,0.0,0,0,0,0,0,0.0,0.0,0.0,0.0,0.0,0.0,0.0,0.0,0.0,0.0,0.0,0.0,0.0,0.0,6.413090075288887,-0.31597013662579165,-1.8845250106962332,0.0,0.0,0.0,0.0,0.0,0.0,0.0,0.0,0.0,0.0,0.0,False,DISABLED,0,nan,nan,nan,nan,nan,nan,nan,nan,nan,nan,nan,nan,nan,nan,nan,nan,nan,nan,nan,nan,nan,nan,nan,nan,nan,nan,nan,nan,nan,nan,nan,nan,nan,nan,59.22058615904296,10.690133955319647,-0.08194346775056432,0.021584637177693617,0.021584637177693617,0.021584637177693617,59.184265681463444,10.738147225090255,-0.040122547710254884,0.0363204775795154,-0.0480132697706086,-0.04182092004030944,0.060203414900396796,0.07330375514724517,0.01614546775817871,False,DISABLED,none,MODEL_ORIGIN_FRAME_NOT_ESTABLISHED,nan,nan,nan,nan,nan,nan,nan,nan,nan,nan,nan,nan,nan,NOT_EVALUATED,nan,nan,nan,nan,DISABLED,nan,nan,nan,nan,nan,nan
1791471050.136155,1791471050.1609268,1791471050.1640165,1791471050.1640372,front_rgbd_red_sphere,True,True,True,,58.952,58.952,1791471050.1517684,1791471050.1609268,1791471050.136155,1791471050.136155,1791471050.136155,0.0,1791471049.1521695,1791471050.1481593,1791471050.139417,1791471050.1481593,1791471050.143417,1791471050.1521714,1791471049.132213,1791471050.1481593,1791471049.1521695,1791471050.1521714,1791470991.184155,GAZEBO_CLOCK_SYSTEM_INTERPOLATION,MAPPED_EXACT,0,58.952,1791471050.136155,0.0010690689086914062,0.0,RGB,0.0,0,1,0,UNCALIBRATED,PREPARATION,MID,STRAIGHT,1.0,363,1.0,6.695754051208496,0.29089903831481934,nan,nan,False,0.0,0.0,0.0,0.0,0,0,0,0,0,0.0,0.0,0.0,0.0,0.0,0.0,0.0,0.0,0.0,0.0,0.0,0.0,0.0,0.0,6.414441423495056,-0.3084489701236528,-1.8955009775454101,0.0,0.0,0.0,0.0,0.0,0.0,0.0,0.0,0.0,0.0,0.0,False,DISABLED,0,nan,nan,nan,nan,nan,nan,nan,nan,nan,nan,nan,nan,nan,nan,nan,nan,nan,nan,nan,nan,nan,nan,nan,nan,nan,nan,nan,nan,nan,nan,nan,nan,nan,nan,59.07034641985612,10.557758299090349,-0.07058132638406261,0.02159651897327222,0.02159651897327222,0.02159651897327222,59.02818502758433,10.600723022862605,-0.02820097495657564,0.04216139227179383,-0.04296472377225591,-0.04238035142748697,0.06019593414112226,0.07361823601689751,0.024771928787231445,False,DISABLED,none,MODEL_ORIGIN_FRAME_NOT_ESTABLISHED,nan,nan,nan,nan,nan,nan,nan,nan,nan,nan,nan,nan,nan,NOT_EVALUATED,nan,nan,nan,nan,DISABLED,nan,nan,nan,nan,nan,nan
1791471050.1841583,1791471050.2009084,1791471050.2041602,1791471050.2041862,front_rgbd_red_sphere,True,True,True,,59.0,59.0,1791471050.2009084,1791471050.1985066,1791471050.1841583,1791471050.1841583,1791471050.1841583,0.0,1791471049.1721592,1791471050.188171,1791471050.179417,1791471050.188171,1791471050.1834168,1791471050.1921642,1791471049.1721592,1791471050.188171,1791471049.1721592,1791471050.1921642,1791470991.1841583,GAZEBO_CLOCK_SYSTEM_INTERPOLATION,MAPPED_EXACT,0,59.0,1791471050.1841583,0.0009748935699462891,0.0,RGB,0.0,0,1,0,UNCALIBRATED,PREPARATION,MID,STRAIGHT,1.0,360,1.0,6.710576057434082,0.2901804447174072,nan,nan,False,0.0,0.0,0.0,0.0,0,0,0,0,0,0.0,0.0,0.0,0.0,0.0,0.0,0.0,0.0,0.0,0.0,0.0,0.0,0.0,0.0,6.4300219243640075,-0.3034022841007147,-1.8959414719420522,0.0,0.0,0.0,0.0,0.0,0.0,0.0,0.0,0.0,0.0,0.0,False,DISABLED,0,nan,nan,nan,nan,nan,nan,nan,nan,nan,nan,nan,nan,nan,nan,nan,nan,nan,nan,nan,nan,nan,nan,nan,nan,nan,nan,nan,nan,nan,nan,nan,nan,nan,nan,58.92031893867009,10.424951553944426,-0.0591473607915835,0.02164010434174451,0.02164010434174451,0.02164010434174451,58.884331786119034,10.47360058164955,-0.01703137087842904,0.03598715255105844,-0.048649027705122805,-0.04211598991315446,0.06051283372464852,0.07372624805150392,0.016750097274780273,False,DISABLED,none,MODEL_ORIGIN_FRAME_NOT_ESTABLISHED,nan,nan,nan,nan,nan,nan,nan,nan,nan,nan,nan,nan,nan,NOT_EVALUATED,nan,nan,nan,nan,DISABLED,nan,nan,nan,nan,nan,nan
1791471050.2361574,1791471050.2619953,1791471050.2651916,1791471050.2652113,front_rgbd_red_sphere,True,True,True,,59.052,59.052,1791471050.2619953,1791471050.251037,1791471050.2361574,1791471050.2361574,1791471050.2361574,0.0,1791471049.2321618,1791471050.2521703,1791471050.243417,1791471050.2521703,1791471050.243417,1791471050.2521703,1791471049.2281687,1791471050.2521703,1791471049.2321618,1791471050.2521703,1791470991.1841574,GAZEBO_CLOCK_SYSTEM_INTERPOLATION,MAPPED_EXACT,0,59.052,1791471050.2361574,0.0020754337310791016,0.0,RGB,0.0,0,1,0,UNCALIBRATED,PREPARATION,MID,STRAIGHT,1.0,356,1.0,6.715095520019531,0.2916029989719391,nan,nan,False,0.0,0.0,0.0,0.0,0,0,0,0,0,0.0,0.0,0.0,0.0,0.0,0.0,0.0,0.0,0.0,0.0,0.0,0.0,0.0,0.0,6.431612709106739,-0.29694129445613804,-1.9075351159295444,0.0,0.0,0.0,0.0,0.0,0.0,0.0,0.0,0.0,0.0,0.0,False,DISABLED,0,nan,nan,nan,nan,nan,nan,nan,nan,nan,nan,nan,nan,nan,nan,nan,nan,nan,nan,nan,nan,nan,nan,nan,nan,nan,nan,nan,nan,nan,nan,nan,nan,nan,nan,58.77096138153742,10.292014078724787,-0.046687834681243545,0.021653403298105865,0.021653403298105865,0.021653403298105865,58.72884887364244,10.335680935743902,-0.0048288480311230965,0.042112507894977114,-0.04366685701911521,-0.04185898665012045,0.06066512773523486,0.07370503704976562,0.02583789825439453,False,DISABLED,none,MODEL_ORIGIN_FRAME_NOT_ESTABLISHED,nan,nan,nan,nan,nan,nan,nan,nan,nan,nan,nan,nan,nan,NOT_EVALUATED,nan,nan,nan,nan,DISABLED,nan,nan,nan,nan,nan,nan
1791471050.2841613,1791471050.3019075,1791471050.3051636,1791471050.3051882,front_rgbd_red_sphere,True,True,True,,59.1,59.1,1791471050.3019075,1791471050.3001409,1791471050.2841613,1791471050.2841613,1791471050.2841613,0.0,1791471049.272158,1791471050.2921727,1791471050.283417,1791471050.2921727,1791471050.283417,1791471050.2921727,1791471049.2681665,1791471050.2921727,1791471049.272158,1791471050.2921727,1791470991.1841614,GAZEBO_CLOCK_SYSTEM_INTERPOLATION,MAPPED_EXACT,0,59.1,1791471050.2841613,0.0019435882568359375,0.0,RGB,0.0,0,1,0,UNCALIBRATED,PREPARATION,MID,STRAIGHT,1.0,360,1.0,6.730414390563965,0.2917245924472809,nan,nan,False,0.0,0.0,0.0,0.0,0,0,0,0,0,0.0,0.0,0.0,0.0,0.0,0.0,0.0,0.0,0.0,0.0,0.0,0.0,0.0,0.0,6.446049638414995,-0.2926248363297823,-1.9134502448963593,0.0,0.0,0.0,0.0,0.0,0.0,0.0,0.0,0.0,0.0,0.0,False,DISABLED,0,nan,nan,nan,nan,nan,nan,nan,nan,nan,nan,nan,nan,nan,nan,nan,nan,nan,nan,nan,nan,nan,nan,nan,nan,nan,nan,nan,nan,nan,nan,nan,nan,nan,nan,58.62172865988345,10.158892064551752,-0.03453763187287423,0.021698510638155734,0.021698510638155734,0.021698510638155734,58.58534932830239,10.207943449390418,0.006480522895924967,0.03637933158105966,-0.04905138483866622,-0.0410181547687992,0.06106958425333858,0.07356618205067314,0.0177462100982666,False,DISABLED,none,MODEL_ORIGIN_FRAME_NOT_ESTABLISHED,nan,nan,nan,nan,nan,nan,nan,nan,nan,nan,nan,nan,nan,NOT_EVALUATED,nan,nan,nan,nan,DISABLED,nan,nan,nan,nan,nan,nan
1791471050.3361578,1791471050.353709,1791471050.3609722,1791471050.3609936,front_rgbd_red_sphere,True,True,True,,59.152,59.152,1791471050.353709,1791471050.3520942,1791471050.3361578,1791471050.3361578,1791471050.3361578,0.0,1791471049.3521626,1791471050.348166,1791471050.339417,1791471050.348166,1791471050.343417,1791471050.352163,1791471049.332158,1791471050.348166,1791471049.3521626,1791471050.352163,1791470991.1841578,GAZEBO_CLOCK_SYSTEM_INTERPOLATION,MAPPED_EXACT,0,59.152,1791471050.3361578,0.0012629032135009766,0.0,RGB,0.0,0,1,0,UNCALIBRATED,PREPARATION,MID,STRAIGHT,1.0,361,1.0,6.734991073608398,0.29349973797798157,nan,nan,False,0.0,0.0,0.0,0.0,0,0,0,0,0,0.0,0.0,0.0,0.0,0.0,0.0,0.0,0.0,0.0,0.0,0.0,0.0,0.0,0.0,6.446984470739619,-0.28702006923643175,-1.9272044729624893,0.0,0.0,0.0,0.0,0.0,0.0,0.0,0.0,0.0,0.0,0.0,False,DISABLED,0,nan,nan,nan,nan,nan,nan,nan,nan,nan,nan,nan,nan,nan,nan,nan,nan,nan,nan,nan,nan,nan,nan,nan,nan,nan,nan,nan,nan,nan,nan,nan,nan,nan,nan,58.473018683493166,10.025368150250987,-0.022244616070559553,0.02171199654510521,0.02171199654510521,0.02171199654510521,58.430276730203225,10.069402676967162,0.018676732726861905,0.04274195328994068,-0.04403452671617458,-0.04092134879742146,0.0613670442025438,0.07375954786708763,0.017551183700561523,False,DISABLED,none,MODEL_ORIGIN_FRAME_NOT_ESTABLISHED,nan,nan,nan,nan,nan,nan,nan,nan,nan,nan,nan,nan,nan,NOT_EVALUATED,nan,nan,nan,nan,DISABLED,nan,nan,nan,nan,nan,nan
1791471050.3841558,1791471050.4013915,1791471050.4049485,1791471050.404969,front_rgbd_red_sphere,True,True,True,,59.2,59.2,1791471050.4013915,1791471050.3991854,1791471050.3841558,1791471050.3841558,1791471050.3841558,0.0,1791471049.3881702,1791471050.3881743,1791471050.379417,1791471050.3881743,1791471050.383417,1791471050.3921893,1791471049.3881702,1791471050.3881743,1791471049.372158,1791471050.3921893,1791470991.1841557,GAZEBO_CLOCK_SYSTEM_INTERPOLATION,MAPPED_EXACT,0,59.2,1791471050.3841558,0.0014121532440185547,0.0,RGB,0.0,0,1,0,UNCALIBRATED,PREPARATION,MID,STRAIGHT,1.0,358,1.0,6.750357151031494,0.29336947202682495,nan,nan,False,0.0,0.0,0.0,0.0,0,0,0,0,0,0.0,0.0,0.0,0.0,0.0,0.0,0.0,0.0,0.0,0.0,0.0,0.0,0.0,0.0,6.461947638487529,-0.28365363230312646,-1.9313453813538368,0.0,0.0,0.0,0.0,0.0,0.0,0.0,0.0,0.0,0.0,0.0,False,DISABLED,0,nan,nan,nan,nan,nan,nan,nan,nan,nan,nan,nan,nan,nan,nan,nan,nan,nan,nan,nan,nan,nan,nan,nan,nan,nan,nan,nan,nan,nan,nan,nan,nan,nan,nan,58.32404584707417,9.891369497365687,-0.010382762400964418,0.021757303604205434,0.021757303604205434,0.021757303604205434,58.28728727374425,9.941226686419329,0.029833982162002937,0.036758573329919386,-0.04985718905364145,-0.04021674456296735,0.06194297388390071,0.07385335846679263,0.017235755920410156,False,DISABLED,none,MODEL_ORIGIN_FRAME_NOT_ESTABLISHED,nan,nan,nan,nan,nan,nan,nan,nan,nan,nan,nan,nan,nan,NOT_EVALUATED,nan,nan,nan,nan,DISABLED,nan,nan,nan,nan,nan,nan
1791471050.436158,1791471050.4622896,1791471050.4655867,1791471050.465615,front_rgbd_red_sphere,True,True,True,,59.252,59.252,1791471050.4622896,1791471050.4618776,1791471050.436158,1791471050.436158,1791471050.436158,0.0,1791471049.43216,1791471050.4521677,1791471050.4434168,1791471050.4521677,1791471050.4434168,1791471050.4521677,1791471049.4281607,1791471050.4521677,1791471049.43216,1791471050.4521677,1791470991.1841578,GAZEBO_CLOCK_SYSTEM_INTERPOLATION,MAPPED_EXACT,0,59.252,1791471050.436158,0.0022912025451660156,0.0,RGB,0.0,0,1,0,UNCALIBRATED,PREPARATION,MID,STRAIGHT,1.0,357,1.0,6.754713535308838,0.2950652837753296,nan,nan,False,0.0,0.0,0.0,0.0,0,0,0,0,0,0.0,0.0,0.0,0.0,0.0,0.0,0.0,0.0,0.0,0.0,0.0,0.0,0.0,0.0,6.462796010081898,-0.279030404773593,-1.944366794960116,0.0,0.0,0.0,0.0,0.0,0.0,0.0,0.0,0.0,0.0,0.0,False,DISABLED,0,nan,nan,nan,nan,nan,nan,nan,nan,nan,nan,nan,nan,nan,nan,nan,nan,nan,nan,nan,nan,nan,nan,nan,nan,nan,nan,nan,nan,nan,nan,nan,nan,nan,nan,58.17596967225087,9.757242879299202,0.0013063960518460704,0.021770156610050623,0.021770156610050623,0.021770156610050623,58.132571933250645,9.802056088186449,0.041725927018783325,0.04339773900022692,-0.0448132088872466,-0.040419530966937255,0.06238258924655031,0.07433253611098584,0.026131629943847656,False,DISABLED,none,MODEL_ORIGIN_FRAME_NOT_ESTABLISHED,nan,nan,nan,nan,nan,nan,nan,nan,nan,nan,nan,nan,nan,NOT_EVALUATED,nan,nan,nan,nan,DISABLED,nan,nan,nan,nan,nan,nan
1791471050.4841645,1791471050.5098128,1791471050.5129726,1791471050.5129929,front_rgbd_red_sphere,True,True,True,,59.3,59.3,1791471050.5098128,1791471050.4984975,1791471050.4841645,1791471050.4841645,1791471050.4841645,0.0,1791471049.4721649,1791471050.4921687,1791471050.483417,1791471050.4921687,1791471050.483417,1791471050.4921687,1791471049.4681597,1791471050.4921687,1791471049.4721649,1791471050.4921687,1791470991.1841645,GAZEBO_CLOCK_SYSTEM_INTERPOLATION,MAPPED_EXACT,0,59.3,1791471050.4841645,0.0019083023071289062,0.0,RGB,0.0,0,1,0,UNCALIBRATED,PREPARATION,MID,STRAIGHT,1.0,355,1.0,6.770158767700195,0.29520827531814575,nan,nan,False,0.0,0.0,0.0,0.0,0,0,0,0,0,0.0,0.0,0.0,0.0,0.0,0.0,0.0,0.0,0.0,0.0,0.0,0.0,0.0,0.0,6.477292246476791,-0.27661667075343743,-1.9501839510223409,0.0,0.0,0.0,0.0,0.0,0.0,0.0,0.0,0.0,0.0,0.0,False,DISABLED,0,nan,nan,nan,nan,nan,nan,nan,nan,nan,nan,nan,nan,nan,nan,nan,nan,nan,nan,nan,nan,nan,nan,nan,nan,nan,nan,nan,nan,nan,nan,nan,nan,nan,nan,58.02770113557692,9.622580114633255,0.012590365175208673,0.021815758856521057,0.021815758856521057,0.021815758856521057,57.990091140579615,9.673477303133964,0.0524553954020297,0.037609994997303886,-0.050897188500709234,-0.03986503022682103,0.06328534997117383,0.0747947602172726,0.02564835548400879,False,DISABLED,none,MODEL_ORIGIN_FRAME_NOT_ESTABLISHED,nan,nan,nan,nan,nan,nan,nan,nan,nan,nan,nan,nan,nan,NOT_EVALUATED,nan,nan,nan,nan,DISABLED,nan,nan,nan,nan,nan,nan
1791471050.5361586,1791471050.5626876,1791471050.5665169,1791471050.56654,front_rgbd_red_sphere,True,True,True,,59.352,59.352,1791471050.5626876,1791471050.551261,1791471050.5361586,1791471050.5361586,1791471050.5361586,0.0,1791471049.5521648,1791471050.548176,1791471050.539417,1791471050.548176,1791471050.543417,1791471050.5521686,1791471049.5321589,1791471050.548176,1791471049.5521648,1791471050.5521686,1791470991.1841586,GAZEBO_CLOCK_SYSTEM_INTERPOLATION,MAPPED_EXACT,0,59.352,1791471050.5361586,0.002763032913208008,0.0,RGB,0.0,0,1,0,UNCALIBRATED,PREPARATION,MID,STRAIGHT,1.0,355,1.0,6.774404048919678,0.29695451259613037,nan,nan,False,0.0,0.0,0.0,0.0,0,0,0,0,0,0.0,0.0,0.0,0.0,0.0,0.0,0.0,0.0,0.0,0.0,0.0,0.0,0.0,0.0,6.477902354356857,-0.2729454220165355,-1.9633726042346238,0.0,0.0,0.0,0.0,0.0,0.0,0.0,0.0,0.0,0.0,0.0,False,DISABLED,0,nan,nan,nan,nan,nan,nan,nan,nan,nan,nan,nan,nan,nan,nan,nan,nan,nan,nan,nan,nan,nan,nan,nan,nan,nan,nan,nan,nan,nan,nan,nan,nan,nan,nan,57.88002314392135,9.488017475863089,0.0235144193381443,0.02182830147412524,0.02182830147412524,0.02182830147412524,57.83589044152809,9.533857392456177,0.06373706742695695,0.04413270239325584,-0.0458399165930885,-0.04022264808881265,0.06363170101288351,0.07527851481710744,0.02652907371520996,False,DISABLED,none,MODEL_ORIGIN_FRAME_NOT_ESTABLISHED,nan,nan,nan,nan,nan,nan,nan,nan,nan,nan,nan,nan,nan,NOT_EVALUATED,nan,nan,nan,nan,DISABLED,nan,nan,nan,nan,nan,nan
1791471050.58416,1791471050.607374,1791471050.6114519,1791471050.6114736,front_rgbd_red_sphere,True,True,True,,59.4,59.4,1791471050.5992572,1791471050.607374,1791471050.58416,1791471050.58416,1791471050.58416,0.0,1791471049.5721617,1791471050.5881667,1791471050.579417,1791471050.5881667,1791471050.583417,1791471050.592165,1791471049.5721617,1791471050.5881667,1791471049.5721617,1791471050.592165,1791470991.18416,GAZEBO_CLOCK_SYSTEM_INTERPOLATION,MAPPED_EXACT,0,59.4,1791471050.58416,0.0034513473510742188,0.0,RGB,0.0,0,1,0,UNCALIBRATED,PREPARATION,MID,STRAIGHT,1.0,354,1.0,6.78924560546875,0.2965797185897827,nan,nan,False,0.0,0.0,0.0,0.0,0,0,0,0,0,0.0,0.0,0.0,0.0,0.0,0.0,0.0,0.0,0.0,0.0,0.0,0.0,0.0,0.0,6.492838318517177,-0.27134441621789485,-1.9655220213110178,0.0,0.0,0.0,0.0,0.0,0.0,0.0,0.0,0.0,0.0,0.0,False,DISABLED,0,nan,nan,nan,nan,nan,nan,nan,nan,nan,nan,nan,nan,nan,nan,nan,nan,nan,nan,nan,nan,nan,nan,nan,nan,nan,nan,nan,nan,nan,nan,nan,nan,nan,nan,57.73211660043991,9.353090602251378,0.033863224434474815,0.021872178154351135,0.021872178154351135,0.021872178154351135,57.69370708028029,9.404719935156729,0.07378864746363024,0.03840952015961818,-0.05162933290535143,-0.03992542302915543,0.06434966398625341,0.07572924573241657,0.023213863372802734,False,DISABLED,none,MODEL_ORIGIN_FRAME_NOT_ESTABLISHED,nan,nan,nan,nan,nan,nan,nan,nan,nan,nan,nan,nan,nan,NOT_EVALUATED,nan,nan,nan,nan,DISABLED,nan,nan,nan,nan,nan,nan
1791471050.6361878,1791471050.6530936,1791471050.6652677,1791471050.6653016,front_rgbd_red_sphere,True,True,True,,59.452,59.452,1791471050.6530936,1791471050.6521852,1791471050.6361878,1791471050.6361878,1791471050.6361878,0.0,1791471049.632164,1791471050.652167,1791471050.643417,1791471050.652167,1791471050.643417,1791471050.652167,1791471049.628161,1791471050.652167,1791471049.632164,1791471050.652167,1791470991.184188,GAZEBO_CLOCK_SYSTEM_INTERPOLATION,MAPPED_EXACT,0,59.452,1791471050.6361878,0.0023958683013916016,0.0,RGB,0.0,0,1,0,UNCALIBRATED,PREPARATION,MID,STRAIGHT,1.0,351,1.0,6.793344497680664,0.29754316806793213,nan,nan,False,0.0,0.0,0.0,0.0,0,0,0,0,0,0.0,0.0,0.0,0.0,0.0,0.0,0.0,0.0,0.0,0.0,0.0,0.0,0.0,0.0,6.494842391732953,-0.2686765499663757,-1.9734139690762458,0.0,0.0,0.0,0.0,0.0,0.0,0.0,0.0,0.0,0.0,0.0,False,DISABLED,0,nan,nan,nan,nan,nan,nan,nan,nan,nan,nan,nan,nan,nan,nan,nan,nan,nan,nan,nan,nan,nan,nan,nan,nan,nan,nan,nan,nan,nan,nan,nan,nan,nan,nan,57.58432834454015,9.217816681592957,0.04404578966931899,0.021884303709605018,0.021884303709605018,0.021884303709605018,57.53999362941249,9.264664213384762,0.08418377799468485,0.04433471512765408,-0.0468475317918049,-0.04013798832536586,0.06450006356922766,0.0759691799826852,0.016905784606933594,False,DISABLED,none,MODEL_ORIGIN_FRAME_NOT_ESTABLISHED,nan,nan,nan,nan,nan,nan,nan,nan,nan,nan,nan,nan,nan,NOT_EVALUATED,nan,nan,nan,nan,DISABLED,nan,nan,nan,nan,nan,nan
1791471050.6841564,1791471050.7011921,1791471050.7050314,1791471050.7050514,front_rgbd_red_sphere,True,True,True,,59.5,59.5,1791471050.7011921,1791471050.699743,1791471050.6841564,1791471050.6841564,1791471050.6841564,0.0,1791471049.6721585,1791471050.6921668,1791471050.683446,1791471050.6921668,1791471050.683446,1791471050.6921668,1791471049.6681604,1791471050.6921668,1791471049.6721585,1791471050.6921668,1791470991.1841564,GAZEBO_CLOCK_SYSTEM_INTERPOLATION,MAPPED_EXACT,0,59.5,1791471050.6841564,0.0012226104736328125,0.0,RGB,0.0,0,1,0,UNCALIBRATED,PREPARATION,MID,STRAIGHT,1.0,353,1.0,6.807231903076172,0.2968493402004242,nan,nan,False,0.0,0.0,0.0,0.0,0,0,0,0,0,0.0,0.0,0.0,0.0,0.0,0.0,0.0,0.0,0.0,0.0,0.0,0.0,0.0,0.0,6.5095027513126205,-0.2679237583262122,-1.9730676126604454,0.0,0.0,0.0,0.0,0.0,0.0,0.0,0.0,0.0,0.0,0.0,False,DISABLED,0,nan,nan,nan,nan,nan,nan,nan,nan,nan,nan,nan,nan,nan,nan,nan,nan,nan,nan,nan,nan,nan,nan,nan,nan,nan,nan,nan,nan,nan,nan,nan,nan,nan,nan,57.43730299426972,9.082753685610088,0.053413945762933734,0.021925411408971786,0.021925411408971786,0.021925411408971786,57.39829620732903,9.13517358728869,0.09329575976025739,0.03900678694068915,-0.05241990167860244,-0.039881813997323656,0.06534045851867482,0.07655020971328416,0.017035722732543945,False,DISABLED,none,MODEL_ORIGIN_FRAME_NOT_ESTABLISHED,nan,nan,nan,nan,nan,nan,nan,nan,nan,nan,nan,nan,nan,NOT_EVALUATED,nan,nan,nan,nan,DISABLED,nan,nan,nan,nan,nan,nan
1791471050.7361667,1791471050.764022,1791471050.767518,1791471050.7675397,front_rgbd_red_sphere,True,True,True,,59.552,59.552,1791471050.764022,1791471050.7529054,1791471050.7361667,1791471050.7361667,1791471050.7361667,0.0,1791471049.752171,1791471050.748189,1791471050.739446,1791471050.748189,1791471050.7434459,1791471050.7521722,1791471049.7481825,1791471050.748189,1791471049.752171,1791471050.7521722,1791470991.1841667,GAZEBO_CLOCK_SYSTEM_INTERPOLATION,MAPPED_EXACT,0,59.552,1791471050.7361667,0.004033088684082031,0.0,RGB,0.0,0,1,0,UNCALIBRATED,PREPARATION,MID,STRAIGHT,1.0,353,1.0,6.810386657714844,0.2976551055908203,nan,nan,False,0.0,0.0,0.0,0.0,0,0,0,0,0,0.0,0.0,0.0,0.0,0.0,0.0,0.0,0.0,0.0,0.0,0.0,0.0,0.0,0.0,6.510912225432001,-0.266057541958288,-1.9795454582411685,0.0,0.0,0.0,0.0,0.0,0.0,0.0,0.0,0.0,0.0,0.0,False,DISABLED,0,nan,nan,nan,nan,nan,nan,nan,nan,nan,nan,nan,nan,nan,nan,nan,nan,nan,nan,nan,nan,nan,nan,nan,nan,nan,nan,nan,nan,nan,nan,nan,nan,nan,nan,57.2899427484724,8.947047483584848,0.062397511322153376,0.02193475495075824,0.02193475495075824,0.02193475495075824,57.24496198243351,8.994619695507115,0.10255406259772763,0.0449807660388899,-0.047572211922267016,-0.040156551275574257,0.0654704869435262,0.07680451335025995,0.027855396270751953,False,DISABLED,none,MODEL_ORIGIN_FRAME_NOT_ESTABLISHED,nan,nan,nan,nan,nan,nan,nan,nan,nan,nan,nan,nan,nan,NOT_EVALUATED,nan,nan,nan,nan,DISABLED,nan,nan,nan,nan,nan,nan
1791471050.784159,1791471050.8099353,1791471050.8129995,1791471050.8130183,front_rgbd_red_sphere,True,True,True,,59.6,59.6,1791471050.8099353,1791471050.8083112,1791471050.784159,1791471050.784159,1791471050.784159,0.0,1791471049.7921655,1791471050.7881784,1791471050.779446,1791471050.7881784,1791471050.7834458,1791471050.7921803,1791471049.7881699,1791471050.7881784,1791471049.7921655,1791471050.7921803,1791470991.184159,GAZEBO_CLOCK_SYSTEM_INTERPOLATION,MAPPED_EXACT,0,59.6,1791471050.784159,0.0019719600677490234,0.0,RGB,0.0,0,1,0,UNCALIBRATED,PREPARATION,MID,STRAIGHT,1.0,348,1.0,6.823633670806885,0.29677528142929077,nan,nan,False,0.0,0.0,0.0,0.0,0,0,0,0,0,0.0,0.0,0.0,0.0,0.0,0.0,0.0,0.0,0.0,0.0,0.0,0.0,0.0,0.0,6.525335004232153,-0.2659249151050016,-1.977691359920036,0.0,0.0,0.0,0.0,0.0,0.0,0.0,0.0,0.0,0.0,0.0,False,DISABLED,0,nan,nan,nan,nan,nan,nan,nan,nan,nan,nan,nan,nan,nan,nan,nan,nan,nan,nan,nan,nan,nan,nan,nan,nan,nan,nan,nan,nan,nan,nan,nan,nan,nan,nan,57.14275835503669,8.811279353658577,0.07054604910090673,0.02197401143800392,0.02197401143800392,0.02197401143800392,57.103531414385245,8.864608679646675,0.11051460660230553,0.03922694065144583,-0.053329325988098475,-0.0399685575013988,0.06620249151819688,0.07733211151882219,0.025776386260986328,False,DISABLED,none,MODEL_ORIGIN_FRAME_NOT_ESTABLISHED,nan,nan,nan,nan,nan,nan,nan,nan,nan,nan,nan,nan,nan,NOT_EVALUATED,nan,nan,nan,nan,DISABLED,nan,nan,nan,nan,nan,nan
1791471050.8361578,1791471050.8629472,1791471050.8664405,1791471050.8664618,front_rgbd_red_sphere,True,True,True,,59.652,59.652,1791471050.8629472,1791471050.8518524,1791471050.8361578,1791471050.8361578,1791471050.8361578,0.0,1791471049.852165,1791471050.8521748,1791471050.843446,1791471050.8521748,1791471050.843446,1791471050.8521748,1791471049.852165,1791471050.8521748,1791471049.852165,1791471050.8521748,1791470991.1841578,GAZEBO_CLOCK_SYSTEM_INTERPOLATION,MAPPED_EXACT,0,59.652,1791471050.8361578,0.002969503402709961,0.0,RGB,0.0,0,1,0,UNCALIBRATED,PREPARATION,MID,STRAIGHT,1.0,355,1.0,6.826053619384766,0.29789459705352783,nan,nan,False,0.0,0.0,0.0,0.0,0,0,0,0,0,0.0,0.0,0.0,0.0,0.0,0.0,0.0,0.0,0.0,0.0,0.0,0.0,0.0,0.0,6.525410861254578,-0.26464768703913855,-1.985946648462794,0.0,0.0,0.0,0.0,0.0,0.0,0.0,0.0,0.0,0.0,0.0,False,DISABLED,0,nan,nan,nan,nan,nan,nan,nan,nan,nan,nan,nan,nan,nan,nan,nan,nan,nan,nan,nan,nan,nan,nan,nan,nan,nan,nan,nan,nan,nan,nan,nan,nan,nan,nan,56.99565889840063,8.675313902406677,0.07824196658737842,0.02198118689271116,0.02198118689271116,0.02198118689271116,56.95062475193306,8.723636228149557,0.11840397122777463,0.04503414646756454,-0.04832232574288042,-0.04016200464039621,0.06605392882534013,0.07730529173347907,0.026789426803588867,False,DISABLED,none,MODEL_ORIGIN_FRAME_NOT_ESTABLISHED,nan,nan,nan,nan,nan,nan,nan,nan,nan,nan,nan,nan,nan,NOT_EVALUATED,nan,nan,nan,nan,DISABLED,nan,nan,nan,nan,nan,nan
1791471050.8841581,1791471050.9114492,1791471050.9149754,1791471050.9149966,front_rgbd_red_sphere,True,True,True,,59.7,59.7,1791471050.9114492,1791471050.9002645,1791471050.8841581,1791471050.8841581,1791471050.8841581,0.0,1791471049.8721576,1791471050.892178,1791471050.883446,1791471050.892178,1791471050.883446,1791471050.892178,1791471049.8681595,1791471050.892178,1791471049.8721576,1791471050.892178,1791470991.184158,GAZEBO_CLOCK_SYSTEM_INTERPOLATION,MAPPED_EXACT,0,59.7,1791471050.8841581,0.0035178661346435547,0.0,RGB,0.0,0,1,0,UNCALIBRATED,PREPARATION,MID,STRAIGHT,1.0,347,1.0,6.838342189788818,0.2974124550819397,nan,nan,False,0.0,0.0,0.0,0.0,0,0,0,0,0,0.0,0.0,0.0,0.0,0.0,0.0,0.0,0.0,0.0,0.0,0.0,0.0,0.0,0.0,6.538125091897335,-0.2649807903657919,-1.9863611016251026,0.0,0.0,0.0,0.0,0.0,0.0,0.0,0.0,0.0,0.0,0.0,False,DISABLED,0,nan,nan,nan,nan,nan,nan,nan,nan,nan,nan,nan,nan,nan,nan,nan,nan,nan,nan,nan,nan,nan,nan,nan,nan,nan,nan,nan,nan,nan,nan,nan,nan,nan,nan,56.848755277772874,8.53932035175758,0.08493659357596789,0.022017640123691562,0.022017640123691562,0.022017640123691562,56.809622995345684,8.593285908867063,0.12500715852080288,0.03913228242718958,-0.0539655571094837,-0.04007056494483499,0.06666045966011844,0.07777703425238401,0.027291059494018555,False,DISABLED,none,MODEL_ORIGIN_FRAME_NOT_ESTABLISHED,nan,nan,nan,nan,nan,nan,nan,nan,nan,nan,nan,nan,nan,NOT_EVALUATED,nan,nan,nan,nan,DISABLED,nan,nan,nan,nan,nan,nan
1791471050.936159,1791471050.9620724,1791471050.9657283,1791471050.9657571,front_rgbd_red_sphere,True,True,True,,59.752,59.752,1791471050.9620724,1791471050.9509454,1791471050.936159,1791471050.936159,1791471050.936159,0.0,1791471049.9521673,1791471050.948221,1791471050.939446,1791471050.948221,1791471050.943446,1791471050.9521706,1791471049.9481661,1791471050.948221,1791471049.9521673,1791471050.9521706,1791470991.1841588,GAZEBO_CLOCK_SYSTEM_INTERPOLATION,MAPPED_EXACT,0,59.752,1791471050.936159,0.002206087112426758,0.0,RGB,0.0,0,1,0,UNCALIBRATED,PREPARATION,MID,STRAIGHT,1.0,353,1.0,6.839694499969482,0.2981797456741333,nan,nan,False,0.0,0.0,0.0,0.0,0,0,0,0,0,0.0,0.0,0.0,0.0,0.0,0.0,0.0,0.0,0.0,0.0,0.0,0.0,0.0,0.0,6.537878359810303,-0.26431390171792657,-1.991910783992397,0.0,0.0,0.0,0.0,0.0,0.0,0.0,0.0,0.0,0.0,0.0,False,DISABLED,0,nan,nan,nan,nan,nan,nan,nan,nan,nan,nan,nan,nan,nan,nan,nan,nan,nan,nan,nan,nan,nan,nan,nan,nan,nan,nan,nan,nan,nan,nan,nan,nan,nan,nan,56.70149465567197,8.402866854930078,0.09096645529747344,0.02202165393717449,0.02202165393717449,0.02202165393717449,56.65711436853307,8.451902437107464,0.13133456455989242,0.04438028713889963,-0.04903558217738535,-0.04036810926241899,0.06613696550346328,0.07748343339984935,0.025913476943969727,False,DISABLED,none,MODEL_ORIGIN_FRAME_NOT_ESTABLISHED,nan,nan,nan,nan,nan,nan,nan,nan,nan,nan,nan,nan,nan,NOT_EVALUATED,nan,nan,nan,nan,DISABLED,nan,nan,nan,nan,nan,nan
1791471050.9841619,1791471051.001293,1791471051.0049806,1791471051.005,front_rgbd_red_sphere,True,True,True,,59.8,59.8,1791471051.001293,1791471051.000269,1791471050.9841619,1791471050.9841619,1791471050.9841619,0.0,1791471049.9921672,1791471050.988176,1791471050.979446,1791471050.988176,1791471050.983446,1791471050.992176,1791471049.9881651,1791471050.988176,1791471049.9921672,1791471050.992176,1791470991.184162,GAZEBO_CLOCK_SYSTEM_INTERPOLATION,MAPPED_EXACT,0,59.8,1791471050.9841619,0.0014340877532958984,0.0,RGB,0.0,0,1,0,UNCALIBRATED,PREPARATION,MID,STRAIGHT,1.0,347,1.0,6.851056098937988,0.2970554232597351,nan,nan,False,0.0,0.0,0.0,0.0,0,0,0,0,0,0.0,0.0,0.0,0.0,0.0,0.0,0.0,0.0,0.0,0.0,0.0,0.0,0.0,0.0,6.550997208605572,-0.2649363216841394,-1.9877663331304358,0.0,0.0,0.0,0.0,0.0,0.0,0.0,0.0,0.0,0.0,0.0,False,DISABLED,0,nan,nan,nan,nan,nan,nan,nan,nan,nan,nan,nan,nan,nan,nan,nan,nan,nan,nan,nan,nan,nan,nan,nan,nan,nan,nan,nan,nan,nan,nan,nan,nan,nan,nan,56.55423182155164,8.266396929518624,0.09626145946978154,0.022055386943459272,0.022055386943459272,0.022055386943459272,56.516542250255085,8.321245940259743,0.13641918793674357,0.03768957129655348,-0.05484901074111903,-0.04015772846696203,0.06655011467907009,0.07772747853509486,0.01713109016418457,False,DISABLED,none,MODEL_ORIGIN_FRAME_NOT_ESTABLISHED,nan,nan,nan,nan,nan,nan,nan,nan,nan,nan,nan,nan,nan,NOT_EVALUATED,nan,nan,nan,nan,DISABLED,nan,nan,nan,nan,nan,nan
1791471051.036166,1791471051.0565805,1791471051.0638487,1791471051.0638742,front_rgbd_red_sphere,True,True,True,,59.852,59.852,1791471051.0565805,1791471051.055522,1791471051.036166,1791471051.036166,1791471051.036166,0.0,1791471050.0321612,1791471051.0521688,1791471051.0434458,1791471051.0521688,1791471051.0434458,1791471051.0521688,1791471050.0281587,1791471051.0521688,1791471050.0321612,1791471051.0521688,1791470991.184166,GAZEBO_CLOCK_SYSTEM_INTERPOLATION,MAPPED_EXACT,0,59.852,1791471051.036166,0.002132415771484375,0.0,RGB,0.0,0,1,0,UNCALIBRATED,PREPARATION,MID,STRAIGHT,1.0,348,1.0,6.851076126098633,0.29756391048431396,nan,nan,False,0.0,0.0,0.0,0.0,0,0,0,0,0,0.0,0.0,0.0,0.0,0.0,0.0,0.0,0.0,0.0,0.0,0.0,0.0,0.0,0.0,6.549995596811116,-0.26456574655559173,-1.9911815834687374,0.0,0.0,0.0,0.0,0.0,0.0,0.0,0.0,0.0,0.0,0.0,False,DISABLED,0,nan,nan,nan,nan,nan,nan,nan,nan,nan,nan,nan,nan,nan,nan,nan,nan,nan,nan,nan,nan,nan,nan,nan,nan,nan,nan,nan,nan,nan,nan,nan,nan,nan,nan,56.40723789760043,8.129900049072631,0.10088703055458575,0.02205544563918123,0.02205544563918123,0.02205544563918123,56.36435304163993,8.17941194413263,0.1410311472825652,0.04288485596050151,-0.04951189505999842,-0.040144116727979434,0.06550220319336791,0.07682505275660341,0.02041459083557129,False,DISABLED,none,MODEL_ORIGIN_FRAME_NOT_ESTABLISHED,nan,nan,nan,nan,nan,nan,nan,nan,nan,nan,nan,nan,nan,NOT_EVALUATED,nan,nan,nan,nan,DISABLED,nan,nan,nan,nan,nan,nan
1791471051.0841582,1791471051.1006804,1791471051.105754,1791471051.1057813,front_rgbd_red_sphere,True,True,True,,59.9,59.9,1791471051.1006804,1791471051.0994952,1791471051.0841582,1791471051.0841582,1791471051.0841582,0.0,1791471050.0721614,1791471051.0921736,1791471051.083446,1791471051.0921736,1791471051.083446,1791471051.0921736,1791471050.0681715,1791471051.0921736,1791471050.0721614,1791471051.0921736,1791470991.184158,GAZEBO_CLOCK_SYSTEM_INTERPOLATION,MAPPED_EXACT,0,59.9,1791471051.0841582,0.0008966922760009766,0.0,RGB,0.0,0,1,0,UNCALIBRATED,PREPARATION,MID,STRAIGHT,1.0,349,1.0,6.860999584197998,0.29655271768569946,nan,nan,False,0.0,0.0,0.0,0.0,0,0,0,0,0,0.0,0.0,0.0,0.0,0.0,0.0,0.0,0.0,0.0,0.0,0.0,0.0,0.0,0.0,6.561513923757916,-0.265506161379065,-1.9872989715842593,0.0,0.0,0.0,0.0,0.0,0.0,0.0,0.0,0.0,0.0,0.0,False,DISABLED,0,nan,nan,nan,nan,nan,nan,nan,nan,nan,nan,nan,nan,nan,nan,nan,nan,nan,nan,nan,nan,nan,nan,nan,nan,nan,nan,nan,nan,nan,nan,nan,nan,nan,nan,56.26038893356808,7.9932312762634865,0.10452104511452648,0.022084930951117344,0.022084930951117344,0.022084930951117344,56.22407824992491,8.048356617716927,0.1444758016620481,0.03631068364317258,-0.05512534145344006,-0.03995475654752162,0.06600961306501438,0.07715990920008033,0.01652216911315918,False,DISABLED,none,MODEL_ORIGIN_FRAME_NOT_ESTABLISHED,nan,nan,nan,nan,nan,nan,nan,nan,nan,nan,nan,nan,nan,NOT_EVALUATED,nan,nan,nan,nan,DISABLED,nan,nan,nan,nan,nan,nan
1791471051.136158,1791471051.1516087,1791471051.1615927,1791471051.161613,front_rgbd_red_sphere,True,True,True,,59.952,59.952,1791471051.1516087,1791471051.1506162,1791471051.136158,1791471051.136158,1791471051.136158,0.0,1791471050.1521714,1791471051.1481667,1791471051.139446,1791471051.1481667,1791471051.143446,1791471051.1521723,1791471050.1481593,1791471051.1481667,1791471050.1521714,1791471051.1521723,1791470991.184158,GAZEBO_CLOCK_SYSTEM_INTERPOLATION,MAPPED_EXACT,0,59.952,1791471051.136158,0.0016314983367919922,0.0,RGB,0.0,0,1,0,UNCALIBRATED,PREPARATION,MID,STRAIGHT,1.0,345,1.0,6.859822750091553,0.29743167757987976,nan,nan,False,0.0,0.0,0.0,0.0,0,0,0,0,0,0.0,0.0,0.0,0.0,0.0,0.0,0.0,0.0,0.0,0.0,0.0,0.0,0.0,0.0,6.558623830444801,-0.26518425437553184,-1.9928115293053192,0.0,0.0,0.0,0.0,0.0,0.0,0.0,0.0,0.0,0.0,0.0,False,DISABLED,0,nan,nan,nan,nan,nan,nan,nan,nan,nan,nan,nan,nan,nan,nan,nan,nan,nan,nan,nan,nan,nan,nan,nan,nan,nan,nan,nan,nan,nan,nan,nan,nan,nan,nan,56.11398099308793,7.856444488276312,0.10777957811549671,0.022081432970918403,0.022081432970918403,0.022081432970918403,56.07228744811708,7.9061782305595205,0.147255630820976,0.04169354497084754,-0.049733742283208926,-0.0394760527054793,0.06489835755802091,0.07596153994578117,0.015450716018676758,False,DISABLED,none,MODEL_ORIGIN_FRAME_NOT_ESTABLISHED,nan,nan,nan,nan,nan,nan,nan,nan,nan,nan,nan,nan,nan,NOT_EVALUATED,nan,nan,nan,nan,DISABLED,nan,nan,nan,nan,nan,nan
1791471051.1841607,1791471051.1998243,1791471051.2031116,1791471051.203137,front_rgbd_red_sphere,True,True,True,,60.0,60.0,1791471051.1998243,1791471051.199116,1791471051.1841607,1791471051.1841607,1791471051.1841607,0.0,1791471050.1921642,1791471051.188177,1791471051.179446,1791471051.188177,1791471051.183446,1791471051.192173,1791471050.188171,1791471051.188177,1791471050.1921642,1791471051.192173,1791470991.1841607,GAZEBO_CLOCK_SYSTEM_INTERPOLATION,MAPPED_EXACT,0,60.0,1791471051.1841607,0.0038628578186035156,0.0,RGB,0.0,0,1,0,UNCALIBRATED,PREPARATION,MID,STRAIGHT,1.0,348,1.0,6.868513584136963,0.2965947389602661,nan,nan,False,0.0,0.0,0.0,0.0,0,0,0,0,0,0.0,0.0,0.0,0.0,0.0,0.0,0.0,0.0,0.0,0.0,0.0,0.0,0.0,0.0,6.568615528580461,-0.2659221981595863,-1.9897371763682496,0.0,0.0,0.0,0.0,0.0,0.0,0.0,0.0,0.0,0.0,0.0,False,DISABLED,0,nan,nan,nan,nan,nan,nan,nan,nan,nan,nan,nan,nan,nan,nan,nan,nan,nan,nan,nan,nan,nan,nan,nan,nan,nan,nan,nan,nan,nan,nan,nan,nan,nan,nan,55.96764995841363,7.719233570204903,0.10952745272008363,0.022107269566769082,0.022107269566769082,0.022107269566769082,55.932300367476,7.7747445756044025,0.14897468915518425,0.035349590937627795,-0.0555110053994996,-0.03944723643510062,0.06581082965531503,0.07672776395990971,0.015663623809814453,False,DISABLED,none,MODEL_ORIGIN_FRAME_NOT_ESTABLISHED,nan,nan,nan,nan,nan,nan,nan,nan,nan,nan,nan,nan,nan,NOT_EVALUATED,nan,nan,nan,nan,DISABLED,nan,nan,nan,nan,nan,nan
1791471051.2361605,1791471051.2510076,1791471051.2628987,1791471051.2629337,front_rgbd_red_sphere,True,True,True,,60.052,60.052,1791471051.2510076,1791471051.2502499,1791471051.2361605,1791471051.2361605,1791471051.2361605,0.0,1791471050.2521703,1791471051.2521744,1791471051.2434459,1791471051.2521744,1791471051.2434459,1791471051.2521744,1791471050.2521703,1791471051.2521744,1791471050.2521703,1791471051.2521744,1791470991.1841605,GAZEBO_CLOCK_SYSTEM_INTERPOLATION,MAPPED_EXACT,0,60.052,1791471051.2361605,0.001735687255859375,0.0,RGB,0.0,0,1,0,UNCALIBRATED,PREPARATION,MID,STRAIGHT,1.0,346,1.0,6.8661041259765625,0.2974953353404999,nan,nan,False,0.0,0.0,0.0,0.0,0,0,0,0,0,0.0,0.0,0.0,0.0,0.0,0.0,0.0,0.0,0.0,0.0,0.0,0.0,0.0,0.0,6.56450134358558,-0.26531859943731995,-1.9950724079107385,0.0,0.0,0.0,0.0,0.0,0.0,0.0,0.0,0.0,0.0,0.0,False,DISABLED,0,nan,nan,nan,nan,nan,nan,nan,nan,nan,nan,nan,nan,nan,nan,nan,nan,nan,nan,nan,nan,nan,nan,nan,nan,nan,nan,nan,nan,nan,nan,nan,nan,nan,nan,55.82133006844699,7.58174989388436,0.1104418059099404,0.022100105165313706,0.022100105165313706,0.022100105165313706,55.78089311289753,7.6322402521630215,0.14985544421032992,0.0404369555494597,-0.05049035827866177,-0.03941363830038952,0.06468712123148324,0.07574865369952485,0.014847040176391602,False,DISABLED,none,MODEL_ORIGIN_FRAME_NOT_ESTABLISHED,nan,nan,nan,nan,nan,nan,nan,nan,nan,nan,nan,nan,nan,NOT_EVALUATED,nan,nan,nan,nan,DISABLED,nan,nan,nan,nan,nan,nan
1791471051.2841578,1791471051.302199,1791471051.3053033,1791471051.3053222,front_rgbd_red_sphere,True,True,True,,60.1,60.1,1791471051.302199,1791471051.30089,1791471051.2841578,1791471051.2841578,1791471051.2841578,0.0,1791471050.2921727,1791471051.2922297,1791471051.2834458,1791471051.2922297,1791471051.2834458,1791471051.2922297,1791471050.2921727,1791471051.2922297,1791471050.2921727,1791471051.2922297,1791470991.1841578,GAZEBO_CLOCK_SYSTEM_INTERPOLATION,MAPPED_EXACT,0,60.1,1791471051.2841578,0.0022127628326416016,0.0,RGB,0.0,0,1,0,UNCALIBRATED,PREPARATION,MID,STRAIGHT,1.0,346,1.0,6.873485565185547,0.2967495024204254,nan,nan,False,0.0,0.0,0.0,0.0,0,0,0,0,0,0.0,0.0,0.0,0.0,0.0,0.0,0.0,0.0,0.0,0.0,0.0,0.0,0.0,0.0,6.573059523701674,-0.2656436322248368,-1.992266816415663,0.0,0.0,0.0,0.0,0.0,0.0,0.0,0.0,0.0,0.0,0.0,False,DISABLED,0,nan,nan,nan,nan,nan,nan,nan,nan,nan,nan,nan,nan,nan,nan,nan,nan,nan,nan,nan,nan,nan,nan,nan,nan,nan,nan,nan,nan,nan,nan,nan,nan,nan,nan,55.67536191164422,7.444217190971067,0.11010747258206616,0.02212205756588204,0.02212205756588204,0.02212205756588204,55.64115148810551,7.5004170404785295,0.1498053179009566,0.03421042353870973,-0.05619984950746293,-0.03969784531889045,0.06579343556434324,0.07684201380964673,0.018041133880615234,False,DISABLED,none,MODEL_ORIGIN_FRAME_NOT_ESTABLISHED,nan,nan,nan,nan,nan,nan,nan,nan,nan,nan,nan,nan,nan,NOT_EVALUATED,nan,nan,nan,nan,DISABLED,nan,nan,nan,nan,nan,nan
1791471051.3361623,1791471051.3514435,1791471051.36234,1791471051.36236,front_rgbd_red_sphere,True,True,True,,60.152,60.152,1791471051.3514435,1791471051.350271,1791471051.3361623,1791471051.3361623,1791471051.3361623,0.0,1791471050.352163,1791471051.3481624,1791471051.3394458,1791471051.3481624,1791471051.343446,1791471051.352173,1791471050.3322089,1791471051.3481624,1791471050.352163,1791471051.352173,1791470991.1841624,GAZEBO_CLOCK_SYSTEM_INTERPOLATION,MAPPED_EXACT,0,60.152,1791471051.3361623,0.0015864372253417969,0.0,RGB,0.0,0,1,0,UNCALIBRATED,PREPARATION,MID,STRAIGHT,1.0,346,1.0,6.869482040405273,0.29746073484420776,nan,nan,False,0.0,0.0,0.0,0.0,0,0,0,0,0,0.0,0.0,0.0,0.0,0.0,0.0,0.0,0.0,0.0,0.0,0.0,0.0,0.0,0.0,6.567800475651,-0.264398297502094,-1.9959639929942679,0.0,0.0,0.0,0.0,0.0,0.0,0.0,0.0,0.0,0.0,0.0,False,DISABLED,0,nan,nan,nan,nan,nan,nan,nan,nan,nan,nan,nan,nan,nan,nan,nan,nan,nan,nan,nan,nan,nan,nan,nan,nan,nan,nan,nan,nan,nan,nan,nan,nan,nan,nan,55.52953246903623,7.306481036913514,0.108961161969166,0.022110149248220468,0.022110149248220468,0.022110149248220468,55.48995682446712,7.357456028141166,0.14876361429346724,0.039575644569112,-0.05097499122765203,-0.03980245232430124,0.06453434259152166,0.07582161027535725,0.015281200408935547,False,DISABLED,none,MODEL_ORIGIN_FRAME_NOT_ESTABLISHED,nan,nan,nan,nan,nan,nan,nan,nan,nan,nan,nan,nan,nan,NOT_EVALUATED,nan,nan,nan,nan,DISABLED,nan,nan,nan,nan,nan,nan
1791471051.384157,1791471051.4097474,1791471051.4129448,1791471051.4129639,front_rgbd_red_sphere,True,True,True,,60.2,60.2,1791471051.4021153,1791471051.4097474,1791471051.384157,1791471051.384157,1791471051.384157,0.0,1791471050.37216,1791471051.3881736,1791471051.379446,1791471051.3881736,1791471051.383446,1791471051.3921692,1791471050.37216,1791471051.3881736,1791471050.37216,1791471051.3921692,1791470991.184157,GAZEBO_CLOCK_SYSTEM_INTERPOLATION,MAPPED_EXACT,0,60.2,1791471051.384157,0.0018172264099121094,0.0,RGB,0.0,0,1,0,UNCALIBRATED,PREPARATION,MID,STRAIGHT,1.0,344,1.0,6.875727653503418,0.2961001992225647,nan,nan,False,0.0,0.0,0.0,0.0,0,0,0,0,0,0.0,0.0,0.0,0.0,0.0,0.0,0.0,0.0,0.0,0.0,0.0,0.0,0.0,0.0,6.576507466929383,-0.26404580635162844,-1.9888334220949329,0.0,0.0,0.0,0.0,0.0,0.0,0.0,0.0,0.0,0.0,0.0,False,DISABLED,0,nan,nan,nan,nan,nan,nan,nan,nan,nan,nan,nan,nan,nan,nan,nan,nan,nan,nan,nan,nan,nan,nan,nan,nan,nan,nan,nan,nan,nan,nan,nan,nan,nan,nan,55.38372651935347,7.168466420287958,0.10680183398275661,0.0221287269469934,0.0221287269469934,0.0221287269469934,55.35067674962709,7.22547617883387,0.14694782334283515,0.033049769726382294,-0.05700975854591217,-0.04014598936007854,0.06589688800262196,0.07716281688825026,0.02559041976928711,False,DISABLED,none,MODEL_ORIGIN_FRAME_NOT_ESTABLISHED,nan,nan,nan,nan,nan,nan,nan,nan,nan,nan,nan,nan,nan,NOT_EVALUATED,nan,nan,nan,nan,DISABLED,nan,nan,nan,nan,nan,nan
1791471051.4361758,1791471051.4548154,1791471051.462535,1791471051.4625585,front_rgbd_red_sphere,True,True,True,,60.252,60.252,1791471051.4548154,1791471051.4530134,1791471051.4361758,1791471051.4361758,1791471051.4361758,0.0,1791471050.4321578,1791471051.452164,1791471051.443446,1791471051.452164,1791471051.443446,1791471051.452164,1791471050.4281564,1791471051.452164,1791471050.4321578,1791471051.452164,1791470991.1841757,GAZEBO_CLOCK_SYSTEM_INTERPOLATION,MAPPED_EXACT,0,60.252,1791471051.4361758,0.001522064208984375,0.0,RGB,0.0,0,1,0,UNCALIBRATED,PREPARATION,MID,STRAIGHT,1.0,345,1.0,6.870530605316162,0.29629990458488464,nan,nan,False,0.0,0.0,0.0,0.0,0,0,0,0,0,0.0,0.0,0.0,0.0,0.0,0.0,0.0,0.0,0.0,0.0,0.0,0.0,0.0,0.0,6.571136423772521,-0.26205836534314386,-1.988890351774062,0.0,0.0,0.0,0.0,0.0,0.0,0.0,0.0,0.0,0.0,0.0,False,DISABLED,0,nan,nan,nan,nan,nan,nan,nan,nan,nan,nan,nan,nan,nan,nan,nan,nan,nan,nan,nan,nan,nan,nan,nan,nan,nan,nan,nan,nan,nan,nan,nan,nan,nan,nan,55.23833906646473,7.0306048458831025,0.10398465297217024,0.022113268593676894,0.022113268593676894,0.022113268593676894,55.19975261739643,7.0821433716219735,0.14400915873406855,0.03858644906830477,-0.051538525738870966,-0.04002450576189831,0.06438271264118299,0.07580959535917188,0.018639564514160156,False,DISABLED,none,MODEL_ORIGIN_FRAME_NOT_ESTABLISHED,nan,nan,nan,nan,nan,nan,nan,nan,nan,nan,nan,nan,nan,NOT_EVALUATED,nan,nan,nan,nan,DISABLED,nan,nan,nan,nan,nan,nan
1791471051.484158,1791471051.5013096,1791471051.5047362,1791471051.5047557,front_rgbd_red_sphere,True,True,True,,60.3,60.3,1791471051.5013096,1791471051.5000138,1791471051.484158,1791471051.484158,1791471051.484158,0.0,1791471050.4721577,1791471051.4921677,1791471051.483446,1791471051.4921677,1791471051.483446,1791471051.4921677,1791471050.4681664,1791471051.4921677,1791471050.4721577,1791471051.4921677,1791470991.184158,GAZEBO_CLOCK_SYSTEM_INTERPOLATION,MAPPED_EXACT,0,60.3,1791471051.484158,0.0014119148254394531,0.0,RGB,0.0,0,1,0,UNCALIBRATED,PREPARATION,MID,STRAIGHT,1.0,344,1.0,6.87514591217041,0.2947516143321991,nan,nan,False,0.0,0.0,0.0,0.0,0,0,0,0,0,0.0,0.0,0.0,0.0,0.0,0.0,0.0,0.0,0.0,0.0,0.0,0.0,0.0,0.0,6.578650536592297,-0.26094635127013,-1.9801248740909436,0.0,0.0,0.0,0.0,0.0,0.0,0.0,0.0,0.0,0.0,0.0,False,DISABLED,0,nan,nan,nan,nan,nan,nan,nan,nan,nan,nan,nan,nan,nan,nan,nan,nan,nan,nan,nan,nan,nan,nan,nan,nan,nan,nan,nan,nan,nan,nan,nan,nan,nan,nan,55.093380474138016,6.892876878037935,0.10025085093145064,0.02212699639269407,0.02212699639269407,0.02212699639269407,55.06078478950632,6.949893559792503,0.14047215607318175,0.032595684631694155,-0.05701668175456831,-0.04022130514173111,0.06567633253243199,0.07701385617026868,0.017151594161987305,False,DISABLED,none,MODEL_ORIGIN_FRAME_NOT_ESTABLISHED,nan,nan,nan,nan,nan,nan,nan,nan,nan,nan,nan,nan,nan,NOT_EVALUATED,nan,nan,nan,nan,DISABLED,nan,nan,nan,nan,nan,nan
1791471051.5361586,1791471051.557525,1791471051.561891,1791471051.5619166,front_rgbd_red_sphere,True,True,True,,60.352,60.352,1791471051.557525,1791471051.5554907,1791471051.5361586,1791471051.5361586,1791471051.5361586,0.0,1791471050.5321555,1791471051.5481644,1791471051.5394459,1791471051.5481644,1791471051.5434458,1791471051.55216,1791471050.5321555,1791471051.5481644,1791471050.5321555,1791471051.55216,1791470991.1841586,GAZEBO_CLOCK_SYSTEM_INTERPOLATION,MAPPED_EXACT,0,60.352,1791471051.5361586,0.0025010108947753906,0.0,RGB,0.0,0,1,0,UNCALIBRATED,PREPARATION,MID,STRAIGHT,1.0,343,1.0,6.868399143218994,0.2943496108055115,nan,nan,False,0.0,0.0,0.0,0.0,0,0,0,0,0,0.0,0.0,0.0,0.0,0.0,0.0,0.0,0.0,0.0,0.0,0.0,0.0,0.0,0.0,6.57299614832575,-0.25823817177056263,-1.975838626753598,0.0,0.0,0.0,0.0,0.0,0.0,0.0,0.0,0.0,0.0,0.0,False,DISABLED,0,nan,nan,nan,nan,nan,nan,nan,nan,nan,nan,nan,nan,nan,nan,nan,nan,nan,nan,nan,nan,nan,nan,nan,nan,nan,nan,nan,nan,nan,nan,nan,nan,nan,nan,54.948382334748146,6.754836293267262,0.09562042690460443,0.022106928617145246,0.022106928617145246,0.022106928617145246,54.910227571997524,6.806310169133473,0.13571115522513058,0.03815476275062224,-0.051473875866211216,-0.04009072832052615,0.06407297259567712,0.07558182529230575,0.021366357803344727,False,DISABLED,none,MODEL_ORIGIN_FRAME_NOT_ESTABLISHED,nan,nan,nan,nan,nan,nan,nan,nan,nan,nan,nan,nan,nan,NOT_EVALUATED,nan,nan,nan,nan,DISABLED,nan,nan,nan,nan,nan,nan
1791471051.5841591,1791471051.6015291,1791471051.604915,1791471051.6049337,front_rgbd_red_sphere,True,True,True,,60.4,60.4,1791471051.6015291,1791471051.6000912,1791471051.5841591,1791471051.5841591,1791471051.5841591,0.0,1791471050.592165,1791471051.5881705,1791471051.5794458,1791471051.5881705,1791471051.583446,1791471051.592166,1791471050.5881667,1791471051.5881705,1791471050.592165,1791471051.592166,1791470991.184159,GAZEBO_CLOCK_SYSTEM_INTERPOLATION,MAPPED_EXACT,0,60.4,1791471051.5841591,0.0015797615051269531,0.0,RGB,0.0,0,1,0,UNCALIBRATED,PREPARATION,MID,STRAIGHT,1.0,344,1.0,6.871725559234619,0.29188233613967896,nan,nan,False,0.0,0.0,0.0,0.0,0,0,0,0,0,0.0,0.0,0.0,0.0,0.0,0.0,0.0,0.0,0.0,0.0,0.0,0.0,0.0,0.0,6.58107853842927,-0.25653601272616555,-1.9606650914673764,0.0,0.0,0.0,0.0,0.0,0.0,0.0,0.0,0.0,0.0,0.0,False,DISABLED,0,nan,nan,nan,nan,nan,nan,nan,nan,nan,nan,nan,nan,nan,nan,nan,nan,nan,nan,nan,nan,nan,nan,nan,nan,nan,nan,nan,nan,nan,nan,nan,nan,nan,nan,54.8031672122462,6.61650841317261,0.08992286322651927,0.022116822304454206,0.022116822304454206,0.022116822304454206,54.77137970177327,6.67363400179235,0.13053419224788868,0.031787510472931046,-0.05712558861973971,-0.04061132902136941,0.06537414395017678,0.0769614107335641,0.017369985580444336,False,DISABLED,none,MODEL_ORIGIN_FRAME_NOT_ESTABLISHED,nan,nan,nan,nan,nan,nan,nan,nan,nan,nan,nan,nan,nan,NOT_EVALUATED,nan,nan,nan,nan,DISABLED,nan,nan,nan,nan,nan,nan
1791471051.636159,1791471051.660953,1791471051.6657057,1791471051.665743,front_rgbd_red_sphere,True,True,True,,60.452,60.452,1791471051.660953,1791471051.6597507,1791471051.636159,1791471051.636159,1791471051.636159,0.0,1791471050.652167,1791471051.6521826,1791471051.643446,1791471051.6521826,1791471051.643446,1791471051.6521826,1791471050.652167,1791471051.6521826,1791471050.652167,1791471051.6521826,1791470991.184159,GAZEBO_CLOCK_SYSTEM_INTERPOLATION,MAPPED_EXACT,0,60.452,1791471051.636159,0.0012850761413574219,0.0,RGB,0.0,0,1,0,UNCALIBRATED,PREPARATION,MID,STRAIGHT,1.0,345,1.0,6.863945007324219,0.29133301973342896,nan,nan,False,0.0,0.0,0.0,0.0,0,0,0,0,0,0.0,0.0,0.0,0.0,0.0,0.0,0.0,0.0,0.0,0.0,0.0,0.0,0.0,0.0,6.574710992893512,-0.25325865005980575,-1.9551919775183055,0.0,0.0,0.0,0.0,0.0,0.0,0.0,0.0,0.0,0.0,0.0,False,DISABLED,0,nan,nan,nan,nan,nan,nan,nan,nan,nan,nan,nan,nan,nan,nan,nan,nan,nan,nan,nan,nan,nan,nan,nan,nan,nan,nan,nan,nan,nan,nan,nan,nan,nan,nan,54.65823429014135,6.478464150083045,0.08377832319529338,0.022093685942514835,0.022093685942514835,0.022093685942514835,54.621258479993,6.529895921847179,0.12407382588742194,0.03697581014834839,-0.051431771764133494,-0.04029550269212856,0.06334380540293283,0.07507439790058901,0.02479410171508789,False,DISABLED,none,MODEL_ORIGIN_FRAME_NOT_ESTABLISHED,nan,nan,nan,nan,nan,nan,nan,nan,nan,nan,nan,nan,nan,NOT_EVALUATED,nan,nan,nan,nan,DISABLED,nan,nan,nan,nan,nan,nan
1791471051.6841605,1791471051.703104,1791471051.7062306,1791471051.7062502,front_rgbd_red_sphere,True,True,True,,60.5,60.5,1791471051.703104,1791471051.702154,1791471051.6841605,1791471051.6841605,1791471051.6841605,0.0,1791471050.6721585,1791471051.6921647,1791471051.683476,1791471051.6921647,1791471051.683476,1791471051.6921647,1791471050.6681633,1791471051.6921647,1791471050.6721585,1791471051.6921647,1791470991.1841605,GAZEBO_CLOCK_SYSTEM_INTERPOLATION,MAPPED_EXACT,0,60.5,1791471051.6841605,0.003125905990600586,0.0,RGB,0.0,0,1,0,UNCALIBRATED,PREPARATION,MID,STRAIGHT,1.0,341,1.0,6.866140842437744,0.28929266333580017,nan,nan,False,0.0,0.0,0.0,0.0,0,0,0,0,0,0.0,0.0,0.0,0.0,0.0,0.0,0.0,0.0,0.0,0.0,0.0,0.0,0.0,0.0,6.580824734417683,-0.2511985331998652,-1.942559683046989,0.0,0.0,0.0,0.0,0.0,0.0,0.0,0.0,0.0,0.0,0.0,False,DISABLED,0,nan,nan,nan,nan,nan,nan,nan,nan,nan,nan,nan,nan,nan,nan,nan,nan,nan,nan,nan,nan,nan,nan,nan,nan,nan,nan,nan,nan,nan,nan,nan,nan,nan,nan,54.513525837556685,6.34019226368153,0.07642109900655131,0.02210021499174926,0.02210021499174926,0.02210021499174926,54.48265392114896,6.396937296089261,0.11738808448228918,0.03087191640772602,-0.05674503240773099,-0.04096698547573788,0.06459933378634847,0.07649423393046943,0.01894354820251465,False,DISABLED,none,MODEL_ORIGIN_FRAME_NOT_ESTABLISHED,nan,nan,nan,nan,nan,nan,nan,nan,nan,nan,nan,nan,nan,NOT_EVALUATED,nan,nan,nan,nan,DISABLED,nan,nan,nan,nan,nan,nan
1791471051.7361605,1791471051.7662404,1791471051.7700493,1791471051.770069,front_rgbd_red_sphere,True,True,True,,60.552,60.552,1791471051.7662404,1791471051.765501,1791471051.7361605,1791471051.7361605,1791471051.7361605,0.0,1791471050.748189,1791471051.7481933,1791471051.739476,1791471051.7481933,1791471051.743476,1791471051.7521691,1791471050.748189,1791471051.7481933,1791471050.7321584,1791471051.7521691,1791470991.1841605,GAZEBO_CLOCK_SYSTEM_INTERPOLATION,MAPPED_EXACT,0,60.552,1791471051.7361605,0.002285480499267578,0.0,RGB,0.0,0,1,0,UNCALIBRATED,PREPARATION,MID,STRAIGHT,1.0,347,1.0,6.8571929931640625,0.288792222738266,nan,nan,False,0.0,0.0,0.0,0.0,0,0,0,0,0,0.0,0.0,0.0,0.0,0.0,0.0,0.0,0.0,0.0,0.0,0.0,0.0,0.0,0.0,6.573226676515655,-0.2475769474028766,-1.9371352944635927,0.0,0.0,0.0,0.0,0.0,0.0,0.0,0.0,0.0,0.0,0.0,False,DISABLED,0,nan,nan,nan,nan,nan,nan,nan,nan,nan,nan,nan,nan,nan,nan,nan,nan,nan,nan,nan,nan,nan,nan,nan,nan,nan,nan,nan,nan,nan,nan,nan,nan,nan,nan,54.36904386240127,6.201901219856387,0.06852614512641436,0.022073618512960212,0.022073618512960212,0.022073618512960212,54.33272670068415,6.252841246200936,0.10937789098186329,0.03631716171712185,-0.050940026344549416,-0.04085174585544893,0.06256055082215124,0.07471738525008191,0.03007984161376953,False,DISABLED,none,MODEL_ORIGIN_FRAME_NOT_ESTABLISHED,nan,nan,nan,nan,nan,nan,nan,nan,nan,nan,nan,nan,nan,NOT_EVALUATED,nan,nan,nan,nan,DISABLED,nan,nan,nan,nan,nan,nan
1791471051.784156,1791471051.8031187,1791471051.8074453,1791471051.8074825,front_rgbd_red_sphere,True,True,True,,60.6,60.6,1791471051.8031187,1791471051.801504,1791471051.784156,1791471051.784156,1791471051.784156,0.0,1791471050.7921803,1791471051.7881672,1791471051.779476,1791471051.7881672,1791471051.7834759,1791471051.7921956,1791471050.7721562,1791471051.7881672,1791471050.7921803,1791471051.7921956,1791470991.1841562,GAZEBO_CLOCK_SYSTEM_INTERPOLATION,MAPPED_EXACT,0,60.6,1791471051.784156,0.0031549930572509766,0.0,RGB,0.0,0,1,0,UNCALIBRATED,PREPARATION,MID,STRAIGHT,1.0,343,1.0,6.858237266540527,0.286296010017395,nan,nan,False,0.0,0.0,0.0,0.0,0,0,0,0,0,0.0,0.0,0.0,0.0,0.0,0.0,0.0,0.0,0.0,0.0,0.0,0.0,0.0,0.0,6.57908286007363,-0.24506563315837404,-1.9212057057288678,0.0,0.0,0.0,0.0,0.0,0.0,0.0,0.0,0.0,0.0,0.0,False,DISABLED,0,nan,nan,nan,nan,nan,nan,nan,nan,nan,nan,nan,nan,nan,nan,nan,nan,nan,nan,nan,nan,nan,nan,nan,nan,nan,nan,nan,nan,nan,nan,nan,nan,nan,nan,54.224549080524405,6.063441583595464,0.059621538177950184,0.022076721771018368,0.022076721771018368,0.022076721771018368,54.194357627863305,6.1196182068132625,0.10134718296908758,0.030191452661100016,-0.05617662321779893,-0.0417256447911374,0.0637756756917713,0.07621263834285072,0.018962621688842773,False,DISABLED,none,MODEL_ORIGIN_FRAME_NOT_ESTABLISHED,nan,nan,nan,nan,nan,nan,nan,nan,nan,nan,nan,nan,nan,NOT_EVALUATED,nan,nan,nan,nan,DISABLED,nan,nan,nan,nan,nan,nan
1791471051.836166,1791471051.8610337,1791471051.867485,1791471051.8675241,front_rgbd_red_sphere,True,True,True,,60.652,60.652,1791471051.8610337,1791471051.8584342,1791471051.836166,1791471051.836166,1791471051.836166,0.0,1791471050.8521748,1791471051.852194,1791471051.8434758,1791471051.852194,1791471051.8434758,1791471051.852194,1791471050.8521748,1791471051.852194,1791471050.8521748,1791471051.852194,1791470991.184166,GAZEBO_CLOCK_SYSTEM_INTERPOLATION,MAPPED_EXACT,0,60.652,1791471051.836166,0.0013992786407470703,0.0,RGB,0.0,0,1,0,UNCALIBRATED,PREPARATION,MID,STRAIGHT,1.0,347,1.0,6.848231792449951,0.2853811979293823,nan,nan,False,0.0,0.0,0.0,0.0,0,0,0,0,0,0.0,0.0,0.0,0.0,0.0,0.0,0.0,0.0,0.0,0.0,0.0,0.0,0.0,0.0,6.571250758900675,-0.2409219960366631,-1.9128239841609833,0.0,0.0,0.0,0.0,0.0,0.0,0.0,0.0,0.0,0.0,0.0,False,DISABLED,0,nan,nan,nan,nan,nan,nan,nan,nan,nan,nan,nan,nan,nan,nan,nan,nan,nan,nan,nan,nan,nan,nan,nan,nan,nan,nan,nan,nan,nan,nan,nan,nan,nan,nan,54.08070776881998,5.925360347764055,0.050484083130978574,0.0220469980545085,0.0220469980545085,0.0220469980545085,54.04465601887123,5.975221803936456,0.09198535957928607,0.03605174994874716,-0.04986145617240112,-0.04150127644830749,0.061529614707060115,0.07421758169624035,0.024867773056030273,False,DISABLED,none,MODEL_ORIGIN_FRAME_NOT_ESTABLISHED,nan,nan,nan,nan,nan,nan,nan,nan,nan,nan,nan,nan,nan,NOT_EVALUATED,nan,nan,nan,nan,DISABLED,nan,nan,nan,nan,nan,nan
1791471051.8841596,1791471051.9081705,1791471051.914109,1791471051.9141524,front_rgbd_red_sphere,True,True,True,,60.7,60.7,1791471051.9081705,1791471051.9058514,1791471051.8841596,1791471051.8841596,1791471051.8841596,0.0,1791471050.8721619,1791471051.8921678,1791471051.883476,1791471051.8921678,1791471051.883476,1791471051.8921678,1791471050.8681684,1791471051.8921678,1791471050.8721619,1791471051.8921678,1791470991.1841595,GAZEBO_CLOCK_SYSTEM_INTERPOLATION,MAPPED_EXACT,0,60.7,1791471051.8841596,0.0005292892456054688,0.0,RGB,0.0,0,1,0,UNCALIBRATED,PREPARATION,MID,STRAIGHT,1.0,344,1.0,6.848549842834473,0.2827100157737732,nan,nan,False,0.0,0.0,0.0,0.0,0,0,0,0,0,0.0,0.0,0.0,0.0,0.0,0.0,0.0,0.0,0.0,0.0,0.0,0.0,0.0,0.0,6.57668282389236,-0.23802385522342107,-1.8955797017337055,0.0,0.0,0.0,0.0,0.0,0.0,0.0,0.0,0.0,0.0,0.0,False,DISABLED,0,nan,nan,nan,nan,nan,nan,nan,nan,nan,nan,nan,nan,nan,nan,nan,nan,nan,nan,nan,nan,nan,nan,nan,nan,nan,nan,nan,nan,nan,nan,nan,nan,nan,nan,53.93637552464313,5.786297907956287,0.04079716733444011,0.022047943195288886,0.022047943195288886,0.022047943195288886,53.90655227794063,5.841788704194851,0.08281046258659838,0.029823246702505912,-0.05549079623856379,-0.04201329525215827,0.06299725796467918,0.07572167119796921,0.024010896682739258,False,DISABLED,none,MODEL_ORIGIN_FRAME_NOT_ESTABLISHED,nan,nan,nan,nan,nan,nan,nan,nan,nan,nan,nan,nan,nan,NOT_EVALUATED,nan,nan,nan,nan,DISABLED,nan,nan,nan,nan,nan,nan
1791471051.9361596,1791471051.9540625,1791471051.9610536,1791471051.9610775,front_rgbd_red_sphere,True,True,True,,60.752,60.752,1791471051.9540625,1791471051.952351,1791471051.9361596,1791471051.9361596,1791471051.9361596,0.0,1791471050.9521706,1791471051.9481974,1791471051.939476,1791471051.9481974,1791471051.943476,1791471051.952175,1791471050.9321568,1791471051.9481974,1791471050.9521706,1791471051.952175,1791470991.1841595,GAZEBO_CLOCK_SYSTEM_INTERPOLATION,MAPPED_EXACT,0,60.752,1791471051.9361596,0.0016109943389892578,0.0,RGB,0.0,0,1,0,UNCALIBRATED,PREPARATION,MID,STRAIGHT,1.0,343,1.0,6.8376665115356445,0.2814801335334778,nan,nan,False,0.0,0.0,0.0,0.0,0,0,0,0,0,0.0,0.0,0.0,0.0,0.0,0.0,0.0,0.0,0.0,0.0,0.0,0.0,0.0,0.0,6.568572396842928,-0.23362422761965007,-1.8849293239059417,0.0,0.0,0.0,0.0,0.0,0.0,0.0,0.0,0.0,0.0,0.0,False,DISABLED,0,nan,nan,nan,nan,nan,nan,nan,nan,nan,nan,nan,nan,nan,nan,nan,nan,nan,nan,nan,nan,nan,nan,nan,nan,nan,nan,nan,nan,nan,nan,nan,nan,nan,nan,53.79238542628941,5.647719592060889,0.030550622139729866,0.02201563450021677,0.02201563450021677,0.02201563450021677,53.75709598181185,5.697138248310241,0.07232971936509773,0.035289444477555776,-0.04941865624935193,-0.041779097225367864,0.06072518815965993,0.07370916796432343,0.017902851104736328,False,DISABLED,none,MODEL_ORIGIN_FRAME_NOT_ESTABLISHED,nan,nan,nan,nan,nan,nan,nan,nan,nan,nan,nan,nan,nan,NOT_EVALUATED,nan,nan,nan,nan,DISABLED,nan,nan,nan,nan,nan,nan
1791471051.98416,1791471052.0144322,1791471052.0176628,1791471052.0176828,front_rgbd_red_sphere,True,True,True,,60.8,60.8,1791471052.0144322,1791471052.0045552,1791471051.98416,1791471051.98416,1791471051.98416,0.0,1791471050.988176,1791471051.9882019,1791471051.979476,1791471051.9882019,1791471051.983476,1791471051.992166,1791471050.988176,1791471051.9882019,1791471050.972161,1791471051.992166,1791470991.18416,GAZEBO_CLOCK_SYSTEM_INTERPOLATION,MAPPED_EXACT,0,60.8,1791471051.98416,0.0025949478149414062,0.0,RGB,0.0,0,1,0,UNCALIBRATED,PREPARATION,MID,STRAIGHT,1.0,342,1.0,6.836862087249756,0.27865710854530334,nan,nan,False,0.0,0.0,0.0,0.0,0,0,0,0,0,0.0,0.0,0.0,0.0,0.0,0.0,0.0,0.0,0.0,0.0,0.0,0.0,0.0,0.0,6.573134782515733,-0.23029407081520148,-1.8664260140156017,0.0,0.0,0.0,0.0,0.0,0.0,0.0,0.0,0.0,0.0,0.0,False,DISABLED,0,nan,nan,nan,nan,nan,nan,nan,nan,nan,nan,nan,nan,nan,nan,nan,nan,nan,nan,nan,nan,nan,nan,nan,nan,nan,nan,nan,nan,nan,nan,nan,nan,nan,nan,53.64896220084413,5.508908856737049,0.019647859564799808,0.02201324746296991,0.02201324746296991,0.02201324746296991,53.61917586007268,5.563440909544145,0.06223169043802289,0.02978634077145159,-0.05453205280709561,-0.04258383087322308,0.062136711209307686,0.07532830498390476,0.030272245407104492,False,DISABLED,none,MODEL_ORIGIN_FRAME_NOT_ESTABLISHED,nan,nan,nan,nan,nan,nan,nan,nan,nan,nan,nan,nan,nan,NOT_EVALUATED,nan,nan,nan,nan,DISABLED,nan,nan,nan,nan,nan,nan
1791471052.0361567,1791471052.055701,1791471052.0643642,1791471052.0644677,front_rgbd_red_sphere,True,True,True,,60.852,60.852,1791471052.055701,1791471052.0548308,1791471052.0361567,1791471052.0361567,1791471052.0361567,0.0,1791471051.0521688,1791471052.0522,1791471052.0434759,1791471052.0522,1791471052.0434759,1791471052.0522,1791471051.0521688,1791471052.0522,1791471051.0521688,1791471052.0522,1791470991.1841567,GAZEBO_CLOCK_SYSTEM_INTERPOLATION,MAPPED_EXACT,0,60.852,1791471052.0361567,0.0018079280853271484,0.0,RGB,0.0,0,1,0,UNCALIBRATED,PREPARATION,MID,STRAIGHT,1.0,344,1.0,6.825357437133789,0.2774510681629181,nan,nan,False,0.0,0.0,0.0,0.0,0,0,0,0,0,0.0,0.0,0.0,0.0,0.0,0.0,0.0,0.0,0.0,0.0,0.0,0.0,0.0,0.0,6.564333390335628,-0.22556360004263354,-1.8558425480760405,0.0,0.0,0.0,0.0,0.0,0.0,0.0,0.0,0.0,0.0,0.0,False,DISABLED,0,nan,nan,nan,nan,nan,nan,nan,nan,nan,nan,nan,nan,nan,nan,nan,nan,nan,nan,nan,nan,nan,nan,nan,nan,nan,nan,nan,nan,nan,nan,nan,nan,nan,nan,53.505311272562125,5.369649326863692,0.00870648828612991,0.02197912214353117,0.02197912214353117,0.02197912214353117,53.46997128738097,5.4185691685481645,0.05089117964699545,0.03533998518115311,-0.04891984168447294,-0.04218469136086554,0.06034952744668361,0.07363160767122705,0.019544363021850586,False,DISABLED,none,MODEL_ORIGIN_FRAME_NOT_ESTABLISHED,nan,nan,nan,nan,nan,nan,nan,nan,nan,nan,nan,nan,nan,NOT_EVALUATED,nan,nan,nan,nan,DISABLED,nan,nan,nan,nan,nan,nan
1791471052.0841622,1791471052.1117687,1791471052.1166227,1791471052.1166418,front_rgbd_red_sphere,True,True,True,,60.9,60.9,1791471052.1117687,1791471052.10124,1791471052.0841622,1791471052.0841622,1791471052.0841622,0.0,1791471051.0921736,1791471052.0921767,1791471052.0834758,1791471052.0921767,1791471052.0834758,1791471052.0921767,1791471051.0921736,1791471052.0921767,1791471051.0921736,1791471052.0921767,1791470991.1841621,GAZEBO_CLOCK_SYSTEM_INTERPOLATION,MAPPED_EXACT,0,60.9,1791471052.0841622,0.0040090084075927734,0.0,RGB,0.0,0,1,0,UNCALIBRATED,PREPARATION,MID,STRAIGHT,1.0,345,1.0,6.824061393737793,0.2750324308872223,nan,nan,False,0.0,0.0,0.0,0.0,0,0,0,0,0,0.0,0.0,0.0,0.0,0.0,0.0,0.0,0.0,0.0,0.0,0.0,0.0,0.0,0.0,6.56758867568274,-0.22207999364734832,-1.8399118835136559,0.0,0.0,0.0,0.0,0.0,0.0,0.0,0.0,0.0,0.0,0.0,False,DISABLED,0,nan,nan,nan,nan,nan,nan,nan,nan,nan,nan,nan,nan,nan,nan,nan,nan,nan,nan,nan,nan,nan,nan,nan,nan,nan,nan,nan,nan,nan,nan,nan,nan,nan,nan,53.36234970838157,5.230351809159996,-0.002737232767986819,0.02197528013539867,0.02197528013539867,0.02197528013539867,53.33227625736949,5.284672345766599,0.040122777697098204,0.030073451012079033,-0.0543205366066033,-0.04286001046508502,0.062089718577275306,0.07544609764641538,0.027606487274169922,False,DISABLED,none,MODEL_ORIGIN_FRAME_NOT_ESTABLISHED,nan,nan,nan,nan,nan,nan,nan,nan,nan,nan,nan,nan,nan,NOT_EVALUATED,nan,nan,nan,nan,DISABLED,nan,nan,nan,nan,nan,nan
1791471052.1361578,1791471052.1535852,1791471052.160954,1791471052.1609745,front_rgbd_red_sphere,True,True,True,,60.952,60.952,1791471052.1535852,1791471052.152146,1791471052.1361578,1791471052.1361578,1791471052.1361578,0.0,1791471051.1521723,1791471052.1481736,1791471052.1394758,1791471052.1481736,1791471052.143476,1791471052.1521988,1791471051.1481667,1791471052.1481736,1791471051.1521723,1791471052.1521988,1791470991.1841578,GAZEBO_CLOCK_SYSTEM_INTERPOLATION,MAPPED_EXACT,0,60.952,1791471052.1361578,0.0015616416931152344,0.0,RGB,0.0,0,1,0,UNCALIBRATED,PREPARATION,MID,STRAIGHT,1.0,349,1.0,6.811882972717285,0.2741800844669342,nan,nan,False,0.0,0.0,0.0,0.0,0,0,0,0,0,0.0,0.0,0.0,0.0,0.0,0.0,0.0,0.0,0.0,0.0,0.0,0.0,0.0,0.0,6.557442218717768,-0.21710758093284888,-1.831547263513059,0.0,0.0,0.0,0.0,0.0,0.0,0.0,0.0,0.0,0.0,0.0,False,DISABLED,0,nan,nan,nan,nan,nan,nan,nan,nan,nan,nan,nan,nan,nan,nan,nan,nan,nan,nan,nan,nan,nan,nan,nan,nan,nan,nan,nan,nan,nan,nan,nan,nan,nan,nan,53.219186096196296,5.090817179513964,-0.014263167669775478,0.02193918769756973,0.02193918769756973,0.02193918769756973,53.18332968448237,5.1396120459293995,0.02820384295165484,0.0358564117139224,-0.0487948664154354,-0.04246701062143032,0.06055263206086501,0.07395990968503932,0.017427444458007812,False,DISABLED,none,MODEL_ORIGIN_FRAME_NOT_ESTABLISHED,nan,nan,nan,nan,nan,nan,nan,nan,nan,nan,nan,nan,nan,NOT_EVALUATED,nan,nan,nan,nan,DISABLED,nan,nan,nan,nan,nan,nan
1791471052.1841607,1791471052.2009466,1791471052.20435,1791471052.2043715,front_rgbd_red_sphere,True,True,True,,61.0,61.0,1791471052.2009466,1791471052.2001011,1791471052.1841607,1791471052.1841607,1791471052.1841607,0.0,1791471051.192173,1791471052.1881738,1791471052.179476,1791471052.1881738,1791471052.183476,1791471052.192177,1791471051.1721585,1791471052.1881738,1791471051.192173,1791471052.192177,1791470991.1841607,GAZEBO_CLOCK_SYSTEM_INTERPOLATION,MAPPED_EXACT,0,61.0,1791471052.1841607,0.0011658668518066406,0.0,RGB,0.0,0,1,0,UNCALIBRATED,PREPARATION,MID,STRAIGHT,1.0,342,1.0,6.810369491577148,0.27139320969581604,nan,nan,False,0.0,0.0,0.0,0.0,0,0,0,0,0,0.0,0.0,0.0,0.0,0.0,0.0,0.0,0.0,0.0,0.0,0.0,0.0,0.0,0.0,6.561098957858069,-0.213360292307744,-1.8131722066652038,0.0,0.0,0.0,0.0,0.0,0.0,0.0,0.0,0.0,0.0,0.0,False,DISABLED,0,nan,nan,nan,nan,nan,nan,nan,nan,nan,nan,nan,nan,nan,nan,nan,nan,nan,nan,nan,nan,nan,nan,nan,nan,nan,nan,nan,nan,nan,nan,nan,nan,nan,nan,53.07614518795367,4.9511590066435,-0.025751158934538887,0.021934705097575995,0.021934705097575995,0.021934705097575995,53.0458342944872,5.005515111575857,0.017029215683837248,0.030310893466470645,-0.05435610493235732,-0.04278037461837614,0.062236134248145364,0.07552149931404814,0.016785860061645508,False,DISABLED,none,MODEL_ORIGIN_FRAME_NOT_ESTABLISHED,nan,nan,nan,nan,nan,nan,nan,nan,nan,nan,nan,nan,nan,NOT_EVALUATED,nan,nan,nan,nan,DISABLED,nan,nan,nan,nan,nan,nan
1791471052.236158,1791471052.2545104,1791471052.2615938,1791471052.2616117,front_rgbd_red_sphere,True,True,True,,61.052,61.052,1791471052.2545104,1791471052.2524648,1791471052.236158,1791471052.236158,1791471052.236158,0.0,1791471051.2321832,1791471052.2521696,1791471052.243476,1791471052.2521696,1791471052.243476,1791471052.2521696,1791471051.22817,1791471052.2521696,1791471051.2321832,1791471052.2521696,1791470991.1841578,GAZEBO_CLOCK_SYSTEM_INTERPOLATION,MAPPED_EXACT,0,61.052,1791471052.236158,0.0016889572143554688,0.0,RGB,0.0,0,1,0,UNCALIBRATED,PREPARATION,MID,STRAIGHT,1.0,342,1.0,6.798037052154541,0.27046072483062744,nan,nan,False,0.0,0.0,0.0,0.0,0,0,0,0,0,0.0,0.0,0.0,0.0,0.0,0.0,0.0,0.0,0.0,0.0,0.0,0.0,0.0,0.0,6.550913959577685,-0.20830737865365379,-1.8042836050545858,0.0,0.0,0.0,0.0,0.0,0.0,0.0,0.0,0.0,0.0,0.0,False,DISABLED,0,nan,nan,nan,nan,nan,nan,nan,nan,nan,nan,nan,nan,nan,nan,nan,nan,nan,nan,nan,nan,nan,nan,nan,nan,nan,nan,nan,nan,nan,nan,nan,nan,nan,nan,52.9334915148649,4.811386177829167,-0.03691671434080307,0.021898189457761,0.021898189457761,0.021898189457761,52.89713608899164,4.860282964614324,0.004825740166897826,0.03635542587326057,-0.048896786785157076,-0.041742454507700893,0.060931213251824025,0.07385827818644795,0.018352508544921875,False,DISABLED,none,MODEL_ORIGIN_FRAME_NOT_ESTABLISHED,nan,nan,nan,nan,nan,nan,nan,nan,nan,nan,nan,nan,nan,NOT_EVALUATED,nan,nan,nan,nan,DISABLED,nan,nan,nan,nan,nan,nan
1791471052.28419,1791471052.3025453,1791471052.3057637,1791471052.3057847,front_rgbd_red_sphere,True,True,True,,61.1,61.1,1791471052.3025453,1791471052.301143,1791471052.28419,1791471052.28419,1791471052.28419,0.0,1791471051.2721543,1791471052.2921677,1791471052.2834759,1791471052.2921677,1791471052.2834759,1791471052.2921677,1791471051.2681575,1791471052.2921677,1791471051.2721543,1791471052.2921677,1791470991.18419,GAZEBO_CLOCK_SYSTEM_INTERPOLATION,MAPPED_EXACT,0,61.1,1791471052.28419,0.002607107162475586,0.0,RGB,0.0,0,1,0,UNCALIBRATED,PREPARATION,MID,STRAIGHT,1.0,343,1.0,6.796112537384033,0.26833879947662354,nan,nan,False,0.0,0.0,0.0,0.0,0,0,0,0,0,0.0,0.0,0.0,0.0,0.0,0.0,0.0,0.0,0.0,0.0,0.0,0.0,0.0,0.0,6.552897747150621,-0.20433075376868182,-1.790230543918339,0.0,0.0,0.0,0.0,0.0,0.0,0.0,0.0,0.0,0.0,0.0,False,DISABLED,0,nan,nan,nan,nan,nan,nan,nan,nan,nan,nan,nan,nan,nan,nan,nan,nan,nan,nan,nan,nan,nan,nan,nan,nan,nan,nan,nan,nan,nan,nan,nan,nan,nan,nan,52.79105924997794,4.6716496812057855,-0.04881767515496177,0.021892494561180833,0.021892494561180833,0.021892494561180833,52.75966818999532,4.7258409986909165,-0.0064932329605763795,0.03139105998262437,-0.05419131748513095,-0.042324442194385394,0.06262665197507353,0.07558740599248562,0.018355369567871094,False,DISABLED,none,MODEL_ORIGIN_FRAME_NOT_ESTABLISHED,nan,nan,nan,nan,nan,nan,nan,nan,nan,nan,nan,nan,nan,NOT_EVALUATED,nan,nan,nan,nan,DISABLED,nan,nan,nan,nan,nan,nan
1791471052.3361657,1791471052.3623807,1791471052.3656015,1791471052.3656218,front_rgbd_red_sphere,True,True,True,,61.152,61.152,1791471052.3623807,1791471052.3615012,1791471052.3361657,1791471052.3361657,1791471052.3361657,0.0,1791471051.352173,1791471052.348173,1791471052.3394759,1791471052.348173,1791471052.3434758,1791471052.3521757,1791471051.3481624,1791471052.348173,1791471051.352173,1791471052.3521757,1791470991.1841657,GAZEBO_CLOCK_SYSTEM_INTERPOLATION,MAPPED_EXACT,0,61.152,1791471052.3361657,0.0023636817932128906,0.0,RGB,0.0,0,1,0,UNCALIBRATED,PREPARATION,MID,STRAIGHT,1.0,346,1.0,6.783810615539551,0.2682974338531494,nan,nan,False,0.0,0.0,0.0,0.0,0,0,0,0,0,0.0,0.0,0.0,0.0,0.0,0.0,0.0,0.0,0.0,0.0,0.0,0.0,0.0,0.0,6.5411106554357445,-0.19899365837364513,-1.7872777852415922,0.0,0.0,0.0,0.0,0.0,0.0,0.0,0.0,0.0,0.0,0.0,False,DISABLED,0,nan,nan,nan,nan,nan,nan,nan,nan,nan,nan,nan,nan,nan,nan,nan,nan,nan,nan,nan,nan,nan,nan,nan,nan,nan,nan,nan,nan,nan,nan,nan,nan,nan,nan,52.648838117436966,4.53195137247951,-0.06073343606229192,0.02185610617574466,0.02185610617574466,0.02185610617574466,52.61120090700855,4.580445375923904,-0.018681191803796224,0.03763721042841439,-0.04849400344439392,-0.0420522442584957,0.06138589397327072,0.07440846205959252,0.026215076446533203,False,DISABLED,none,MODEL_ORIGIN_FRAME_NOT_ESTABLISHED,nan,nan,nan,nan,nan,nan,nan,nan,nan,nan,nan,nan,nan,NOT_EVALUATED,nan,nan,nan,nan,DISABLED,nan,nan,nan,nan,nan,nan
1791471052.384161,1791471052.4052453,1791471052.410212,1791471052.410249,front_rgbd_red_sphere,True,True,True,,61.2,61.2,1791471052.4052453,1791471052.4036627,1791471052.384161,1791471052.384161,1791471052.384161,0.0,1791471051.3921692,1791471052.3881905,1791471052.3794758,1791471052.3881905,1791471052.383476,1791471052.3921747,1791471051.3881736,1791471052.3881905,1791471051.3921692,1791471052.3921747,1791470991.184161,GAZEBO_CLOCK_SYSTEM_INTERPOLATION,MAPPED_EXACT,0,61.2,1791471052.384161,0.001378774642944336,0.0,RGB,0.0,0,1,0,UNCALIBRATED,PREPARATION,MID,STRAIGHT,1.0,350,1.0,6.782183647155762,0.2666199505329132,nan,nan,False,0.0,0.0,0.0,0.0,0,0,0,0,0,0.0,0.0,0.0,0.0,0.0,0.0,0.0,0.0,0.0,0.0,0.0,0.0,0.0,0.0,6.542548417567916,-0.19473517508390437,-1.7762750374219678,0.0,0.0,0.0,0.0,0.0,0.0,0.0,0.0,0.0,0.0,0.0,False,DISABLED,0,nan,nan,nan,nan,nan,nan,nan,nan,nan,nan,nan,nan,nan,nan,nan,nan,nan,nan,nan,nan,nan,nan,nan,nan,nan,nan,nan,nan,nan,nan,nan,nan,nan,nan,52.50626148950413,4.391888486626867,-0.07295375308245239,0.021851295243984395,0.021851295243984395,0.021851295243984395,52.47404738101726,4.445962379332628,-0.029841437929637088,0.032214108486876114,-0.05407389270576157,-0.0431123151528153,0.06294231214340984,0.0762915878442316,0.021084308624267578,False,DISABLED,none,MODEL_ORIGIN_FRAME_NOT_ESTABLISHED,nan,nan,nan,nan,nan,nan,nan,nan,nan,nan,nan,nan,nan,NOT_EVALUATED,nan,nan,nan,nan,DISABLED,nan,nan,nan,nan,nan,nan
1791471052.4361622,1791471052.4602382,1791471052.4666786,1791471052.4666986,front_rgbd_red_sphere,True,True,True,,61.252,61.252,1791471052.4602382,1791471052.4565885,1791471052.4361622,1791471052.4361622,1791471052.4361622,0.0,1791471051.452164,1791471052.4521766,1791471052.443476,1791471052.4521766,1791471052.443476,1791471052.4521766,1791471051.452164,1791471052.4521766,1791471051.452164,1791471052.4521766,1791470991.1841621,GAZEBO_CLOCK_SYSTEM_INTERPOLATION,MAPPED_EXACT,0,61.252,1791471052.4361622,0.0005440711975097656,0.0,RGB,0.0,0,1,0,UNCALIBRATED,PREPARATION,MID,STRAIGHT,1.0,351,1.0,6.769994258880615,0.2667178511619568,nan,nan,False,0.0,0.0,0.0,0.0,0,0,0,0,0,0.0,0.0,0.0,0.0,0.0,0.0,0.0,0.0,0.0,0.0,0.0,0.0,0.0,0.0,6.530615003391645,-0.18927665693738582,-1.7742782271051336,0.0,0.0,0.0,0.0,0.0,0.0,0.0,0.0,0.0,0.0,0.0,False,DISABLED,0,nan,nan,nan,nan,nan,nan,nan,nan,nan,nan,nan,nan,nan,nan,nan,nan,nan,nan,nan,nan,nan,nan,nan,nan,nan,nan,nan,nan,nan,nan,nan,nan,nan,nan,52.363493972528474,4.251664947672231,-0.08531676157912921,0.021815272808886427,0.021815272808886427,0.021815272808886427,52.3256373573057,4.300258033988188,-0.04172681051613853,0.03785661522277195,-0.04859308631595649,-0.04358995106299068,0.06159879344463662,0.07546187903510572,0.024075984954833984,False,DISABLED,none,MODEL_ORIGIN_FRAME_NOT_ESTABLISHED,nan,nan,nan,nan,nan,nan,nan,nan,nan,nan,nan,nan,nan,NOT_EVALUATED,nan,nan,nan,nan,DISABLED,nan,nan,nan,nan,nan,nan
1791471052.4841638,1791471052.513359,1791471052.5169835,1791471052.5170028,front_rgbd_red_sphere,True,True,True,,61.3,61.3,1791471052.513359,1791471052.5116673,1791471052.4841638,1791471052.4841638,1791471052.4841638,0.0,1791471051.4921677,1791471052.4921904,1791471052.483476,1791471052.4921904,1791471052.483476,1791471052.4921904,1791471051.4921677,1791471052.4921904,1791471051.4921677,1791471052.4921904,1791470991.1841638,GAZEBO_CLOCK_SYSTEM_INTERPOLATION,MAPPED_EXACT,0,61.3,1791471052.4841638,0.0014526844024658203,0.0,RGB,0.0,0,1,0,UNCALIBRATED,PREPARATION,MID,STRAIGHT,1.0,346,1.0,6.768573760986328,0.2650779187679291,nan,nan,False,0.0,0.0,0.0,0.0,0,0,0,0,0,0.0,0.0,0.0,0.0,0.0,0.0,0.0,0.0,0.0,0.0,0.0,0.0,0.0,0.0,6.532161844615921,-0.18523022318855809,-1.7635603871462866,0.0,0.0,0.0,0.0,0.0,0.0,0.0,0.0,0.0,0.0,0.0,False,DISABLED,0,nan,nan,nan,nan,nan,nan,nan,nan,nan,nan,nan,nan,nan,nan,nan,nan,nan,nan,nan,nan,nan,nan,nan,nan,nan,nan,nan,nan,nan,nan,nan,nan,nan,nan,52.221183606596,4.1116990877410435,-0.09742496810255113,0.021811077765631088,0.021811077765631088,0.021811077765631088,52.18870011382188,4.165661231171935,-0.0524609680246731,0.03248349277411933,-0.05396214343089145,-0.044964000077878034,0.06298484124344812,0.0773876703969423,0.029195308685302734,False,DISABLED,none,MODEL_ORIGIN_FRAME_NOT_ESTABLISHED,nan,nan,nan,nan,nan,nan,nan,nan,nan,nan,nan,nan,nan,NOT_EVALUATED,nan,nan,nan,nan,DISABLED,nan,nan,nan,nan,nan,nan
1791471052.5361564,1791471052.553326,1791471052.5609827,1791471052.5610034,front_rgbd_red_sphere,True,True,True,,61.352,61.352,1791471052.553326,1791471052.5523324,1791471052.5361564,1791471052.5361564,1791471052.5361564,0.0,1791471051.55216,1791471052.5481753,1791471052.539476,1791471052.5481753,1791471052.5434759,1791471052.5521653,1791471051.5481644,1791471052.5481753,1791471051.55216,1791471052.5521653,1791470991.1841564,GAZEBO_CLOCK_SYSTEM_INTERPOLATION,MAPPED_EXACT,0,61.352,1791471052.5361564,0.001268625259399414,0.0,RGB,0.0,0,1,0,UNCALIBRATED,PREPARATION,MID,STRAIGHT,1.0,349,1.0,6.756319046020508,0.26477620005607605,nan,nan,False,0.0,0.0,0.0,0.0,0,0,0,0,0,0.0,0.0,0.0,0.0,0.0,0.0,0.0,0.0,0.0,0.0,0.0,0.0,0.0,0.0,6.520868712480826,-0.18037833162443384,-1.7588580878405242,0.0,0.0,0.0,0.0,0.0,0.0,0.0,0.0,0.0,0.0,0.0,False,DISABLED,0,nan,nan,nan,nan,nan,nan,nan,nan,nan,nan,nan,nan,nan,nan,nan,nan,nan,nan,nan,nan,nan,nan,nan,nan,nan,nan,nan,nan,nan,nan,nan,nan,nan,nan,52.07855226360033,3.9715923323728353,-0.10915765374146064,0.021774895141550468,0.021774895141550468,0.021774895141550468,52.04046306905034,4.019785900622479,-0.0637401961630263,0.03808919454998971,-0.04819356824964416,-0.045417457578434337,0.06142806168275274,0.07639471326596467,0.017169475555419922,False,DISABLED,none,MODEL_ORIGIN_FRAME_NOT_ESTABLISHED,nan,nan,nan,nan,nan,nan,nan,nan,nan,nan,nan,nan,nan,NOT_EVALUATED,nan,nan,nan,nan,DISABLED,nan,nan,nan,nan,nan,nan
1791471052.5841575,1791471052.6113038,1791471052.6144671,1791471052.614487,front_rgbd_red_sphere,True,True,True,,61.4,61.4,1791471052.6113038,1791471052.6014423,1791471052.5841575,1791471052.5841575,1791471052.5841575,0.0,1791471051.592166,1791471052.5881758,1791471052.5794759,1791471052.5881758,1791471052.5834758,1791471052.5921762,1791471051.5881705,1791471052.5881758,1791471051.592166,1791471052.5921762,1791470991.1841574,GAZEBO_CLOCK_SYSTEM_INTERPOLATION,MAPPED_EXACT,0,61.4,1791471052.5841575,0.0033757686614990234,0.0,RGB,0.0,0,1,0,UNCALIBRATED,PREPARATION,MID,STRAIGHT,1.0,345,1.0,6.7554707527160645,0.26253417134284973,nan,nan,False,0.0,0.0,0.0,0.0,0,0,0,0,0,0.0,0.0,0.0,0.0,0.0,0.0,0.0,0.0,0.0,0.0,0.0,0.0,0.0,0.0,6.523996977575457,-0.17706222582538444,-1.744274753502042,0.0,0.0,0.0,0.0,0.0,0.0,0.0,0.0,0.0,0.0,0.0,False,DISABLED,0,nan,nan,nan,nan,nan,nan,nan,nan,nan,nan,nan,nan,nan,nan,nan,nan,nan,nan,nan,nan,nan,nan,nan,nan,nan,nan,nan,nan,nan,nan,nan,nan,nan,nan,51.935832317394286,3.831338341016339,-0.12026832181962627,0.02177239104071298,0.02177239104071298,0.02177239104071298,51.90377314958066,3.885128904411765,-0.07378178891328936,0.032059167813628164,-0.053790563395426094,-0.046486532906336905,0.06261960516722959,0.07798854206197003,0.027146339416503906,False,DISABLED,none,MODEL_ORIGIN_FRAME_NOT_ESTABLISHED,nan,nan,nan,nan,nan,nan,nan,nan,nan,nan,nan,nan,nan,NOT_EVALUATED,nan,nan,nan,nan,DISABLED,nan,nan,nan,nan,nan,nan
1791471052.6361585,1791471052.6640391,1791471052.6685019,1791471052.668575,front_rgbd_red_sphere,True,True,True,,61.452,61.452,1791471052.6640391,1791471052.6527472,1791471052.6361585,1791471052.6361585,1791471052.6361585,0.0,1791471051.6321602,1791471052.6521668,1791471052.643476,1791471052.6521668,1791471052.643476,1791471052.6521668,1791471051.6281633,1791471052.6521668,1791471051.6321602,1791471052.6521668,1791470991.1841586,GAZEBO_CLOCK_SYSTEM_INTERPOLATION,MAPPED_EXACT,0,61.452,1791471052.6361585,0.004112720489501953,0.0,RGB,0.0,0,1,0,UNCALIBRATED,PREPARATION,MID,STRAIGHT,1.0,347,1.0,6.743667125701904,0.26184943318367004,nan,nan,False,0.0,0.0,0.0,0.0,0,0,0,0,0,0.0,0.0,0.0,0.0,0.0,0.0,0.0,0.0,0.0,0.0,0.0,0.0,0.0,0.0,6.513795019452981,-0.1740925454750819,-1.7370130430811273,0.0,0.0,0.0,0.0,0.0,0.0,0.0,0.0,0.0,0.0,0.0,False,DISABLED,0,nan,nan,nan,nan,nan,nan,nan,nan,nan,nan,nan,nan,nan,nan,nan,nan,nan,nan,nan,nan,nan,nan,nan,nan,nan,nan,nan,nan,nan,nan,nan,nan,nan,nan,51.793250017209886,3.6908540485432684,-0.13108010377953944,0.021737572420380602,0.021737572420380602,0.021737572420380602,51.755662152917104,3.739060919509055,-0.08418022226163133,0.0375878642927816,-0.048206870965786575,-0.04689988151790811,0.06112896163361981,0.07704770494179812,0.02788066864013672,False,DISABLED,none,MODEL_ORIGIN_FRAME_NOT_ESTABLISHED,nan,nan,nan,nan,nan,nan,nan,nan,nan,nan,nan,nan,nan,NOT_EVALUATED,nan,nan,nan,nan,DISABLED,nan,nan,nan,nan,nan,nan
1791471052.684163,1791471052.7057412,1791471052.711154,1791471052.7111893,front_rgbd_red_sphere,True,True,True,,61.5,61.5,1791471052.7057412,1791471052.7042513,1791471052.684163,1791471052.684163,1791471052.684163,0.0,1791471051.6921647,1791471052.6921773,1791471052.683506,1791471052.6921773,1791471052.683506,1791471052.6921773,1791471051.6921647,1791471052.6921773,1791471051.6921647,1791471052.6921773,1791470991.184163,GAZEBO_CLOCK_SYSTEM_INTERPOLATION,MAPPED_EXACT,0,61.5,1791471052.684163,0.001985788345336914,0.0,RGB,0.0,0,1,0,UNCALIBRATED,PREPARATION,MID,STRAIGHT,1.0,352,1.0,6.743441581726074,0.25990891456604004,nan,nan,False,0.0,0.0,0.0,0.0,0,0,0,0,0,0.0,0.0,0.0,0.0,0.0,0.0,0.0,0.0,0.0,0.0,0.0,0.0,0.0,0.0,6.516952350451346,-0.1734403596012335,-1.7243132591023738,0.0,0.0,0.0,0.0,0.0,0.0,0.0,0.0,0.0,0.0,0.0,False,DISABLED,0,nan,nan,nan,nan,nan,nan,nan,nan,nan,nan,nan,nan,nan,nan,nan,nan,nan,nan,nan,nan,nan,nan,nan,nan,nan,nan,nan,nan,nan,nan,nan,nan,nan,nan,51.65084104782422,3.5507252637442077,-0.1409955501851456,0.021736907261604654,0.021736907261604654,0.021736907261604654,51.61900191438179,3.604151317960683,-0.09329634783480163,0.031839133442431944,-0.05342605421647528,-0.04769920235034396,0.06219383962666033,0.0783791272748415,0.021578073501586914,False,DISABLED,none,MODEL_ORIGIN_FRAME_NOT_ESTABLISHED,nan,nan,nan,nan,nan,nan,nan,nan,nan,nan,nan,nan,nan,NOT_EVALUATED,nan,nan,nan,nan,DISABLED,nan,nan,nan,nan,nan,nan
1791471052.7361598,1791471052.7594275,1791471052.7662902,1791471052.7663238,front_rgbd_red_sphere,True,True,True,,61.552,61.552,1791471052.7594275,1791471052.756169,1791471052.7361598,1791471052.7361598,1791471052.7361598,0.0,1791471051.732161,1791471052.7481718,1791471052.739506,1791471052.7481718,1791471052.743506,1791471052.752167,1791471051.732161,1791471052.7481718,1791471051.732161,1791471052.752167,1791470991.1841598,GAZEBO_CLOCK_SYSTEM_INTERPOLATION,MAPPED_EXACT,0,61.552,1791471052.7361598,0.003984212875366211,0.0,RGB,0.0,0,1,0,UNCALIBRATED,PREPARATION,MID,STRAIGHT,1.0,355,1.0,6.732523441314697,0.2597898542881012,nan,nan,False,0.0,0.0,0.0,0.0,0,0,0,0,0,0.0,0.0,0.0,0.0,0.0,0.0,0.0,0.0,0.0,0.0,0.0,0.0,0.0,0.0,6.506606937996088,-0.17336494446612782,-1.7207223647656154,0.0,0.0,0.0,0.0,0.0,0.0,0.0,0.0,0.0,0.0,0.0,False,DISABLED,0,nan,nan,nan,nan,nan,nan,nan,nan,nan,nan,nan,nan,nan,nan,nan,nan,nan,nan,nan,nan,nan,nan,nan,nan,nan,nan,nan,nan,nan,nan,nan,nan,nan,nan,51.50836251324284,3.410516777800818,-0.15048297488999202,0.021704725311606783,0.021704725311606783,0.021704725311606783,51.4711045123888,3.4580010387431024,-0.1025513581460099,0.03725800085403819,-0.04748426094228453,-0.04793161674398212,0.06035655444833211,0.07707368908107659,0.023267745971679688,False,DISABLED,none,MODEL_ORIGIN_FRAME_NOT_ESTABLISHED,nan,nan,nan,nan,nan,nan,nan,nan,nan,nan,nan,nan,nan,NOT_EVALUATED,nan,nan,nan,nan,DISABLED,nan,nan,nan,nan,nan,nan
1791471052.7841613,1791471052.8145695,1791471052.8199804,1791471052.8200257,front_rgbd_red_sphere,True,True,True,,61.6,61.6,1791471052.8145695,1791471052.8034265,1791471052.7841613,1791471052.7841613,1791471052.7841613,0.0,1791471051.7881672,1791471052.7881732,1791471052.779506,1791471052.7881732,1791471052.783506,1791471052.792175,1791471051.7881672,1791471052.7881732,1791471051.7721608,1791471052.792175,1791470991.1841614,GAZEBO_CLOCK_SYSTEM_INTERPOLATION,MAPPED_EXACT,0,61.6,1791471052.7841613,0.002908468246459961,0.0,RGB,0.0,0,1,0,UNCALIBRATED,PREPARATION,MID,STRAIGHT,1.0,349,1.0,6.73259973526001,0.2577112317085266,nan,nan,False,0.0,0.0,0.0,0.0,0,0,0,0,0,0.0,0.0,0.0,0.0,0.0,0.0,0.0,0.0,0.0,0.0,0.0,0.0,0.0,0.0,6.510261199107794,-0.1753680909348425,-1.7069396231427394,0.0,0.0,0.0,0.0,0.0,0.0,0.0,0.0,0.0,0.0,0.0,False,DISABLED,0,nan,nan,nan,nan,nan,nan,nan,nan,nan,nan,nan,nan,nan,nan,nan,nan,nan,nan,nan,nan,nan,nan,nan,nan,nan,nan,nan,nan,nan,nan,nan,nan,nan,nan,51.366025026898285,3.2705631531637067,-0.15957145015781554,0.021704949174212902,0.021704949174212902,0.021704949174212902,51.33460614420414,3.3229912098364096,-0.11050759059970573,0.0314188826941475,-0.052428056672702894,-0.04906385955810981,0.061121578155547876,0.078377992006447,0.030408143997192383,False,DISABLED,none,MODEL_ORIGIN_FRAME_NOT_ESTABLISHED,nan,nan,nan,nan,nan,nan,nan,nan,nan,nan,nan,nan,nan,NOT_EVALUATED,nan,nan,nan,nan,DISABLED,nan,nan,nan,nan,nan,nan
1791471052.8361619,1791471052.853501,1791471052.8616261,1791471052.8616474,front_rgbd_red_sphere,True,True,True,,61.652,61.652,1791471052.853501,1791471052.851934,1791471052.8361619,1791471052.8361619,1791471052.8361619,0.0,1791471051.8321612,1791471052.85219,1791471052.8435059,1791471052.85219,1791471052.8435059,1791471052.85219,1791471051.8283677,1791471052.85219,1791471051.8321612,1791471052.85219,1791470991.184162,GAZEBO_CLOCK_SYSTEM_INTERPOLATION,MAPPED_EXACT,0,61.652,1791471052.8361619,0.0013549327850341797,0.0,RGB,0.0,0,1,0,UNCALIBRATED,PREPARATION,MID,STRAIGHT,1.0,347,1.0,6.722474098205566,0.2575620114803314,nan,nan,False,0.0,0.0,0.0,0.0,0,0,0,0,0,0.0,0.0,0.0,0.0,0.0,0.0,0.0,0.0,0.0,0.0,0.0,0.0,0.0,0.0,6.5007256166004055,-0.17779818585247398,-1.7031183171639253,0.0,0.0,0.0,0.0,0.0,0.0,0.0,0.0,0.0,0.0,0.0,False,DISABLED,0,nan,nan,nan,nan,nan,nan,nan,nan,nan,nan,nan,nan,nan,nan,nan,nan,nan,nan,nan,nan,nan,nan,nan,nan,nan,nan,nan,nan,nan,nan,nan,nan,nan,nan,51.22355840354185,3.1304748928004855,-0.16746678422255984,0.021675124299948927,0.021675124299948927,0.021675124299948927,51.18672703239537,3.176589110168189,-0.11840148448340489,0.036831371146483605,-0.0461142173677036,-0.04906529973915495,0.05901754776306655,0.07674942724515253,0.017339229583740234,False,DISABLED,none,MODEL_ORIGIN_FRAME_NOT_ESTABLISHED,nan,nan,nan,nan,nan,nan,nan,nan,nan,nan,nan,nan,nan,NOT_EVALUATED,nan,nan,nan,nan,DISABLED,nan,nan,nan,nan,nan,nan
1791471052.884159,1791471052.9070442,1791471052.9115145,1791471052.9115384,front_rgbd_red_sphere,True,True,True,,61.7,61.7,1791471052.9070442,1791471052.9052782,1791471052.884159,1791471052.884159,1791471052.884159,0.0,1791471051.8921678,1791471052.8921802,1791471052.8835058,1791471052.8921802,1791471052.8835058,1791471052.8921802,1791471051.8921678,1791471052.8921802,1791471051.8921678,1791471052.8921802,1791470991.184159,GAZEBO_CLOCK_SYSTEM_INTERPOLATION,MAPPED_EXACT,0,61.7,1791471052.884159,0.003222942352294922,0.0,RGB,0.0,0,1,0,UNCALIBRATED,PREPARATION,MID,STRAIGHT,1.0,346,1.0,6.723922252655029,0.25604161620140076,nan,nan,False,0.0,0.0,0.0,0.0,0,0,0,0,0,0.0,0.0,0.0,0.0,0.0,0.0,0.0,0.0,0.0,0.0,0.0,0.0,0.0,0.0,6.504722516062756,-0.1820410608829217,-1.693096401830207,0.0,0.0,0.0,0.0,0.0,0.0,0.0,0.0,0.0,0.0,0.0,False,DISABLED,0,nan,nan,nan,nan,nan,nan,nan,nan,nan,nan,nan,nan,nan,nan,nan,nan,nan,nan,nan,nan,nan,nan,nan,nan,nan,nan,nan,nan,nan,nan,nan,nan,nan,nan,51.08113165657118,2.9902703306696936,-0.1748377306104975,0.021679388414813157,0.021679388414813157,0.021679388414813157,51.050348184748806,3.0414590120500566,-0.1250040770626759,0.03078347182237451,-0.05118868138036303,-0.0498336535478216,0.059731928136460236,0.07779007819011087,0.02288508415222168,False,DISABLED,none,MODEL_ORIGIN_FRAME_NOT_ESTABLISHED,nan,nan,nan,nan,nan,nan,nan,nan,nan,nan,nan,nan,nan,NOT_EVALUATED,nan,nan,nan,nan,DISABLED,nan,nan,nan,nan,nan,nan
1791471052.9361584,1791471052.9545963,1791471052.9610791,1791471052.9610994,front_rgbd_red_sphere,True,True,True,,61.752,61.752,1791471052.9545963,1791471052.9529872,1791471052.9361584,1791471052.9361584,1791471052.9361584,0.0,1791471051.9321601,1791471052.9481752,1791471052.9395058,1791471052.9481752,1791471052.943506,1791471052.9521706,1791471051.9321601,1791471052.9481752,1791471051.9321601,1791471052.9521706,1791470991.1841583,GAZEBO_CLOCK_SYSTEM_INTERPOLATION,MAPPED_EXACT,0,61.752,1791471052.9361584,0.0014698505401611328,0.0,RGB,0.0,0,1,0,UNCALIBRATED,PREPARATION,MID,STRAIGHT,1.0,351,1.0,6.714570999145508,0.25595375895500183,nan,nan,False,0.0,0.0,0.0,0.0,0,0,0,0,0,0.0,0.0,0.0,0.0,0.0,0.0,0.0,0.0,0.0,0.0,0.0,0.0,0.0,0.0,6.495825348957439,-0.18638266999364284,-1.6896672572231246,0.0,0.0,0.0,0.0,0.0,0.0,0.0,0.0,0.0,0.0,0.0,False,DISABLED,0,nan,nan,nan,nan,nan,nan,nan,nan,nan,nan,nan,nan,nan,nan,nan,nan,nan,nan,nan,nan,nan,nan,nan,nan,nan,nan,nan,nan,nan,nan,nan,nan,nan,nan,50.938274356809245,2.8501015949114494,-0.1817597559365111,0.021651859355592915,0.021651859355592915,0.021651859355592915,50.90265835545266,2.894997811247934,-0.1313327189357696,0.035616001356586935,-0.04489621633648477,-0.050427037000741526,0.05730767657098693,0.07633515477575846,0.018437862396240234,False,DISABLED,none,MODEL_ORIGIN_FRAME_NOT_ESTABLISHED,nan,nan,nan,nan,nan,nan,nan,nan,nan,nan,nan,nan,nan,NOT_EVALUATED,nan,nan,nan,nan,DISABLED,nan,nan,nan,nan,nan,nan
1791471052.9841604,1791471053.0047412,1791471053.0085015,1791471053.0085242,front_rgbd_red_sphere,True,True,True,,61.8,61.8,1791471053.0047412,1791471053.0036771,1791471052.9841604,1791471052.9841604,1791471052.9841604,0.0,1791471051.992166,1791471052.9881766,1791471052.979506,1791471052.9881766,1791471052.983506,1791471052.9921734,1791471051.9721558,1791471052.9881766,1791471051.992166,1791471052.9921734,1791470991.1841605,GAZEBO_CLOCK_SYSTEM_INTERPOLATION,MAPPED_EXACT,0,61.8,1791471052.9841604,0.0009303092956542969,0.0,RGB,0.0,0,1,0,UNCALIBRATED,PREPARATION,MID,STRAIGHT,1.0,352,1.0,6.717045783996582,0.25426241755485535,nan,nan,False,0.0,0.0,0.0,0.0,0,0,0,0,0,0.0,0.0,0.0,0.0,0.0,0.0,0.0,0.0,0.0,0.0,0.0,0.0,0.0,0.0,6.501086819983531,-0.19149682556381187,-1.6786620834084882,0.0,0.0,0.0,0.0,0.0,0.0,0.0,0.0,0.0,0.0,0.0,False,DISABLED,0,nan,nan,nan,nan,nan,nan,nan,nan,nan,nan,nan,nan,nan,nan,nan,nan,nan,nan,nan,nan,nan,nan,nan,nan,nan,nan,nan,nan,nan,nan,nan,nan,nan,nan,50.79560240367862,2.709774088778461,-0.18766476492200818,0.02165914436219303,0.02165914436219303,0.02165914436219303,50.76634261000759,2.7597129898220714,-0.1364207151094881,0.02925979367103082,-0.04993890104361043,-0.051244049812520065,0.0578794381720729,0.07730447596551475,0.020580768585205078,False,DISABLED,none,MODEL_ORIGIN_FRAME_NOT_ESTABLISHED,nan,nan,nan,nan,nan,nan,nan,nan,nan,nan,nan,nan,nan,NOT_EVALUATED,nan,nan,nan,nan,DISABLED,nan,nan,nan,nan,nan,nan
1791471053.036157,1791471053.0637305,1791471053.0679333,1791471053.0679734,front_rgbd_red_sphere,True,True,True,,61.852,61.852,1791471053.0637305,1791471053.0523477,1791471053.036157,1791471053.036157,1791471053.036157,0.0,1791471052.0321565,1791471053.0521684,1791471053.043506,1791471053.0521684,1791471053.043506,1791471053.0521684,1791471052.028159,1791471053.0521684,1791471052.0321565,1791471053.0521684,1791470991.184157,GAZEBO_CLOCK_SYSTEM_INTERPOLATION,MAPPED_EXACT,0,61.852,1791471053.036157,0.003747224807739258,0.0,RGB,0.0,0,1,0,UNCALIBRATED,PREPARATION,MID,STRAIGHT,1.0,351,1.0,6.70898962020874,0.254860520362854,nan,nan,False,0.0,0.0,0.0,0.0,0,0,0,0,0,0.0,0.0,0.0,0.0,0.0,0.0,0.0,0.0,0.0,0.0,0.0,0.0,0.0,0.0,6.492278904194804,-0.1965668431131693,-1.679945441087554,0.0,0.0,0.0,0.0,0.0,0.0,0.0,0.0,0.0,0.0,0.0,False,DISABLED,0,nan,nan,nan,nan,nan,nan,nan,nan,nan,nan,nan,nan,nan,nan,nan,nan,nan,nan,nan,nan,nan,nan,nan,nan,nan,nan,nan,nan,nan,nan,nan,nan,nan,nan,50.65290899744612,2.5697124665294453,-0.1926204437801448,0.02163543731362575,0.02163543731362575,0.02163543731362575,50.618809924748554,2.6131842359220645,-0.14103060463521633,0.034099072697564736,-0.04347176939261921,-0.051589839144928484,0.05524980989070342,0.0755913552991244,0.027573585510253906,False,DISABLED,none,MODEL_ORIGIN_FRAME_NOT_ESTABLISHED,nan,nan,nan,nan,nan,nan,nan,nan,nan,nan,nan,nan,nan,NOT_EVALUATED,nan,nan,nan,nan,DISABLED,nan,nan,nan,nan,nan,nan
1791471053.084162,1791471053.1114295,1791471053.1165035,1791471053.11654,front_rgbd_red_sphere,True,True,True,,61.9,61.9,1791471053.1114295,1791471053.1009142,1791471053.084162,1791471053.084162,1791471053.084162,0.0,1791471052.0721633,1791471053.0921702,1791471053.0835059,1791471053.0921702,1791471053.0835059,1791471053.0921702,1791471052.0681741,1791471053.0921702,1791471052.0721633,1791471053.0921702,1791470991.184162,GAZEBO_CLOCK_SYSTEM_INTERPOLATION,MAPPED_EXACT,0,61.9,1791471053.084162,0.0035805702209472656,0.0,RGB,0.0,0,1,0,UNCALIBRATED,PREPARATION,MID,STRAIGHT,1.0,348,1.0,6.712817668914795,0.25419214367866516,nan,nan,False,0.0,0.0,0.0,0.0,0,0,0,0,0,0.0,0.0,0.0,0.0,0.0,0.0,0.0,0.0,0.0,0.0,0.0,0.0,0.0,0.0,6.497112926962296,-0.2021730510922577,-1.675878458731063,0.0,0.0,0.0,0.0,0.0,0.0,0.0,0.0,0.0,0.0,0.0,False,DISABLED,0,nan,nan,nan,nan,nan,nan,nan,nan,nan,nan,nan,nan,nan,nan,nan,nan,nan,nan,nan,nan,nan,nan,nan,nan,nan,nan,nan,nan,nan,nan,nan,nan,nan,nan,50.51026960226139,2.429588954736745,-0.19664907193868147,0.021646699911360815,0.021646699911360815,0.021646699911360815,50.48255029979967,2.477758922783507,-0.14447715261203142,0.027719302461719053,-0.04816996804676199,-0.05217191932665005,0.05557612392557019,0.07622738823294956,0.0272674560546875,False,DISABLED,none,MODEL_ORIGIN_FRAME_NOT_ESTABLISHED,nan,nan,nan,nan,nan,nan,nan,nan,nan,nan,nan,nan,nan,NOT_EVALUATED,nan,nan,nan,nan,DISABLED,nan,nan,nan,nan,nan,nan
1791471053.1361616,1791471053.1533241,1791471053.1623814,1791471053.162419,front_rgbd_red_sphere,True,True,True,,61.952,61.952,1791471053.1533241,1791471053.151796,1791471053.1361616,1791471053.1361616,1791471053.1361616,0.0,1791471052.1321602,1791471053.1481678,1791471053.1395059,1791471053.1481678,1791471053.1435058,1791471053.1521697,1791471052.1321602,1791471053.1481678,1791471052.1321602,1791471053.1521697,1791470991.1841617,GAZEBO_CLOCK_SYSTEM_INTERPOLATION,MAPPED_EXACT,0,61.952,1791471053.1361616,0.0018873214721679688,0.0,RGB,0.0,0,1,0,UNCALIBRATED,PREPARATION,MID,STRAIGHT,1.0,351,1.0,6.706050872802734,0.25534865260124207,nan,nan,False,0.0,0.0,0.0,0.0,0,0,0,0,0,0.0,0.0,0.0,0.0,0.0,0.0,0.0,0.0,0.0,0.0,0.0,0.0,0.0,0.0,6.4886092608768875,-0.2074254483833471,-1.6810844735179735,0.0,0.0,0.0,0.0,0.0,0.0,0.0,0.0,0.0,0.0,0.0,False,DISABLED,0,nan,nan,nan,nan,nan,nan,nan,nan,nan,nan,nan,nan,nan,nan,nan,nan,nan,nan,nan,nan,nan,nan,nan,nan,nan,nan,nan,nan,nan,nan,nan,nan,nan,nan,50.36763765528174,2.2893128395266262,-0.1997315910035677,0.021626793700028173,0.021626793700028173,0.021626793700028173,50.33514906376057,2.331160179112786,-0.14725595949654094,0.03248859152117234,-0.041847339586159826,-0.05247563150702675,0.052978376810440035,0.0745680917787912,0.017162561416625977,False,DISABLED,none,MODEL_ORIGIN_FRAME_NOT_ESTABLISHED,nan,nan,nan,nan,nan,nan,nan,nan,nan,nan,nan,nan,nan,NOT_EVALUATED,nan,nan,nan,nan,DISABLED,nan,nan,nan,nan,nan,nan
1791471053.1841726,1791471053.2005098,1791471053.203911,1791471053.2039356,front_rgbd_red_sphere,True,True,True,,62.0,62.0,1791471053.2005098,1791471053.199778,1791471053.1841726,1791471053.1841726,1791471053.1841726,0.0,1791471052.17216,1791471053.1881738,1791471053.1795058,1791471053.1881738,1791471053.183506,1791471053.1921768,1791471052.17216,1791471053.1881738,1791471052.17216,1791471053.1921768,1791470991.1841726,GAZEBO_CLOCK_SYSTEM_INTERPOLATION,MAPPED_EXACT,0,62.0,1791471053.1841726,0.0006456375122070312,0.0,RGB,0.0,0,1,0,UNCALIBRATED,PREPARATION,MID,STRAIGHT,1.0,351,1.0,6.7108154296875,0.25446462631225586,nan,nan,False,0.0,0.0,0.0,0.0,0,0,0,0,0,0.0,0.0,0.0,0.0,0.0,0.0,0.0,0.0,0.0,0.0,0.0,0.0,0.0,0.0,6.494715073275285,-0.21314375080769032,-1.6757950779185418,0.0,0.0,0.0,0.0,0.0,0.0,0.0,0.0,0.0,0.0,0.0,False,DISABLED,0,nan,nan,nan,nan,nan,nan,nan,nan,nan,nan,nan,nan,nan,nan,nan,nan,nan,nan,nan,nan,nan,nan,nan,nan,nan,nan,nan,nan,nan,nan,nan,nan,nan,nan,50.22505859932371,2.1492156420873014,-0.20197484532405413,0.021640808962729748,0.021640808962729748,0.021640808962729748,50.199014858773445,2.195684486836289,-0.1489749617995895,0.02604374055026426,-0.0464688447489876,-0.052999883524464636,0.05326940917782918,0.07514397918504057,0.016337156295776367,False,DISABLED,none,MODEL_ORIGIN_FRAME_NOT_ESTABLISHED,nan,nan,nan,nan,nan,nan,nan,nan,nan,nan,nan,nan,nan,NOT_EVALUATED,nan,nan,nan,nan,DISABLED,nan,nan,nan,nan,nan,nan
1791471053.2361572,1791471053.2609916,1791471053.2649384,1791471053.2649593,front_rgbd_red_sphere,True,True,True,,62.052,62.052,1791471053.25189,1791471053.2609916,1791471053.2361572,1791471053.2361572,1791471053.2361572,0.0,1791471052.2521696,1791471053.2521772,1791471053.243506,1791471053.2521772,1791471053.243506,1791471053.2521772,1791471052.2521696,1791471053.2521772,1791471052.2521696,1791471053.2521772,1791470991.1841571,GAZEBO_CLOCK_SYSTEM_INTERPOLATION,MAPPED_EXACT,0,62.052,1791471053.2361572,0.0011224746704101562,0.0,RGB,0.0,0,1,0,UNCALIBRATED,PREPARATION,MID,STRAIGHT,1.0,353,1.0,6.705324649810791,0.25500619411468506,nan,nan,False,0.0,0.0,0.0,0.0,0,0,0,0,0,0.0,0.0,0.0,0.0,0.0,0.0,0.0,0.0,0.0,0.0,0.0,0.0,0.0,0.0,6.488486007025516,-0.21731352860991926,-1.6774093691785321,0.0,0.0,0.0,0.0,0.0,0.0,0.0,0.0,0.0,0.0,0.0,False,DISABLED,0,nan,nan,nan,nan,nan,nan,nan,nan,nan,nan,nan,nan,nan,nan,nan,nan,nan,nan,nan,nan,nan,nan,nan,nan,nan,nan,nan,nan,nan,nan,nan,nan,nan,nan,50.08233154839019,2.009178647768755,-0.20291104711094293,0.02162465716648895,0.02162465716648895,0.02162465716648895,50.05170118666534,2.048994966754973,-0.14985548229360013,0.03063036172484601,-0.03981631898621796,-0.053055564817342804,0.050235030775417785,0.07306470608367925,0.024834394454956055,False,DISABLED,none,MODEL_ORIGIN_FRAME_NOT_ESTABLISHED,nan,nan,nan,nan,nan,nan,nan,nan,nan,nan,nan,nan,nan,NOT_EVALUATED,nan,nan,nan,nan,DISABLED,nan,nan,nan,nan,nan,nan
1791471053.2841601,1791471053.3098652,1791471053.3149915,1791471053.3150237,front_rgbd_red_sphere,True,True,True,,62.1,62.1,1791471053.3098652,1791471053.2993193,1791471053.2841601,1791471053.2841601,1791471053.2841601,0.0,1791471052.2921677,1791471053.2921772,1791471053.283506,1791471053.2921772,1791471053.283506,1791471053.2921772,1791471052.2921677,1791471053.2921772,1791471052.2921677,1791471053.2921772,1791470991.1841602,GAZEBO_CLOCK_SYSTEM_INTERPOLATION,MAPPED_EXACT,0,62.1,1791471053.2841601,0.0020186901092529297,0.0,RGB,0.0,0,1,0,UNCALIBRATED,PREPARATION,MID,STRAIGHT,1.0,353,1.0,6.711602210998535,0.25411292910575867,nan,nan,False,0.0,0.0,0.0,0.0,0,0,0,0,0,0.0,0.0,0.0,0.0,0.0,0.0,0.0,0.0,0.0,0.0,0.0,0.0,0.0,0.0,6.496070331389618,-0.220867511386583,-1.6726900767518114,0.0,0.0,0.0,0.0,0.0,0.0,0.0,0.0,0.0,0.0,0.0,False,DISABLED,0,nan,nan,nan,nan,nan,nan,nan,nan,nan,nan,nan,nan,nan,nan,nan,nan,nan,nan,nan,nan,nan,nan,nan,nan,nan,nan,nan,nan,nan,nan,nan,nan,nan,nan,49.93973356421616,1.8691546879579786,-0.20295356698467598,0.021643123975084406,0.021643123975084406,0.021643123975084406,49.91561179643662,1.913409662516684,-0.14980548939881555,0.02412176777954045,-0.04425497455870553,-0.05314807758586043,0.05040200843222172,0.0732467105409819,0.02570509910583496,False,DISABLED,none,MODEL_ORIGIN_FRAME_NOT_ESTABLISHED,nan,nan,nan,nan,nan,nan,nan,nan,nan,nan,nan,nan,nan,NOT_EVALUATED,nan,nan,nan,nan,DISABLED,nan,nan,nan,nan,nan,nan
1791471053.3361578,1791471053.3531804,1791471053.3605251,1791471053.3605516,front_rgbd_red_sphere,True,True,True,,62.152,62.152,1791471053.3531804,1791471053.3519928,1791471053.3361578,1791471053.3361578,1791471053.3361578,0.0,1791471052.3521757,1791471053.34818,1791471053.339506,1791471053.34818,1791471053.3435059,1791471053.352176,1791471052.348173,1791471053.34818,1791471052.3521757,1791471053.352176,1791470991.1841578,GAZEBO_CLOCK_SYSTEM_INTERPOLATION,MAPPED_EXACT,0,62.152,1791471053.3361578,0.0011119842529296875,0.0,RGB,0.0,0,1,0,UNCALIBRATED,PREPARATION,MID,STRAIGHT,1.0,350,1.0,6.707219123840332,0.25531694293022156,nan,nan,False,0.0,0.0,0.0,0.0,0,0,0,0,0,0.0,0.0,0.0,0.0,0.0,0.0,0.0,0.0,0.0,0.0,0.0,0.0,0.0,0.0,6.489793073283746,-0.22203884937190743,-1.6793067061145575,0.0,0.0,0.0,0.0,0.0,0.0,0.0,0.0,0.0,0.0,0.0,False,DISABLED,0,nan,nan,nan,nan,nan,nan,nan,nan,nan,nan,nan,nan,nan,nan,nan,nan,nan,nan,nan,nan,nan,nan,nan,nan,nan,nan,nan,nan,nan,nan,nan,nan,nan,nan,49.79731995406391,1.729630905602796,-0.2019856011456866,0.021630229002086165,0.021630229002086165,0.021630229002086165,49.76826423377693,1.766530838706052,-0.1487639343931452,0.02905572028697634,-0.03689993310325601,-0.05322166675254139,0.04696637035603004,0.07098158744588873,0.01702260971069336,False,DISABLED,none,MODEL_ORIGIN_FRAME_NOT_ESTABLISHED,nan,nan,nan,nan,nan,nan,nan,nan,nan,nan,nan,nan,nan,NOT_EVALUATED,nan,nan,nan,nan,DISABLED,nan,nan,nan,nan,nan,nan
1791471053.3841636,1791471053.4048877,1791471053.4080632,1791471053.4080858,front_rgbd_red_sphere,True,True,True,,62.2,62.2,1791471053.4048877,1791471053.4035835,1791471053.3841636,1791471053.3841636,1791471053.3841636,0.0,1791471052.3921747,1791471053.3881714,1791471053.3795059,1791471053.3881714,1791471053.3835058,1791471053.3921812,1791471052.3721611,1791471053.3881714,1791471052.3921747,1791471053.3921812,1791470991.1841636,GAZEBO_CLOCK_SYSTEM_INTERPOLATION,MAPPED_EXACT,0,62.2,1791471053.3841636,0.0009250640869140625,0.0,RGB,0.0,0,1,0,UNCALIBRATED,PREPARATION,MID,STRAIGHT,1.0,349,1.0,6.714948654174805,0.2546932101249695,nan,nan,False,0.0,0.0,0.0,0.0,0,0,0,0,0,0.0,0.0,0.0,0.0,0.0,0.0,0.0,0.0,0.0,0.0,0.0,0.0,0.0,0.0,6.498328515472451,-0.22231452045652844,-1.6771511858668102,0.0,0.0,0.0,0.0,0.0,0.0,0.0,0.0,0.0,0.0,0.0,False,DISABLED,0,nan,nan,nan,nan,nan,nan,nan,nan,nan,nan,nan,nan,nan,nan,nan,nan,nan,nan,nan,nan,nan,nan,nan,nan,nan,nan,nan,nan,nan,nan,nan,nan,nan,nan,49.65471473018992,1.5896225228877041,-0.20016983846721276,0.02165297093217365,0.02165297093217365,0.02165297093217365,49.63239256275641,1.6310291354672868,-0.14694771522710307,0.022322167433515006,-0.04140661257958267,-0.05322212324010969,0.04704026705117151,0.07103084630237032,0.020724058151245117,False,DISABLED,none,MODEL_ORIGIN_FRAME_NOT_ESTABLISHED,nan,nan,nan,nan,nan,nan,nan,nan,nan,nan,nan,nan,nan,NOT_EVALUATED,nan,nan,nan,nan,DISABLED,nan,nan,nan,nan,nan,nan
1791471053.436162,1791471053.4542847,1791471053.4609163,1791471053.460938,front_rgbd_red_sphere,True,True,True,,62.252,62.252,1791471053.4542847,1791471053.4533923,1791471053.436162,1791471053.436162,1791471053.436162,0.0,1791471052.4321623,1791471053.4521666,1791471053.443506,1791471053.4521666,1791471053.443506,1791471053.4521666,1791471052.4281588,1791471053.4521666,1791471052.4321623,1791471053.4521666,1791470991.184162,GAZEBO_CLOCK_SYSTEM_INTERPOLATION,MAPPED_EXACT,0,62.252,1791471053.436162,0.001544952392578125,0.0,RGB,0.0,0,1,0,UNCALIBRATED,PREPARATION,MID,STRAIGHT,1.0,351,1.0,6.711997985839844,0.2555079460144043,nan,nan,False,0.0,0.0,0.0,0.0,0,0,0,0,0,0.0,0.0,0.0,0.0,0.0,0.0,0.0,0.0,0.0,0.0,0.0,0.0,0.0,0.0,6.494093371137566,-0.22007481947525243,-1.682033519267664,0.0,0.0,0.0,0.0,0.0,0.0,0.0,0.0,0.0,0.0,0.0,False,DISABLED,0,nan,nan,nan,nan,nan,nan,nan,nan,nan,nan,nan,nan,nan,nan,nan,nan,nan,nan,nan,nan,nan,nan,nan,nan,nan,nan,nan,nan,nan,nan,nan,nan,nan,nan,49.51202602407018,1.4495739049399448,-0.19754755486825454,0.021644288788563934,0.021644288788563934,0.021644288788563934,49.485163153885885,1.4841351430670515,-0.1440119415665983,0.026862870184295673,-0.034561238127106764,-0.05353561330165624,0.04377319928240224,0.06915312622724566,0.01812267303466797,False,DISABLED,none,MODEL_ORIGIN_FRAME_NOT_ESTABLISHED,nan,nan,nan,nan,nan,nan,nan,nan,nan,nan,nan,nan,nan,NOT_EVALUATED,nan,nan,nan,nan,DISABLED,nan,nan,nan,nan,nan,nan
1791471053.4841573,1791471053.5030406,1791471053.5070064,1791471053.5070305,front_rgbd_red_sphere,True,True,True,,62.3,62.3,1791471053.5030406,1791471053.5015845,1791471053.4841573,1791471053.4841573,1791471053.4841573,0.0,1791471052.472161,1791471053.4921885,1791471053.483506,1791471053.4921885,1791471053.483506,1791471053.4921885,1791471052.4681675,1791471053.4921885,1791471052.472161,1791471053.4921885,1791470991.1841574,GAZEBO_CLOCK_SYSTEM_INTERPOLATION,MAPPED_EXACT,0,62.3,1791471053.4841573,0.0030889511108398438,0.0,RGB,0.0,0,1,0,UNCALIBRATED,PREPARATION,MID,STRAIGHT,1.0,351,1.0,6.720993995666504,0.2548530101776123,nan,nan,False,0.0,0.0,0.0,0.0,0,0,0,0,0,0.0,0.0,0.0,0.0,0.0,0.0,0.0,0.0,0.0,0.0,0.0,0.0,0.0,0.0,6.503908508228794,-0.216989567005621,-1.6804322013453845,0.0,0.0,0.0,0.0,0.0,0.0,0.0,0.0,0.0,0.0,0.0,False,DISABLED,0,nan,nan,nan,nan,nan,nan,nan,nan,nan,nan,nan,nan,nan,nan,nan,nan,nan,nan,nan,nan,nan,nan,nan,nan,nan,nan,nan,nan,nan,nan,nan,nan,nan,nan,49.369848156193186,1.3094379022833018,-0.19392234013342685,0.02167076695847867,0.02167076695847867,0.02167076695847867,49.349183424928796,1.3484128362209766,-0.14046955875854086,0.020664731264389502,-0.038974933937674816,-0.05345278137488599,0.04411435813514182,0.06930567386864449,0.018883228302001953,False,DISABLED,none,MODEL_ORIGIN_FRAME_NOT_ESTABLISHED,nan,nan,nan,nan,nan,nan,nan,nan,nan,nan,nan,nan,nan,NOT_EVALUATED,nan,nan,nan,nan,DISABLED,nan,nan,nan,nan,nan,nan
1791471053.5361652,1791471053.553565,1791471053.5610464,1791471053.5610645,front_rgbd_red_sphere,True,True,True,,62.352,62.352,1791471053.553565,1791471053.552833,1791471053.5361652,1791471053.5361652,1791471053.5361652,0.0,1791471052.5521653,1791471053.5481958,1791471053.539506,1791471053.5481958,1791471053.543506,1791471053.5521703,1791471052.5481753,1791471053.5481958,1791471052.5521653,1791471053.5521703,1791470991.1841652,GAZEBO_CLOCK_SYSTEM_INTERPOLATION,MAPPED_EXACT,0,62.352,1791471053.5361652,0.0012683868408203125,0.0,RGB,0.0,0,1,0,UNCALIBRATED,PREPARATION,MID,STRAIGHT,1.0,348,1.0,6.719202518463135,0.2561134397983551,nan,nan,False,0.0,0.0,0.0,0.0,0,0,0,0,0,0.0,0.0,0.0,0.0,0.0,0.0,0.0,0.0,0.0,0.0,0.0,0.0,0.0,0.0,6.500034394348014,-0.21105037050968178,-1.6889913912536088,0.0,0.0,0.0,0.0,0.0,0.0,0.0,0.0,0.0,0.0,0.0,False,DISABLED,0,nan,nan,nan,nan,nan,nan,nan,nan,nan,nan,nan,nan,nan,nan,nan,nan,nan,nan,nan,nan,nan,nan,nan,nan,nan,nan,nan,nan,nan,nan,nan,nan,nan,nan,49.22797659470118,1.1697255108502853,-0.18933897576578568,0.02166549201994373,0.02166549201994373,0.02166549201994373,49.20202477410058,1.2014787139943373,-0.13571037865060706,0.025951820600603526,-0.031753203144051945,-0.05362859711517862,0.041009302632370376,0.06751140148845589,0.01739978790283203,False,DISABLED,none,MODEL_ORIGIN_FRAME_NOT_ESTABLISHED,nan,nan,nan,nan,nan,nan,nan,nan,nan,nan,nan,nan,nan,NOT_EVALUATED,nan,nan,nan,nan,DISABLED,nan,nan,nan,nan,nan,nan
1791471053.5841622,1791471053.603035,1791471053.6065438,1791471053.6065674,front_rgbd_red_sphere,True,True,True,,62.4,62.4,1791471053.603035,1791471053.6013827,1791471053.5841622,1791471053.5841622,1791471053.5841622,0.0,1791471052.5921762,1791471053.5881734,1791471053.579506,1791471053.5881734,1791471053.5835059,1791471053.592217,1791471052.5721593,1791471053.5881734,1791471052.5921762,1791471053.592217,1791470991.1841621,GAZEBO_CLOCK_SYSTEM_INTERPOLATION,MAPPED_EXACT,0,62.4,1791471053.5841622,0.0030562877655029297,0.0,RGB,0.0,0,1,0,UNCALIBRATED,PREPARATION,MID,STRAIGHT,1.0,348,1.0,6.729452610015869,0.25562164187431335,nan,nan,False,0.0,0.0,0.0,0.0,0,0,0,0,0,0.0,0.0,0.0,0.0,0.0,0.0,0.0,0.0,0.0,0.0,0.0,0.0,0.0,0.0,6.510787767634736,-0.20470267524141583,-1.6891629613548957,0.0,0.0,0.0,0.0,0.0,0.0,0.0,0.0,0.0,0.0,0.0,False,DISABLED,0,nan,nan,nan,nan,nan,nan,nan,nan,nan,nan,nan,nan,nan,nan,nan,nan,nan,nan,nan,nan,nan,nan,nan,nan,nan,nan,nan,nan,nan,nan,nan,nan,nan,nan,49.08586378856844,1.0296715191330494,-0.183858502082562,0.021695677335895114,0.021695677335895114,0.021695677335895114,49.066182417437375,1.065801321633501,-0.1305348164672081,0.01968137113106394,-0.0361298025004515,-0.05332368561535389,0.041142666397795714,0.06735083107078492,0.018872737884521484,False,DISABLED,none,MODEL_ORIGIN_FRAME_NOT_ESTABLISHED,nan,nan,nan,nan,nan,nan,nan,nan,nan,nan,nan,nan,nan,NOT_EVALUATED,nan,nan,nan,nan,DISABLED,nan,nan,nan,nan,nan,nan
1791471053.636162,1791471053.6601596,1791471053.6636763,1791471053.663697,front_rgbd_red_sphere,True,True,True,,62.452,62.452,1791471053.6601596,1791471053.6585395,1791471053.636162,1791471053.636162,1791471053.636162,0.0,1791471052.6521668,1791471053.6521754,1791471053.6435058,1791471053.6521754,1791471053.6435058,1791471053.6521754,1791471052.6521668,1791471053.6521754,1791471052.6521668,1791471053.6521754,1791470991.1841621,GAZEBO_CLOCK_SYSTEM_INTERPOLATION,MAPPED_EXACT,0,62.452,1791471053.636162,0.004168987274169922,0.0,RGB,0.0,0,1,0,UNCALIBRATED,PREPARATION,MID,STRAIGHT,1.0,352,1.0,6.729207992553711,0.25699320435523987,nan,nan,False,0.0,0.0,0.0,0.0,0,0,0,0,0,0.0,0.0,0.0,0.0,0.0,0.0,0.0,0.0,0.0,0.0,0.0,0.0,0.0,0.0,6.508211388397457,-0.19579617452465214,-1.6991436828360467,0.0,0.0,0.0,0.0,0.0,0.0,0.0,0.0,0.0,0.0,0.0,False,DISABLED,0,nan,nan,nan,nan,nan,nan,nan,nan,nan,nan,nan,nan,nan,nan,nan,nan,nan,nan,nan,nan,nan,nan,nan,nan,nan,nan,nan,nan,nan,nan,nan,nan,nan,nan,48.94369888851754,0.889791578489183,-0.17734251188303668,0.021694956954545652,0.021694956954545652,0.021694956954545652,48.919021108783234,0.9187760909315194,-0.12406831863373252,0.024677779734304295,-0.028984512442336352,-0.05327419324930416,0.03806697747569132,0.06547697641537058,0.02399754524230957,False,DISABLED,none,MODEL_ORIGIN_FRAME_NOT_ESTABLISHED,nan,nan,nan,nan,nan,nan,nan,nan,nan,nan,nan,nan,nan,NOT_EVALUATED,nan,nan,nan,nan,DISABLED,nan,nan,nan,nan,nan,nan
1791471053.6841557,1791471053.7144752,1791471053.7186868,1791471053.718711,front_rgbd_red_sphere,True,True,True,,62.5,62.5,1791471053.7144752,1791471053.7031085,1791471053.6841557,1791471053.6841557,1791471053.6841557,0.0,1791471052.6921773,1791471053.6921787,1791471053.6835349,1791471053.6921787,1791471053.6835349,1791471053.6921787,1791471052.6921773,1791471053.6921787,1791471052.6921773,1791471053.6921787,1791470991.1841557,GAZEBO_CLOCK_SYSTEM_INTERPOLATION,MAPPED_EXACT,0,62.5,1791471053.6841557,0.0025987625122070312,0.0,RGB,0.0,0,1,0,UNCALIBRATED,PREPARATION,MID,STRAIGHT,1.0,350,1.0,6.740578651428223,0.25678884983062744,nan,nan,False,0.0,0.0,0.0,0.0,0,0,0,0,0,0.0,0.0,0.0,0.0,0.0,0.0,0.0,0.0,0.0,0.0,0.0,0.0,0.0,0.0,6.519558344857767,-0.18712685900959514,-1.701687361301781,0.0,0.0,0.0,0.0,0.0,0.0,0.0,0.0,0.0,0.0,0.0,False,DISABLED,0,nan,nan,nan,nan,nan,nan,nan,nan,nan,nan,nan,nan,nan,nan,nan,nan,nan,nan,nan,nan,nan,nan,nan,nan,nan,nan,nan,nan,nan,nan,nan,nan,nan,nan,48.80166830855892,0.7497384859650587,-0.1702208121688517,0.021728465196550306,0.021728465196550306,0.021728465196550306,48.78324537387101,0.7830935458034619,-0.11738617925281793,0.018422934687905013,-0.033355059838403256,-0.05283463291603378,0.03810465246316092,0.06514186806279289,0.0303194522857666,False,DISABLED,none,MODEL_ORIGIN_FRAME_NOT_ESTABLISHED,nan,nan,nan,nan,nan,nan,nan,nan,nan,nan,nan,nan,nan,NOT_EVALUATED,nan,nan,nan,nan,DISABLED,nan,nan,nan,nan,nan,nan
1791471053.7361574,1791471053.7627778,1791471053.7673686,1791471053.7673886,front_rgbd_red_sphere,True,True,True,,62.552,62.552,1791471053.7627778,1791471053.7618103,1791471053.7361574,1791471053.7361574,1791471053.7361574,0.0,1791471052.7321582,1791471053.748166,1791471053.7395349,1791471053.748166,1791471053.7435348,1791471053.7521617,1791471052.7321582,1791471053.748166,1791471052.7321582,1791471053.7521617,1791470991.1841574,GAZEBO_CLOCK_SYSTEM_INTERPOLATION,MAPPED_EXACT,0,62.552,1791471053.7361574,0.0028808116912841797,0.0,RGB,0.0,0,1,0,UNCALIBRATED,PREPARATION,MID,STRAIGHT,1.0,347,1.0,6.741374492645264,0.258154034614563,nan,nan,False,0.0,0.0,0.0,0.0,0,0,0,0,0,0.0,0.0,0.0,0.0,0.0,0.0,0.0,0.0,0.0,0.0,0.0,0.0,0.0,0.0,6.517984768054236,-0.1764730290227714,-1.711975639320782,0.0,0.0,0.0,0.0,0.0,0.0,0.0,0.0,0.0,0.0,0.0,False,DISABLED,0,nan,nan,nan,nan,nan,nan,nan,nan,nan,nan,nan,nan,nan,nan,nan,nan,nan,nan,nan,nan,nan,nan,nan,nan,nan,nan,nan,nan,nan,nan,nan,nan,nan,nan,48.659372868293005,0.6092976798430891,-0.16225377343281794,0.021730811910303727,0.021730811910303727,0.021730811910303727,48.6361481005244,0.6360659947564665,-0.10937445817961541,0.02322476776860327,-0.02676831491337739,-0.052879315253202525,0.03543913826840737,0.06365653542924617,0.02662038803100586,False,DISABLED,none,MODEL_ORIGIN_FRAME_NOT_ESTABLISHED,nan,nan,nan,nan,nan,nan,nan,nan,nan,nan,nan,nan,nan,NOT_EVALUATED,nan,nan,nan,nan,DISABLED,nan,nan,nan,nan,nan,nan
1791471053.7841566,1791471053.8045378,1791471053.8079798,1791471053.808,front_rgbd_red_sphere,True,True,True,,62.6,62.6,1791471053.8045378,1791471053.8035824,1791471053.7841566,1791471053.7841566,1791471053.7841566,0.0,1791471052.792175,1791471053.788247,1791471053.7795348,1791471053.788247,1791471053.783535,1791471053.7921803,1791471052.7881732,1791471053.788247,1791471052.792175,1791471053.7921803,1791470991.1841567,GAZEBO_CLOCK_SYSTEM_INTERPOLATION,MAPPED_EXACT,0,62.6,1791471053.7841566,0.0007226467132568359,0.0,RGB,0.0,0,1,0,UNCALIBRATED,PREPARATION,MID,STRAIGHT,1.0,348,1.0,6.754122257232666,0.2575758993625641,nan,nan,False,0.0,0.0,0.0,0.0,0,0,0,0,0,0.0,0.0,0.0,0.0,0.0,0.0,0.0,0.0,0.0,0.0,0.0,0.0,0.0,0.0,6.5313057688322935,-0.16662425919278334,-1.7124385436394345,0.0,0.0,0.0,0.0,0.0,0.0,0.0,0.0,0.0,0.0,0.0,False,DISABLED,0,nan,nan,nan,nan,nan,nan,nan,nan,nan,nan,nan,nan,nan,nan,nan,nan,nan,nan,nan,nan,nan,nan,nan,nan,nan,nan,nan,nan,nan,nan,nan,nan,nan,nan,48.51695368368079,0.4685246647895376,-0.15349835252676675,0.021768411700576636,0.021768411700576636,0.021768411700576636,48.50037056710567,0.5003304020643584,-0.10134830300151751,0.016583116575120016,-0.03180573727482083,-0.05215004952524924,0.03586927207149523,0.06329480503504925,0.02038121223449707,False,DISABLED,none,MODEL_ORIGIN_FRAME_NOT_ESTABLISHED,nan,nan,nan,nan,nan,nan,nan,nan,nan,nan,nan,nan,nan,NOT_EVALUATED,nan,nan,nan,nan,DISABLED,nan,nan,nan,nan,nan,nan
1791471053.836216,1791471053.8554287,1791471053.8604343,1791471053.8604555,front_rgbd_red_sphere,True,True,True,,62.652,62.652,1791471053.8554287,1791471053.8543992,1791471053.836216,1791471053.836216,1791471053.836216,0.0,1791471052.8321605,1791471053.8521707,1791471053.843535,1791471053.8521707,1791471053.843535,1791471053.8521707,1791471052.8281589,1791471053.8521707,1791471052.8321605,1791471053.8521707,1791470991.184216,GAZEBO_CLOCK_SYSTEM_INTERPOLATION,MAPPED_EXACT,0,62.652,1791471053.836216,0.0011451244354248047,0.0,RGB,0.0,0,1,0,UNCALIBRATED,PREPARATION,MID,STRAIGHT,1.0,346,1.0,6.7556891441345215,0.25837841629981995,nan,nan,False,0.0,0.0,0.0,0.0,0,0,0,0,0,0.0,0.0,0.0,0.0,0.0,0.0,0.0,0.0,0.0,0.0,0.0,0.0,0.0,0.0,6.531437829724812,-0.15593188370733735,-1.7191099178459908,0.0,0.0,0.0,0.0,0.0,0.0,0.0,0.0,0.0,0.0,0.0,False,DISABLED,0,nan,nan,nan,nan,nan,nan,nan,nan,nan,nan,nan,nan,nan,nan,nan,nan,nan,nan,nan,nan,nan,nan,nan,nan,nan,nan,nan,nan,nan,nan,nan,nan,nan,nan,48.37471975236865,0.3272416672360756,-0.1438470369644546,0.021773035769180403,0.021773035769180403,0.021773035769180403,48.35308937405081,0.3530747374941674,-0.09197307422402345,0.02163037831783754,-0.025833070258091784,-0.051873962740431157,0.033693037635871934,0.06185570948205123,0.019212722778320312,False,DISABLED,none,MODEL_ORIGIN_FRAME_NOT_ESTABLISHED,nan,nan,nan,nan,nan,nan,nan,nan,nan,nan,nan,nan,nan,NOT_EVALUATED,nan,nan,nan,nan,DISABLED,nan,nan,nan,nan,nan,nan
1791471053.884162,1791471053.9058094,1791471053.9106355,1791471053.9106696,front_rgbd_red_sphere,True,True,True,,62.7,62.7,1791471053.9058094,1791471053.9045074,1791471053.884162,1791471053.884162,1791471053.884162,0.0,1791471052.8721588,1791471053.8921773,1791471053.883535,1791471053.8921773,1791471053.883535,1791471053.8921773,1791471052.868162,1791471053.8921773,1791471052.8721588,1791471053.8921773,1791470991.184162,GAZEBO_CLOCK_SYSTEM_INTERPOLATION,MAPPED_EXACT,0,62.7,1791471053.884162,0.0019180774688720703,0.0,RGB,0.0,0,1,0,UNCALIBRATED,PREPARATION,MID,STRAIGHT,1.0,344,1.0,6.768909454345703,0.2575373351573944,nan,nan,False,0.0,0.0,0.0,0.0,0,0,0,0,0,0.0,0.0,0.0,0.0,0.0,0.0,0.0,0.0,0.0,0.0,0.0,0.0,0.0,0.0,6.5456718189054826,-0.1473247546011276,-1.7177342005733909,0.0,0.0,0.0,0.0,0.0,0.0,0.0,0.0,0.0,0.0,0.0,False,DISABLED,0,nan,nan,nan,nan,nan,nan,nan,nan,nan,nan,nan,nan,nan,nan,nan,nan,nan,nan,nan,nan,nan,nan,nan,nan,nan,nan,nan,nan,nan,nan,nan,nan,nan,nan,48.23290223218565,0.18636851347456274,-0.13372945670864395,0.02181206858746187,0.02181206858746187,0.02181206858746187,48.21746081892398,0.21745720106736083,-0.08280919512367976,0.015441413261669368,-0.031088687592798092,-0.05092026158496418,0.034712299545841915,0.061626429230010035,0.02164745330810547,False,DISABLED,none,MODEL_ORIGIN_FRAME_NOT_ESTABLISHED,nan,nan,nan,nan,nan,nan,nan,nan,nan,nan,nan,nan,nan,NOT_EVALUATED,nan,nan,nan,nan,DISABLED,nan,nan,nan,nan,nan,nan
1791471053.9361606,1791471053.9608483,1791471053.9638953,1791471053.9639156,front_rgbd_red_sphere,True,True,True,,62.752,62.752,1791471053.9518204,1791471053.9608483,1791471053.9361606,1791471053.9361606,1791471053.9361606,0.0,1791471052.9521706,1791471053.9482584,1791471053.939535,1791471053.9482584,1791471053.9435349,1791471053.9521751,1791471052.9481752,1791471053.9482584,1791471052.9521706,1791471053.9521751,1791470991.1841605,GAZEBO_CLOCK_SYSTEM_INTERPOLATION,MAPPED_EXACT,0,62.752,1791471053.9361606,0.0048809051513671875,0.0,RGB,0.0,0,1,0,UNCALIBRATED,PREPARATION,MID,STRAIGHT,1.0,341,1.0,6.771514415740967,0.25874820351600647,nan,nan,False,0.0,0.0,0.0,0.0,0,0,0,0,0,0.0,0.0,0.0,0.0,0.0,0.0,0.0,0.0,0.0,0.0,0.0,0.0,0.0,0.0,6.546097505004474,-0.1384670332833764,-1.7270898369099363,0.0,0.0,0.0,0.0,0.0,0.0,0.0,0.0,0.0,0.0,0.0,False,DISABLED,0,nan,nan,nan,nan,nan,nan,nan,nan,nan,nan,nan,nan,nan,nan,nan,nan,nan,nan,nan,nan,nan,nan,nan,nan,nan,nan,nan,nan,nan,nan,nan,nan,nan,nan,48.091281695385646,0.04543594290842767,-0.12286289379497267,0.02181976326514492,0.02181976326514492,0.02181976326514492,48.070333375682395,0.07033315795703007,-0.07232421152191322,0.020948319703251173,-0.0248972150486024,-0.05053868227305945,0.032537722962216874,0.06010708628325972,0.024687767028808594,False,DISABLED,none,MODEL_ORIGIN_FRAME_NOT_ESTABLISHED,nan,nan,nan,nan,nan,nan,nan,nan,nan,nan,nan,nan,nan,NOT_EVALUATED,nan,nan,nan,nan,DISABLED,nan,nan,nan,nan,nan,nan
1791471053.98416,1791471054.0022604,1791471054.005575,1791471054.0055976,front_rgbd_red_sphere,True,True,True,,62.8,62.8,1791471054.0022604,1791471054.0008385,1791471053.98416,1791471053.98416,1791471053.98416,0.0,1791471052.9921734,1791471053.9881787,1791471053.9795349,1791471053.9881787,1791471053.9835348,1791471053.9921858,1791471052.9881766,1791471053.9881787,1791471052.9921734,1791471053.9921858,1791470991.18416,GAZEBO_CLOCK_SYSTEM_INTERPOLATION,MAPPED_EXACT,0,62.8,1791471053.98416,0.002271413803100586,0.0,RGB,0.0,0,1,0,UNCALIBRATED,PREPARATION,MID,STRAIGHT,1.0,342,1.0,6.785874366760254,0.2587319016456604,nan,nan,False,0.0,0.0,0.0,0.0,0,0,0,0,0,0.0,0.0,0.0,0.0,0.0,0.0,0.0,0.0,0.0,0.0,0.0,0.0,0.0,0.0,6.560007898711037,-0.1319936154001926,-1.7311742910692036,0.0,0.0,0.0,0.0,0.0,0.0,0.0,0.0,0.0,0.0,0.0,False,DISABLED,0,nan,nan,nan,nan,nan,nan,nan,nan,nan,nan,nan,nan,nan,nan,nan,nan,nan,nan,nan,nan,nan,nan,nan,nan,nan,nan,nan,nan,nan,nan,nan,nan,nan,nan,47.949667443839914,-0.09567251486289186,-0.1117489490358689,0.021862207959178457,0.021862207959178457,0.021862207959178457,47.93458638934056,-0.06541330216180438,-0.06223218178527946,0.015081054499354707,-0.030259212701087473,-0.04951676725058945,0.03380914311398856,0.05995805531412112,0.018100500106811523,False,DISABLED,none,MODEL_ORIGIN_FRAME_NOT_ESTABLISHED,nan,nan,nan,nan,nan,nan,nan,nan,nan,nan,nan,nan,nan,NOT_EVALUATED,nan,nan,nan,nan,DISABLED,nan,nan,nan,nan,nan,nan
1791471054.0361574,1791471054.0557232,1791471054.061928,1791471054.0619497,front_rgbd_red_sphere,True,True,True,,62.852,62.852,1791471054.0557232,1791471054.0547245,1791471054.0361574,1791471054.0361574,1791471054.0361574,0.0,1791471053.0321589,1791471054.0521667,1791471054.043535,1791471054.0521667,1791471054.043535,1791471054.0521667,1791471053.0281591,1791471054.0521667,1791471053.0321589,1791471054.0521667,1791470991.1841574,GAZEBO_CLOCK_SYSTEM_INTERPOLATION,MAPPED_EXACT,0,62.852,1791471054.0361574,0.0011548995971679688,0.0,RGB,0.0,0,1,0,UNCALIBRATED,PREPARATION,MID,STRAIGHT,1.0,345,1.0,6.789281368255615,0.26063665747642517,nan,nan,False,0.0,0.0,0.0,0.0,0,0,0,0,0,0.0,0.0,0.0,0.0,0.0,0.0,0.0,0.0,0.0,0.0,0.0,0.0,0.0,0.0,6.559981028359021,-0.1254492811064125,-1.7450656008607393,0.0,0.0,0.0,0.0,0.0,0.0,0.0,0.0,0.0,0.0,0.0,False,DISABLED,0,nan,nan,nan,nan,nan,nan,nan,nan,nan,nan,nan,nan,nan,nan,nan,nan,nan,nan,nan,nan,nan,nan,nan,nan,nan,nan,nan,nan,nan,nan,nan,nan,nan,nan,47.80877096906887,-0.2366461149419572,-0.1003582476865787,0.021872284571703062,0.021872284571703062,0.021872284571703062,47.78757393554784,-0.2124224072253434,-0.050895154032336354,0.021197033521026754,-0.024223707716613807,-0.04946309365424234,0.03218854214827797,0.059014404000038975,0.019565820693969727,False,DISABLED,none,MODEL_ORIGIN_FRAME_NOT_ESTABLISHED,nan,nan,nan,nan,nan,nan,nan,nan,nan,nan,nan,nan,nan,NOT_EVALUATED,nan,nan,nan,nan,DISABLED,nan,nan,nan,nan,nan,nan
1791471054.0841603,1791471054.099997,1791471054.1036298,1791471054.1036532,front_rgbd_red_sphere,True,True,True,,62.9,62.9,1791471054.099997,1791471054.099327,1791471054.0841603,1791471054.0841603,1791471054.0841603,0.0,1791471053.0921702,1791471054.0921786,1791471054.083535,1791471054.0921786,1791471054.083535,1791471054.0921786,1791471053.0921702,1791471054.0921786,1791471053.0921702,1791471054.0921786,1791470991.1841602,GAZEBO_CLOCK_SYSTEM_INTERPOLATION,MAPPED_EXACT,0,62.9,1791471054.0841603,0.003988504409790039,0.0,RGB,0.0,0,1,0,UNCALIBRATED,PREPARATION,MID,STRAIGHT,1.0,345,1.0,6.804207801818848,0.26085710525512695,nan,nan,False,0.0,0.0,0.0,0.0,0,0,0,0,0,0.0,0.0,0.0,0.0,0.0,0.0,0.0,0.0,0.0,0.0,0.0,0.0,0.0,0.0,6.574016706362985,-0.1211414433115987,-1.7506785007864956,0.0,0.0,0.0,0.0,0.0,0.0,0.0,0.0,0.0,0.0,0.0,False,DISABLED,0,nan,nan,nan,nan,nan,nan,nan,nan,nan,nan,nan,nan,nan,nan,nan,nan,nan,nan,nan,nan,nan,nan,nan,nan,nan,nan,nan,nan,nan,nan,nan,nan,nan,nan,47.66791530609857,-0.3776270165415232,-0.08873803227688354,0.021916457366020218,0.021916457366020218,0.021916457366020218,47.65180340046963,-0.3481825698318303,-0.040130552406118444,0.016111905628939382,-0.029444446709692873,-0.048607479870765094,0.033564399965376884,0.05906992504162017,0.015836715698242188,False,DISABLED,none,MODEL_ORIGIN_FRAME_NOT_ESTABLISHED,nan,nan,nan,nan,nan,nan,nan,nan,nan,nan,nan,nan,nan,NOT_EVALUATED,nan,nan,nan,nan,DISABLED,nan,nan,nan,nan,nan,nan
1791471054.1361556,1791471054.1621485,1791471054.1653013,1791471054.165321,front_rgbd_red_sphere,True,True,True,,62.952,62.952,1791471054.1621485,1791471054.1617136,1791471054.1361556,1791471054.1361556,1791471054.1361556,0.0,1791471053.1521697,1791471054.1481755,1791471054.139535,1791471054.1481755,1791471054.143535,1791471054.152173,1791471053.1481678,1791471054.1481755,1791471053.1521697,1791471054.152173,1791470991.1841557,GAZEBO_CLOCK_SYSTEM_INTERPOLATION,MAPPED_EXACT,0,62.952,1791471054.1361556,0.0021758079528808594,0.0,RGB,0.0,0,1,0,UNCALIBRATED,PREPARATION,MID,STRAIGHT,1.0,344,1.0,6.808035850524902,0.262796550989151,nan,nan,False,0.0,0.0,0.0,0.0,0,0,0,0,0,0.0,0.0,0.0,0.0,0.0,0.0,0.0,0.0,0.0,0.0,0.0,0.0,0.0,0.0,6.574297208697471,-0.11669990735524394,-1.7647513976211187,0.0,0.0,0.0,0.0,0.0,0.0,0.0,0.0,0.0,0.0,0.0,False,DISABLED,0,nan,nan,nan,nan,nan,nan,nan,nan,nan,nan,nan,nan,nan,nan,nan,nan,nan,nan,nan,nan,nan,nan,nan,nan,nan,nan,nan,nan,nan,nan,nan,nan,nan,nan,47.527844194385764,-0.5181911828854746,-0.0763924216903415,0.021927792142209912,0.021927792142209912,0.021927792142209912,47.50470099157681,-0.4952596088201549,-0.02820557809892711,0.02314320280895288,-0.022931574065319704,-0.04818684359141438,0.032580130837207635,0.05816731746155225,0.025992870330810547,False,DISABLED,none,MODEL_ORIGIN_FRAME_NOT_ESTABLISHED,nan,nan,nan,nan,nan,nan,nan,nan,nan,nan,nan,nan,nan,NOT_EVALUATED,nan,nan,nan,nan,DISABLED,nan,nan,nan,nan,nan,nan
1791471054.1841612,1791471054.1993666,1791471054.2034009,1791471054.203435,front_rgbd_red_sphere,True,True,True,,63.0,63.0,1791471054.1993666,1791471054.1982875,1791471054.1841612,1791471054.1841612,1791471054.1841612,0.0,1791471053.1881738,1791471054.188179,1791471054.179535,1791471054.188179,1791471054.1835349,1791471054.1921766,1791471053.1881738,1791471054.188179,1791471053.1721597,1791471054.1921766,1791470991.1841612,GAZEBO_CLOCK_SYSTEM_INTERPOLATION,MAPPED_EXACT,0,63.0,1791471054.1841612,0.003405332565307617,0.0,RGB,0.0,0,1,0,UNCALIBRATED,PREPARATION,MID,STRAIGHT,1.0,338,1.0,6.822983264923096,0.26297780871391296,nan,nan,False,0.0,0.0,0.0,0.0,0,0,0,0,0,0.0,0.0,0.0,0.0,0.0,0.0,0.0,0.0,0.0,0.0,0.0,0.0,0.0,0.0,6.588410203125814,-0.11399266536158592,-1.7700163631338715,0.0,0.0,0.0,0.0,0.0,0.0,0.0,0.0,0.0,0.0,0.0,False,DISABLED,0,nan,nan,nan,nan,nan,nan,nan,nan,nan,nan,nan,nan,nan,nan,nan,nan,nan,nan,nan,nan,nan,nan,nan,nan,nan,nan,nan,nan,nan,nan,nan,nan,nan,nan,47.38766774503412,-0.6590968999414111,-0.0642589278733165,0.021972083422946345,0.021972083422946345,0.021972083422946345,47.368904173774816,-0.6310157881554531,-0.017033385764412486,0.01876357125930639,-0.028081111785957957,-0.047225542108904006,0.03377307278792582,0.058059213506715716,0.01520538330078125,False,DISABLED,none,MODEL_ORIGIN_FRAME_NOT_ESTABLISHED,nan,nan,nan,nan,nan,nan,nan,nan,nan,nan,nan,nan,nan,NOT_EVALUATED,nan,nan,nan,nan,DISABLED,nan,nan,nan,nan,nan,nan
1791471054.2361605,1791471054.252155,1791471054.2601838,1791471054.2602072,front_rgbd_red_sphere,True,True,True,,63.052,63.052,1791471054.252155,1791471054.2513144,1791471054.2361605,1791471054.2361605,1791471054.2361605,0.0,1791471053.232163,1791471054.2521677,1791471054.2435348,1791471054.2521677,1791471054.2435348,1791471054.2521677,1791471053.2281733,1791471054.2521677,1791471053.232163,1791471054.2521677,1791470991.1841605,GAZEBO_CLOCK_SYSTEM_INTERPOLATION,MAPPED_EXACT,0,63.052,1791471054.2361605,0.0011410713195800781,0.0,RGB,0.0,0,1,0,UNCALIBRATED,PREPARATION,MID,STRAIGHT,1.0,342,1.0,6.827738285064697,0.26484164595603943,nan,nan,False,0.0,0.0,0.0,0.0,0,0,0,0,0,0.0,0.0,0.0,0.0,0.0,0.0,0.0,0.0,0.0,0.0,0.0,0.0,0.0,0.0,6.589681984071034,-0.1109472883661855,-1.78375744060466,0.0,0.0,0.0,0.0,0.0,0.0,0.0,0.0,0.0,0.0,0.0,False,DISABLED,0,nan,nan,nan,nan,nan,nan,nan,nan,nan,nan,nan,nan,nan,nan,nan,nan,nan,nan,nan,nan,nan,nan,nan,nan,nan,nan,nan,nan,nan,nan,nan,nan,nan,nan,47.24703530106152,-0.8004206897980604,-0.051523538103746824,0.021986181932673144,0.021986181932673144,0.021986181932673144,47.221878374170956,-0.7779722166667987,-0.004828654547654606,0.025156926890566922,-0.022448473131261637,-0.04669488355609222,0.03371653773005622,0.05759528684553378,0.015994548797607422,False,DISABLED,none,MODEL_ORIGIN_FRAME_NOT_ESTABLISHED,nan,nan,nan,nan,nan,nan,nan,nan,nan,nan,nan,nan,nan,NOT_EVALUATED,nan,nan,nan,nan,DISABLED,nan,nan,nan,nan,nan,nan
1791471054.284157,1791471054.2992666,1791471054.3037102,1791471054.303734,front_rgbd_red_sphere,True,True,True,,63.1,63.1,1791471054.2992666,1791471054.2982557,1791471054.284157,1791471054.284157,1791471054.284157,0.0,1791471053.2721615,1791471054.2921627,1791471054.283535,1791471054.2921627,1791471054.283535,1791471054.2921627,1791471053.2681692,1791471054.2921627,1791471053.2721615,1791471054.2921627,1791470991.1841571,GAZEBO_CLOCK_SYSTEM_INTERPOLATION,MAPPED_EXACT,0,63.1,1791471054.284157,0.0033876895904541016,0.0,RGB,0.0,0,1,0,UNCALIBRATED,PREPARATION,MID,STRAIGHT,1.0,341,1.0,6.842616558074951,0.2650604248046875,nan,nan,False,0.0,0.0,0.0,0.0,0,0,0,0,0,0.0,0.0,0.0,0.0,0.0,0.0,0.0,0.0,0.0,0.0,0.0,0.0,0.0,0.0,6.603649845012765,-0.10911858122816831,-1.7892194717985301,0.0,0.0,0.0,0.0,0.0,0.0,0.0,0.0,0.0,0.0,0.0,False,DISABLED,0,nan,nan,nan,nan,nan,nan,nan,nan,nan,nan,nan,nan,nan,nan,nan,nan,nan,nan,nan,nan,nan,nan,nan,nan,nan,nan,nan,nan,nan,nan,nan,nan,nan,nan,47.1072423923678,-0.9412691633851207,-0.039248169255807264,0.02203032730094567,0.02203032730094567,0.02203032730094567,47.08599853569569,-0.9137607267417122,0.006479640346612309,0.021243856672114703,-0.027508436643408518,-0.045727809602419574,0.034756517847301285,0.05743734067577388,0.015109539031982422,False,DISABLED,none,MODEL_ORIGIN_FRAME_NOT_ESTABLISHED,nan,nan,nan,nan,nan,nan,nan,nan,nan,nan,nan,nan,nan,NOT_EVALUATED,nan,nan,nan,nan,DISABLED,nan,nan,nan,nan,nan,nan
1791471054.33616,1791471054.3543425,1791471054.3618722,1791471054.3618917,front_rgbd_red_sphere,True,True,True,,63.152,63.152,1791471054.3543425,1791471054.3520358,1791471054.33616,1791471054.33616,1791471054.33616,0.0,1791471053.3321574,1791471054.3481743,1791471054.339535,1791471054.3481743,1791471054.343535,1791471054.3521755,1791471053.3321574,1791471054.3481743,1791471053.3321574,1791471054.3521755,1791470991.18416,GAZEBO_CLOCK_SYSTEM_INTERPOLATION,MAPPED_EXACT,0,63.152,1791471054.33616,0.0016293525695800781,0.0,RGB,0.0,0,1,0,UNCALIBRATED,PREPARATION,MID,STRAIGHT,1.0,337,1.0,6.846762180328369,0.2667458653450012,nan,nan,False,0.0,0.0,0.0,0.0,0,0,0,0,0,0.0,0.0,0.0,0.0,0.0,0.0,0.0,0.0,0.0,0.0,0.0,0.0,0.0,0.0,6.604617812296908,-0.1067815150145961,-1.8016022492738895,0.0,0.0,0.0,0.0,0.0,0.0,0.0,0.0,0.0,0.0,0.0,False,DISABLED,0,nan,nan,nan,nan,nan,nan,nan,nan,nan,nan,nan,nan,nan,nan,nan,nan,nan,nan,nan,nan,nan,nan,nan,nan,nan,nan,nan,nan,nan,nan,nan,nan,nan,nan,46.96735505752766,-1.0822918678676259,-0.02680348947745953,0.02204263408403323,0.02204263408403323,0.02204263408403323,46.93882659104458,-1.0607969303984457,0.018681194134167977,0.02852846648308116,-0.021494937469180186,-0.04548468361162751,0.035719822741445,0.05783391893975461,0.01818251609802246,False,DISABLED,none,MODEL_ORIGIN_FRAME_NOT_ESTABLISHED,nan,nan,nan,nan,nan,nan,nan,nan,nan,nan,nan,nan,nan,NOT_EVALUATED,nan,nan,nan,nan,DISABLED,nan,nan,nan,nan,nan,nan
1791471054.3841598,1791471054.3995872,1791471054.4047396,1791471054.4047604,front_rgbd_red_sphere,True,True,True,,63.2,63.2,1791471054.3995872,1791471054.3982503,1791471054.3841598,1791471054.3841598,1791471054.3841598,0.0,1791471053.3881714,1791471054.388183,1791471054.379535,1791471054.388183,1791471054.383535,1791471054.3921778,1791471053.3881714,1791471054.388183,1791471053.372159,1791471054.3921778,1791470991.1841598,GAZEBO_CLOCK_SYSTEM_INTERPOLATION,MAPPED_EXACT,0,63.2,1791471054.3841598,0.003895282745361328,0.0,RGB,0.0,0,1,0,UNCALIBRATED,PREPARATION,MID,STRAIGHT,1.0,338,1.0,6.8619866371154785,0.2668171525001526,nan,nan,False,0.0,0.0,0.0,0.0,0,0,0,0,0,0.0,0.0,0.0,0.0,0.0,0.0,0.0,0.0,0.0,0.0,0.0,0.0,0.0,0.0,6.619174878568641,-0.10548922453343046,-1.8061710101129496,0.0,0.0,0.0,0.0,0.0,0.0,0.0,0.0,0.0,0.0,0.0,False,DISABLED,0,nan,nan,nan,nan,nan,nan,nan,nan,nan,nan,nan,nan,nan,nan,nan,nan,nan,nan,nan,nan,nan,nan,nan,nan,nan,nan,nan,nan,nan,nan,nan,nan,nan,nan,46.82732502376014,-1.2235880032329391,-0.014754045484604406,0.022087864064947872,0.022087864064947872,0.022087864064947872,46.80295391829038,-1.1965071996176482,0.029838850218832726,0.02437110546976129,-0.02708080361529097,-0.044592895703437135,0.036432412852680854,0.057583392167236964,0.015427350997924805,False,DISABLED,none,MODEL_ORIGIN_FRAME_NOT_ESTABLISHED,nan,nan,nan,nan,nan,nan,nan,nan,nan,nan,nan,nan,nan,NOT_EVALUATED,nan,nan,nan,nan,DISABLED,nan,nan,nan,nan,nan,nan
1791471054.4361675,1791471054.4648478,1791471054.469561,1791471054.4695837,front_rgbd_red_sphere,True,True,True,,63.252,63.252,1791471054.4648478,1791471054.4535143,1791471054.4361675,1791471054.4361675,1791471054.4361675,0.0,1791471053.4521666,1791471054.4521697,1791471054.4435349,1791471054.4521697,1791471054.4435349,1791471054.4521697,1791471053.4521666,1791471054.4521697,1791471053.4521666,1791471054.4521697,1791470991.1841674,GAZEBO_CLOCK_SYSTEM_INTERPOLATION,MAPPED_EXACT,0,63.252,1791471054.4361675,0.001009225845336914,0.0,RGB,0.0,0,1,0,UNCALIBRATED,PREPARATION,MID,STRAIGHT,1.0,337,1.0,6.866718769073486,0.2687358260154724,nan,nan,False,0.0,0.0,0.0,0.0,0,0,0,0,0,0.0,0.0,0.0,0.0,0.0,0.0,0.0,0.0,0.0,0.0,0.0,0.0,0.0,0.0,6.620253817793463,-0.10361736957905343,-1.8202552440334774,0.0,0.0,0.0,0.0,0.0,0.0,0.0,0.0,0.0,0.0,0.0,False,DISABLED,0,nan,nan,nan,nan,nan,nan,nan,nan,nan,nan,nan,nan,nan,nan,nan,nan,nan,nan,nan,nan,nan,nan,nan,nan,nan,nan,nan,nan,nan,nan,nan,nan,nan,nan,46.68712106570466,-1.3650201149384635,-0.0025916866342531875,0.022101932624679767,0.022101932624679767,0.022101932624679767,46.65585736236014,-1.3433798088046651,0.041717996187028185,0.03126370334452133,-0.021640306133798415,-0.04430968282128137,0.03802265109613936,0.05838724165518787,0.02868032455444336,False,DISABLED,none,MODEL_ORIGIN_FRAME_NOT_ESTABLISHED,nan,nan,nan,nan,nan,nan,nan,nan,nan,nan,nan,nan,nan,NOT_EVALUATED,nan,nan,nan,nan,DISABLED,nan,nan,nan,nan,nan,nan
1791471054.4841604,1791471054.5031724,1791471054.5067701,1791471054.5067918,front_rgbd_red_sphere,True,True,True,,63.3,63.3,1791471054.5031724,1791471054.502395,1791471054.4841604,1791471054.4841604,1791471054.4841604,0.0,1791471053.4721565,1791471054.4921825,1791471054.4835348,1791471054.4921825,1791471054.4835348,1791471054.4921825,1791471053.4681613,1791471054.4921825,1791471053.4721565,1791471054.4921825,1791470991.1841605,GAZEBO_CLOCK_SYSTEM_INTERPOLATION,MAPPED_EXACT,0,63.3,1791471054.4841604,0.0032701492309570312,0.0,RGB,0.0,0,1,0,UNCALIBRATED,PREPARATION,MID,STRAIGHT,1.0,335,1.0,6.88132381439209,0.269117146730423,nan,nan,False,0.0,0.0,0.0,0.0,0,0,0,0,0,0.0,0.0,0.0,0.0,0.0,0.0,0.0,0.0,0.0,0.0,0.0,0.0,0.0,0.0,6.63363764525756,-0.1024868694076595,-1.8267369182088462,0.0,0.0,0.0,0.0,0.0,0.0,0.0,0.0,0.0,0.0,0.0,False,DISABLED,0,nan,nan,nan,nan,nan,nan,nan,nan,nan,nan,nan,nan,nan,nan,nan,nan,nan,nan,nan,nan,nan,nan,nan,nan,nan,nan,nan,nan,nan,nan,nan,nan,nan,nan,46.54750064821819,-1.5056482991968911,0.008719283544794065,0.02214538034357914,0.02214538034357914,0.02214538034357914,46.51986235693623,-1.4791205616425593,0.05245961486542419,0.027638291281959937,-0.0265277375543318,-0.04374033132063013,0.03830921566330964,0.0581447554709491,0.019011974334716797,False,DISABLED,none,MODEL_ORIGIN_FRAME_NOT_ESTABLISHED,nan,nan,nan,nan,nan,nan,nan,nan,nan,nan,nan,nan,nan,NOT_EVALUATED,nan,nan,nan,nan,DISABLED,nan,nan,nan,nan,nan,nan
1791471054.536166,1791471054.5563052,1791471054.563202,1791471054.5632234,front_rgbd_red_sphere,True,True,True,,63.352,63.352,1791471054.5563052,1791471054.5545943,1791471054.536166,1791471054.536166,1791471054.536166,0.0,1791471053.5321734,1791471054.5481756,1791471054.5395348,1791471054.5481756,1791471054.543535,1791471054.5521667,1791471053.5321734,1791471054.5481756,1791471053.5321734,1791471054.5521667,1791470991.184166,GAZEBO_CLOCK_SYSTEM_INTERPOLATION,MAPPED_EXACT,0,63.352,1791471054.536166,0.0020737648010253906,0.0,RGB,0.0,0,1,0,UNCALIBRATED,PREPARATION,MID,STRAIGHT,1.0,340,1.0,6.885326385498047,0.2709120512008667,nan,nan,False,0.0,0.0,0.0,0.0,0,0,0,0,0,0.0,0.0,0.0,0.0,0.0,0.0,0.0,0.0,0.0,0.0,0.0,0.0,0.0,0.0,6.634199424911697,-0.1008615524222698,-1.8398219181170017,0.0,0.0,0.0,0.0,0.0,0.0,0.0,0.0,0.0,0.0,0.0,False,DISABLED,0,nan,nan,nan,nan,nan,nan,nan,nan,nan,nan,nan,nan,nan,nan,nan,nan,nan,nan,nan,nan,nan,nan,nan,nan,nan,nan,nan,nan,nan,nan,nan,nan,nan,nan,46.40730260883581,-1.646604594020494,0.019892565962653264,0.022157294228986164,0.022157294228986164,0.022157294228986164,46.37272584045179,-1.6259225208981372,0.06373241049780874,0.034576768384020795,-0.020682073122356925,-0.04383984453515548,0.040290210479975636,0.05954185947203312,0.020139217376708984,False,DISABLED,none,MODEL_ORIGIN_FRAME_NOT_ESTABLISHED,nan,nan,nan,nan,nan,nan,nan,nan,nan,nan,nan,nan,nan,NOT_EVALUATED,nan,nan,nan,nan,DISABLED,nan,nan,nan,nan,nan,nan
1791471054.5841618,1791471054.6069932,1791471054.6139345,1791471054.6139688,front_rgbd_red_sphere,True,True,True,,63.4,63.4,1791471054.6069932,1791471054.6039917,1791471054.5841618,1791471054.5841618,1791471054.5841618,0.0,1791471053.5881734,1791471054.5881789,1791471054.579535,1791471054.5881789,1791471054.583535,1791471054.5921757,1791471053.5881734,1791471054.5881789,1791471053.5721824,1791471054.5921757,1791470991.1841617,GAZEBO_CLOCK_SYSTEM_INTERPOLATION,MAPPED_EXACT,0,63.4,1791471054.5841618,0.003498077392578125,0.0,RGB,0.0,0,1,0,UNCALIBRATED,PREPARATION,MID,STRAIGHT,1.0,336,1.0,6.8996453285217285,0.2706327736377716,nan,nan,False,0.0,0.0,0.0,0.0,0,0,0,0,0,0.0,0.0,0.0,0.0,0.0,0.0,0.0,0.0,0.0,0.0,0.0,0.0,0.0,0.0,6.648511449729948,-0.10004521873091399,-1.8418445050992176,0.0,0.0,0.0,0.0,0.0,0.0,0.0,0.0,0.0,0.0,0.0,False,DISABLED,0,nan,nan,nan,nan,nan,nan,nan,nan,nan,nan,nan,nan,nan,nan,nan,nan,nan,nan,nan,nan,nan,nan,nan,nan,nan,nan,nan,nan,nan,nan,nan,nan,nan,nan,46.267031261732015,-1.7874064440137098,0.0304892288326864,0.022199942889566174,0.022199942889566174,0.022199942889566174,46.23675189820359,-1.7615301698084251,0.07378236068330389,0.030279363528421754,-0.02587627420528471,-0.04329313185061749,0.03982990613136567,0.058827856393619773,0.022831439971923828,False,DISABLED,none,MODEL_ORIGIN_FRAME_NOT_ESTABLISHED,nan,nan,nan,nan,nan,nan,nan,nan,nan,nan,nan,nan,nan,NOT_EVALUATED,nan,nan,nan,nan,DISABLED,nan,nan,nan,nan,nan,nan
1791471054.6361618,1791471054.656558,1791471054.661934,1791471054.6619635,front_rgbd_red_sphere,True,True,True,,63.452,63.452,1791471054.656558,1791471054.6553195,1791471054.6361618,1791471054.6361618,1791471054.6361618,0.0,1791471053.6321578,1791471054.6521719,1791471054.643535,1791471054.6521719,1791471054.643535,1791471054.6521719,1791471053.628162,1791471054.6521719,1791471053.6321578,1791471054.6521719,1791470991.184162,GAZEBO_CLOCK_SYSTEM_INTERPOLATION,MAPPED_EXACT,0,63.452,1791471054.6361618,0.0019221305847167969,0.0,RGB,0.0,0,1,0,UNCALIBRATED,PREPARATION,MID,STRAIGHT,1.0,336,1.0,6.902831554412842,0.2720142900943756,nan,nan,False,0.0,0.0,0.0,0.0,0,0,0,0,0,0.0,0.0,0.0,0.0,0.0,0.0,0.0,0.0,0.0,0.0,0.0,0.0,0.0,0.0,6.6490258138483025,-0.0988330792906158,-1.851963623527629,0.0,0.0,0.0,0.0,0.0,0.0,0.0,0.0,0.0,0.0,0.0,False,DISABLED,0,nan,nan,nan,nan,nan,nan,nan,nan,nan,nan,nan,nan,nan,nan,nan,nan,nan,nan,nan,nan,nan,nan,nan,nan,nan,nan,nan,nan,nan,nan,nan,nan,nan,nan,46.126922337688285,-1.927920262408243,0.04125268562303669,0.02220943841185852,0.02220943841185852,0.02220943841185852,46.08940462618934,-1.908409320734553,0.08418203939608783,0.037517711498942674,-0.019510941673690052,-0.04292935377305114,0.04228777034926328,0.0602593141056535,0.02039623260498047,False,DISABLED,none,MODEL_ORIGIN_FRAME_NOT_ESTABLISHED,nan,nan,nan,nan,nan,nan,nan,nan,nan,nan,nan,nan,nan,NOT_EVALUATED,nan,nan,nan,nan,DISABLED,nan,nan,nan,nan,nan,nan
1791471054.6841588,1791471054.7039905,1791471054.7071052,1791471054.7071266,front_rgbd_red_sphere,True,True,True,,63.5,63.5,1791471054.7039905,1791471054.703073,1791471054.6841588,1791471054.6841588,1791471054.6841588,0.0,1791471053.6721618,1791471054.6921644,1791471054.683565,1791471054.6921644,1791471054.683565,1791471054.6921644,1791471053.6681895,1791471054.6921644,1791471053.6721618,1791471054.6921644,1791470991.1841588,GAZEBO_CLOCK_SYSTEM_INTERPOLATION,MAPPED_EXACT,0,63.5,1791471054.6841588,0.004018306732177734,0.0,RGB,0.0,0,1,0,UNCALIBRATED,PREPARATION,MID,STRAIGHT,1.0,334,1.0,6.916543006896973,0.27202850580215454,nan,nan,False,0.0,0.0,0.0,0.0,0,0,0,0,0,0.0,0.0,0.0,0.0,0.0,0.0,0.0,0.0,0.0,0.0,0.0,0.0,0.0,0.0,6.662206722533862,-0.0985010259165584,-1.8557653156617242,0.0,0.0,0.0,0.0,0.0,0.0,0.0,0.0,0.0,0.0,0.0,False,DISABLED,0,nan,nan,nan,nan,nan,nan,nan,nan,nan,nan,nan,nan,nan,nan,nan,nan,nan,nan,nan,nan,nan,nan,nan,nan,nan,nan,nan,nan,nan,nan,nan,nan,nan,nan,45.98664243966182,-2.0684261423820347,0.05095845178998998,0.022250325227118898,0.022250325227118898,0.022250325227118898,45.953341017953385,-2.0439734915876167,0.0932996343064862,0.03330142170843686,-0.02445265079441805,-0.042341182516496226,0.04131484985664239,0.05915819939426951,0.01983165740966797,False,DISABLED,none,MODEL_ORIGIN_FRAME_NOT_ESTABLISHED,nan,nan,nan,nan,nan,nan,nan,nan,nan,nan,nan,nan,nan,NOT_EVALUATED,nan,nan,nan,nan,DISABLED,nan,nan,nan,nan,nan,nan
1791471054.7361674,1791471054.756083,1791471054.7612524,1791471054.7612712,front_rgbd_red_sphere,True,True,True,,63.552,63.552,1791471054.756083,1791471054.7554827,1791471054.7361674,1791471054.7361674,1791471054.7361674,0.0,1791471053.7521617,1791471054.7481816,1791471054.739565,1791471054.7481816,1791471054.7435648,1791471054.7521663,1791471053.748166,1791471054.7481816,1791471053.7521617,1791471054.7521663,1791470991.1841674,GAZEBO_CLOCK_SYSTEM_INTERPOLATION,MAPPED_EXACT,0,63.552,1791471054.7361674,0.002013683319091797,0.0,RGB,0.0,0,1,0,UNCALIBRATED,PREPARATION,MID,STRAIGHT,1.0,333,1.0,6.918979644775391,0.27338138222694397,nan,nan,False,0.0,0.0,0.0,0.0,0,0,0,0,0,0.0,0.0,0.0,0.0,0.0,0.0,0.0,0.0,0.0,0.0,0.0,0.0,0.0,0.0,6.662032542918522,-0.09789405133843232,-1.8654799856396682,0.0,0.0,0.0,0.0,0.0,0.0,0.0,0.0,0.0,0.0,0.0,False,DISABLED,0,nan,nan,nan,nan,nan,nan,nan,nan,nan,nan,nan,nan,nan,nan,nan,nan,nan,nan,nan,nan,nan,nan,nan,nan,nan,nan,nan,nan,nan,nan,nan,nan,nan,nan,45.84616703212562,-2.20926568677342,0.059791611386550036,0.022257594738855562,0.022257594738855562,0.022257594738855562,45.806008923098126,-2.190682214620123,0.10255412944723973,0.040158109027494504,-0.018583472153297365,-0.04276251806068969,0.0442495102564595,0.061535779094989335,0.01991558074951172,False,DISABLED,none,MODEL_ORIGIN_FRAME_NOT_ESTABLISHED,nan,nan,nan,nan,nan,nan,nan,nan,nan,nan,nan,nan,nan,NOT_EVALUATED,nan,nan,nan,nan,DISABLED,nan,nan,nan,nan,nan,nan
1791471054.7841573,1791471054.799844,1791471054.8032866,1791471054.8033068,front_rgbd_red_sphere,True,True,True,,63.6,63.6,1791471054.799844,1791471054.7994075,1791471054.7841573,1791471054.7841573,1791471054.7841573,0.0,1791471053.7721603,1791471054.7881703,1791471054.7795649,1791471054.7881703,1791471054.7835648,1791471054.7921677,1791471053.7721603,1791471054.7881703,1791471053.7721603,1791471054.7921677,1791470991.1841574,GAZEBO_CLOCK_SYSTEM_INTERPOLATION,MAPPED_EXACT,0,63.6,1791471054.7841573,0.0038559436798095703,0.0,RGB,0.0,0,1,0,UNCALIBRATED,PREPARATION,MID,STRAIGHT,1.0,333,1.0,6.931543827056885,0.2729829251766205,nan,nan,False,0.0,0.0,0.0,0.0,0,0,0,0,0,0.0,0.0,0.0,0.0,0.0,0.0,0.0,0.0,0.0,0.0,0.0,0.0,0.0,0.0,6.674875359978379,-0.09818042395546556,-1.8661986913342297,0.0,0.0,0.0,0.0,0.0,0.0,0.0,0.0,0.0,0.0,0.0,False,DISABLED,0,nan,nan,nan,nan,nan,nan,nan,nan,nan,nan,nan,nan,nan,nan,nan,nan,nan,nan,nan,nan,nan,nan,nan,nan,nan,nan,nan,nan,nan,nan,nan,nan,nan,nan,45.70597241807829,-2.3496239903908256,0.06820171860151719,0.022295099717329153,0.022295099717329153,0.022295099717329153,45.66985245436318,-2.3261852018911173,0.11051398536805263,0.03611996371510884,-0.023438788499708263,-0.042312266766535434,0.04305843221849624,0.060368505895353204,0.015686750411987305,False,DISABLED,none,MODEL_ORIGIN_FRAME_NOT_ESTABLISHED,nan,nan,nan,nan,nan,nan,nan,nan,nan,nan,nan,nan,nan,NOT_EVALUATED,nan,nan,nan,nan,DISABLED,nan,nan,nan,nan,nan,nan
1791471054.8361604,1791471054.8540273,1791471054.8624523,1791471054.8624816,front_rgbd_red_sphere,True,True,True,,63.652,63.652,1791471054.8540273,1791471054.8528674,1791471054.8361604,1791471054.8361604,1791471054.8361604,0.0,1791471053.8321605,1791471054.8521678,1791471054.843565,1791471054.8521678,1791471054.843565,1791471054.8521678,1791471053.8281596,1791471054.8521678,1791471053.8321605,1791471054.8521678,1791470991.1841605,GAZEBO_CLOCK_SYSTEM_INTERPOLATION,MAPPED_EXACT,0,63.652,1791471054.8361604,0.002432584762573242,0.0,RGB,0.0,0,1,0,UNCALIBRATED,PREPARATION,MID,STRAIGHT,1.0,334,1.0,6.933154106140137,0.2746105194091797,nan,nan,False,0.0,0.0,0.0,0.0,0,0,0,0,0,0.0,0.0,0.0,0.0,0.0,0.0,0.0,0.0,0.0,0.0,0.0,0.0,0.0,0.0,6.673374975158492,-0.09819441598178358,-1.877511738555956,0.0,0.0,0.0,0.0,0.0,0.0,0.0,0.0,0.0,0.0,0.0,False,DISABLED,0,nan,nan,nan,nan,nan,nan,nan,nan,nan,nan,nan,nan,nan,nan,nan,nan,nan,nan,nan,nan,nan,nan,nan,nan,nan,nan,nan,nan,nan,nan,nan,nan,nan,nan,45.56547641942092,-2.4901240384023473,0.0763767119189796,0.02229990919267519,0.02229990919267519,0.02229990919267519,45.52240776663663,-2.472828062044949,0.11840250132675531,0.04306865278428518,-0.017295976357398324,-0.04202578940777571,0.046411848172734915,0.06261171317058582,0.017866849899291992,False,DISABLED,none,MODEL_ORIGIN_FRAME_NOT_ESTABLISHED,nan,nan,nan,nan,nan,nan,nan,nan,nan,nan,nan,nan,nan,NOT_EVALUATED,nan,nan,nan,nan,DISABLED,nan,nan,nan,nan,nan,nan
1791471054.8841596,1791471054.9128625,1791471054.9166262,1791471054.9166691,front_rgbd_red_sphere,True,True,True,,63.7,63.7,1791471054.9128625,1791471054.901925,1791471054.8841596,1791471054.8841596,1791471054.8841596,0.0,1791471053.8721628,1791471054.8921754,1791471054.883565,1791471054.8921754,1791471054.883565,1791471054.8921754,1791471053.8681712,1791471054.8921754,1791471053.8721628,1791471054.8921754,1791470991.1841595,GAZEBO_CLOCK_SYSTEM_INTERPOLATION,MAPPED_EXACT,0,63.7,1791471054.8841596,0.0009622573852539062,0.0,RGB,0.0,0,1,0,UNCALIBRATED,PREPARATION,MID,STRAIGHT,1.0,333,1.0,6.945080757141113,0.2747716009616852,nan,nan,False,0.0,0.0,0.0,0.0,0,0,0,0,0,0.0,0.0,0.0,0.0,0.0,0.0,0.0,0.0,0.0,0.0,0.0,0.0,0.0,0.0,6.684551076529234,-0.09872744393754473,-1.88180068815773,0.0,0.0,0.0,0.0,0.0,0.0,0.0,0.0,0.0,0.0,0.0,False,DISABLED,0,nan,nan,nan,nan,nan,nan,nan,nan,nan,nan,nan,nan,nan,nan,nan,nan,nan,nan,nan,nan,nan,nan,nan,nan,nan,nan,nan,nan,nan,nan,nan,nan,nan,nan,45.424796697285316,-2.6306527460157643,0.08373899887873298,0.022335543304812838,0.022335543304812838,0.022335543304812838,45.386277358401045,-2.6081308508856873,0.12500354292455107,0.03851933888427084,-0.022521895130076963,-0.041264544045818086,0.0446203454528479,0.06077612873193508,0.028702974319458008,False,DISABLED,none,MODEL_ORIGIN_FRAME_NOT_ESTABLISHED,nan,nan,nan,nan,nan,nan,nan,nan,nan,nan,nan,nan,nan,NOT_EVALUATED,nan,nan,nan,nan,DISABLED,nan,nan,nan,nan,nan,nan
1791471054.9361587,1791471054.9532793,1791471054.9610443,1791471054.961065,front_rgbd_red_sphere,True,True,True,,63.752,63.752,1791471054.9532793,1791471054.952053,1791471054.9361587,1791471054.9361587,1791471054.9361587,0.0,1791471053.9321601,1791471054.948173,1791471054.939565,1791471054.948173,1791471054.943565,1791471054.9521682,1791471053.9321601,1791471054.948173,1791471053.9321601,1791471054.9521682,1791470991.1841586,GAZEBO_CLOCK_SYSTEM_INTERPOLATION,MAPPED_EXACT,0,63.752,1791471054.9361587,0.0018150806427001953,0.0,RGB,0.0,0,1,0,UNCALIBRATED,PREPARATION,MID,STRAIGHT,1.0,332,1.0,6.945150852203369,0.2766275107860565,nan,nan,False,0.0,0.0,0.0,0.0,0,0,0,0,0,0.0,0.0,0.0,0.0,0.0,0.0,0.0,0.0,0.0,0.0,0.0,0.0,0.0,0.0,6.681110058132597,-0.09900415939114282,-1.8942250232505096,0.0,0.0,0.0,0.0,0.0,0.0,0.0,0.0,0.0,0.0,0.0,False,DISABLED,0,nan,nan,nan,nan,nan,nan,nan,nan,nan,nan,nan,nan,nan,nan,nan,nan,nan,nan,nan,nan,nan,nan,nan,nan,nan,nan,nan,nan,nan,nan,nan,nan,nan,nan,45.28419232236214,-2.7707660208210583,0.09028460593434945,0.022335753724726532,0.022335753724726532,0.022335753724726532,45.23860783250164,-2.754796437910366,0.13133537342357068,0.045584489860495125,-0.01596958291069228,-0.041050767489221235,0.04830086225092734,0.06338879085167315,0.0171205997467041,False,DISABLED,none,MODEL_ORIGIN_FRAME_NOT_ESTABLISHED,nan,nan,nan,nan,nan,nan,nan,nan,nan,nan,nan,nan,nan,NOT_EVALUATED,nan,nan,nan,nan,DISABLED,nan,nan,nan,nan,nan,nan
1791471054.9841597,1791471055.0015006,1791471055.0049913,1791471055.0050116,front_rgbd_red_sphere,True,True,True,,63.8,63.8,1791471055.0015006,1791471055.0002909,1791471054.9841597,1791471054.9841597,1791471054.9841597,0.0,1791471053.9721632,1791471054.9881701,1791471054.979565,1791471054.9881701,1791471054.9835649,1791471054.9921672,1791471053.9721632,1791471054.9881701,1791471053.9721632,1791471054.9921672,1791470991.1841598,GAZEBO_CLOCK_SYSTEM_INTERPOLATION,MAPPED_EXACT,0,63.8,1791471054.9841597,0.0015835762023925781,0.0,RGB,0.0,0,1,0,UNCALIBRATED,PREPARATION,MID,STRAIGHT,1.0,331,1.0,6.9557271003723145,0.2764661908149719,nan,nan,False,0.0,0.0,0.0,0.0,0,0,0,0,0,0.0,0.0,0.0,0.0,0.0,0.0,0.0,0.0,0.0,0.0,0.0,0.0,0.0,0.0,6.691590365989842,-0.09994146526299907,-1.8959874104747758,0.0,0.0,0.0,0.0,0.0,0.0,0.0,0.0,0.0,0.0,0.0,False,DISABLED,0,nan,nan,nan,nan,nan,nan,nan,nan,nan,nan,nan,nan,nan,nan,nan,nan,nan,nan,nan,nan,nan,nan,nan,nan,nan,nan,nan,nan,nan,nan,nan,nan,nan,nan,45.14303871672531,-2.9112100340137474,0.09598170024047376,0.02236737702809393,0.02236737702809393,0.02236737702809393,45.10232915800959,-2.890050997735288,0.13642173707492997,0.040709558715718686,-0.021159036278459276,-0.04044003683445621,0.045879984601803245,0.06115856085809964,0.017340898513793945,False,DISABLED,none,MODEL_ORIGIN_FRAME_NOT_ESTABLISHED,nan,nan,nan,nan,nan,nan,nan,nan,nan,nan,nan,nan,nan,NOT_EVALUATED,nan,nan,nan,nan,DISABLED,nan,nan,nan,nan,nan,nan
1791471055.0361655,1791471055.0562608,1791471055.0606928,1791471055.0607128,front_rgbd_red_sphere,True,True,True,,63.852,63.852,1791471055.0562608,1791471055.0554922,1791471055.0361655,1791471055.0361655,1791471055.0361655,0.0,1791471054.032159,1791471055.052164,1791471055.043565,1791471055.052164,1791471055.043565,1791471055.052164,1791471054.0281625,1791471055.052164,1791471054.032159,1791471055.052164,1791470991.1841655,GAZEBO_CLOCK_SYSTEM_INTERPOLATION,MAPPED_EXACT,0,63.852,1791471055.0361655,0.001422882080078125,0.0,RGB,0.0,0,1,0,UNCALIBRATED,PREPARATION,MID,STRAIGHT,1.0,332,1.0,6.954958915710449,0.2775707542896271,nan,nan,False,0.0,0.0,0.0,0.0,0,0,0,0,0,0.0,0.0,0.0,0.0,0.0,0.0,0.0,0.0,0.0,0.0,0.0,0.0,0.0,0.0,6.688750391199396,-0.1007830017986695,-1.9031326030834972,0.0,0.0,0.0,0.0,0.0,0.0,0.0,0.0,0.0,0.0,0.0,False,DISABLED,0,nan,nan,nan,nan,nan,nan,nan,nan,nan,nan,nan,nan,nan,nan,nan,nan,nan,nan,nan,nan,nan,nan,nan,nan,nan,nan,nan,nan,nan,nan,nan,nan,nan,nan,45.001394690972845,-3.0518039714216663,0.10095113796977279,0.022365079443945897,0.022365079443945897,0.022365079443945897,44.95466208806301,-3.0364907188153873,0.14103203543548973,0.0467326029098345,-0.015313252606278915,-0.04008089746571694,0.04917755463737476,0.06344218014672331,0.020095348358154297,False,DISABLED,none,MODEL_ORIGIN_FRAME_NOT_ESTABLISHED,nan,nan,nan,nan,nan,nan,nan,nan,nan,nan,nan,nan,nan,NOT_EVALUATED,nan,nan,nan,nan,DISABLED,nan,nan,nan,nan,nan,nan
1791471055.084158,1791471055.1035028,1791471055.1077669,1791471055.1077898,front_rgbd_red_sphere,True,True,True,,63.9,63.9,1791471055.1035028,1791471055.1023924,1791471055.084158,1791471055.084158,1791471055.084158,0.0,1791471054.072161,1791471055.0921664,1791471055.083565,1791471055.0921664,1791471055.083565,1791471055.0921664,1791471054.0681698,1791471055.0921664,1791471054.072161,1791471055.0921664,1791470991.1841578,GAZEBO_CLOCK_SYSTEM_INTERPOLATION,MAPPED_EXACT,0,63.9,1791471055.084158,0.0035398006439208984,0.0,RGB,0.0,0,1,0,UNCALIBRATED,PREPARATION,MID,STRAIGHT,1.0,330,1.0,6.964138031005859,0.27702417969703674,nan,nan,False,0.0,0.0,0.0,0.0,0,0,0,0,0,0.0,0.0,0.0,0.0,0.0,0.0,0.0,0.0,0.0,0.0,0.0,0.0,0.0,0.0,6.698620320803202,-0.10213984664142473,-1.901912704423511,0.0,0.0,0.0,0.0,0.0,0.0,0.0,0.0,0.0,0.0,0.0,False,DISABLED,0,nan,nan,nan,nan,nan,nan,nan,nan,nan,nan,nan,nan,nan,nan,nan,nan,nan,nan,nan,nan,nan,nan,nan,nan,nan,nan,nan,nan,nan,nan,nan,nan,nan,nan,44.85985865257535,-3.191848446986643,0.10496598247320948,0.022392542737820507,0.022392542737820507,0.022392542737820507,44.818325479439366,-3.171586235771325,0.14447594863643776,0.04153317313598137,-0.020262211215317905,-0.03950996616322827,0.04621213773542141,0.0607996636528279,0.019344806671142578,False,DISABLED,none,MODEL_ORIGIN_FRAME_NOT_ESTABLISHED,nan,nan,nan,nan,nan,nan,nan,nan,nan,nan,nan,nan,nan,NOT_EVALUATED,nan,nan,nan,nan,DISABLED,nan,nan,nan,nan,nan,nan
1791471055.1361794,1791471055.1613684,1791471055.1642942,1791471055.1643138,front_rgbd_red_sphere,True,True,True,,63.952,63.952,1791471055.15227,1791471055.1613684,1791471055.1361794,1791471055.1361794,1791471055.1361794,0.0,1791471054.152173,1791471055.1481674,1791471055.139565,1791471055.1481674,1791471055.143565,1791471055.1521802,1791471054.1321576,1791471055.1481674,1791471054.152173,1791471055.1521802,1791470991.1841795,GAZEBO_CLOCK_SYSTEM_INTERPOLATION,MAPPED_EXACT,0,63.952,1791471055.1361794,0.0014162063598632812,0.0,RGB,0.0,0,1,0,UNCALIBRATED,PREPARATION,MID,STRAIGHT,1.0,333,1.0,6.962045192718506,0.27837371826171875,nan,nan,False,0.0,0.0,0.0,0.0,0,0,0,0,0,0.0,0.0,0.0,0.0,0.0,0.0,0.0,0.0,0.0,0.0,0.0,0.0,0.0,0.0,6.694031366781254,-0.10328238009718405,-1.9103267493919205,0.0,0.0,0.0,0.0,0.0,0.0,0.0,0.0,0.0,0.0,0.0,False,DISABLED,0,nan,nan,nan,nan,nan,nan,nan,nan,nan,nan,nan,nan,nan,nan,nan,nan,nan,nan,nan,nan,nan,nan,nan,nan,nan,nan,nan,nan,nan,nan,nan,nan,nan,nan,44.718358334255186,-3.3323055155308205,0.10813603823111345,0.02238627925095571,0.02238627925095571,0.02238627925095571,44.670400793047875,-3.318034593503508,0.14725750298723836,0.04795754120731033,-0.014270922027312505,-0.03912146475612491,0.05003583689877188,0.0635143604142026,0.025188922882080078,False,DISABLED,none,MODEL_ORIGIN_FRAME_NOT_ESTABLISHED,nan,nan,nan,nan,nan,nan,nan,nan,nan,nan,nan,nan,nan,NOT_EVALUATED,nan,nan,nan,nan,DISABLED,nan,nan,nan,nan,nan,nan
1791471055.184159,1791471055.20171,1791471055.2051044,1791471055.2051234,front_rgbd_red_sphere,True,True,True,,64.0,64.0,1791471055.20171,1791471055.2007036,1791471055.184159,1791471055.184159,1791471055.184159,0.0,1791471054.1721613,1791471055.1881711,1791471055.179565,1791471055.1881711,1791471055.183565,1791471055.192164,1791471054.1721613,1791471055.1881711,1791471054.1721613,1791471055.192164,1791470991.184159,GAZEBO_CLOCK_SYSTEM_INTERPOLATION,MAPPED_EXACT,0,64.0,1791471055.184159,0.0017423629760742188,0.0,RGB,0.0,0,1,0,UNCALIBRATED,PREPARATION,MID,STRAIGHT,1.0,334,1.0,6.970006465911865,0.2779671251773834,nan,nan,False,0.0,0.0,0.0,0.0,0,0,0,0,0,0.0,0.0,0.0,0.0,0.0,0.0,0.0,0.0,0.0,0.0,0.0,0.0,0.0,0.0,6.702464325758172,-0.10476447744815687,-1.9097078378316557,0.0,0.0,0.0,0.0,0.0,0.0,0.0,0.0,0.0,0.0,0.0,False,DISABLED,0,nan,nan,nan,nan,nan,nan,nan,nan,nan,nan,nan,nan,nan,nan,nan,nan,nan,nan,nan,nan,nan,nan,nan,nan,nan,nan,nan,nan,nan,nan,nan,nan,nan,nan,44.576865120746824,-3.47254942124633,0.1101464118391356,0.022410108827330955,0.022410108827330955,0.022410108827330955,44.53394716781581,-3.453008011592512,0.14897486451831624,0.0429179529310133,-0.01954140965381823,-0.03882845267918064,0.047157368194663006,0.061085727567954724,0.017550945281982422,False,DISABLED,none,MODEL_ORIGIN_FRAME_NOT_ESTABLISHED,nan,nan,nan,nan,nan,nan,nan,nan,nan,nan,nan,nan,nan,NOT_EVALUATED,nan,nan,nan,nan,DISABLED,nan,nan,nan,nan,nan,nan
1791471055.2361612,1791471055.2534258,1791471055.2606962,1791471055.2607145,front_rgbd_red_sphere,True,True,True,,64.052,64.052,1791471055.2534258,1791471055.2525034,1791471055.2361612,1791471055.2361612,1791471055.2361612,0.0,1791471054.2521677,1791471055.252173,1791471055.2435648,1791471055.252173,1791471055.2435648,1791471055.252173,1791471054.2521677,1791471055.252173,1791471054.2521677,1791471055.252173,1791470991.1841612,GAZEBO_CLOCK_SYSTEM_INTERPOLATION,MAPPED_EXACT,0,64.052,1791471055.2361612,0.0012395381927490234,0.0,RGB,0.0,0,1,0,UNCALIBRATED,PREPARATION,MID,STRAIGHT,1.0,332,1.0,6.96661901473999,0.27919802069664,nan,nan,False,0.0,0.0,0.0,0.0,0,0,0,0,0,0.0,0.0,0.0,0.0,0.0,0.0,0.0,0.0,0.0,0.0,0.0,0.0,0.0,0.0,6.69684877568574,-0.1058381684566072,-1.9169748130515991,0.0,0.0,0.0,0.0,0.0,0.0,0.0,0.0,0.0,0.0,0.0,False,DISABLED,0,nan,nan,nan,nan,nan,nan,nan,nan,nan,nan,nan,nan,nan,nan,nan,nan,nan,nan,nan,nan,nan,nan,nan,nan,nan,nan,nan,nan,nan,nan,nan,nan,nan,nan,44.43509871895636,-3.61312608358314,0.11109029202037052,0.022399967867331047,0.022399967867331047,0.022399967867331047,44.38605079870129,-3.599158763161137,0.1498556212566784,0.04904792025507021,-0.013967320422002771,-0.03876532923630788,0.050997887418192354,0.06405884226176718,0.017264604568481445,False,DISABLED,none,MODEL_ORIGIN_FRAME_NOT_ESTABLISHED,nan,nan,nan,nan,nan,nan,nan,nan,nan,nan,nan,nan,nan,NOT_EVALUATED,nan,nan,nan,nan,DISABLED,nan,nan,nan,nan,nan,nan
1791471055.2841585,1791471055.2999048,1791471055.3032875,1791471055.3033094,front_rgbd_red_sphere,True,True,True,,64.1,64.1,1791471055.2999048,1791471055.299069,1791471055.2841585,1791471055.2841585,1791471055.2841585,0.0,1791471054.2921627,1791471055.2921753,1791471055.2835648,1791471055.2921753,1791471055.2835648,1791471055.2921753,1791471054.2921627,1791471055.2921753,1791471054.2921627,1791471055.2921753,1791470991.1841586,GAZEBO_CLOCK_SYSTEM_INTERPOLATION,MAPPED_EXACT,0,64.1,1791471055.2841585,0.003909111022949219,0.0,RGB,0.0,0,1,0,UNCALIBRATED,PREPARATION,MID,STRAIGHT,1.0,334,1.0,6.973083972930908,0.278553307056427,nan,nan,False,0.0,0.0,0.0,0.0,0,0,0,0,0,0.0,0.0,0.0,0.0,0.0,0.0,0.0,0.0,0.0,0.0,0.0,0.0,0.0,0.0,6.704300942490903,-0.10712105276215667,-1.914359392475962,0.0,0.0,0.0,0.0,0.0,0.0,0.0,0.0,0.0,0.0,0.0,False,DISABLED,0,nan,nan,nan,nan,nan,nan,nan,nan,nan,nan,nan,nan,nan,nan,nan,nan,nan,nan,nan,nan,nan,nan,nan,nan,nan,nan,nan,nan,nan,nan,nan,nan,nan,nan,44.29325381655291,-3.753315913429478,0.11081684790581653,0.022419323901685266,0.022419323901685266,0.022419323901685266,44.24935537107854,-3.7341116151658014,0.14980461833655642,0.04389844547436894,-0.019204298263676645,-0.03898777043073989,0.04791532726452358,0.06177317241348766,0.015746355056762695,False,DISABLED,none,MODEL_ORIGIN_FRAME_NOT_ESTABLISHED,nan,nan,nan,nan,nan,nan,nan,nan,nan,nan,nan,nan,nan,NOT_EVALUATED,nan,nan,nan,nan,DISABLED,nan,nan,nan,nan,nan,nan
1791471055.3361578,1791471055.3613946,1791471055.3644185,1791471055.3644392,front_rgbd_red_sphere,True,True,True,,64.152,64.152,1791471055.3613946,1791471055.3604486,1791471055.3361578,1791471055.3361578,1791471055.3361578,0.0,1791471054.3321562,1791471055.3481708,1791471055.3395648,1791471055.3481708,1791471055.343565,1791471055.3521705,1791471054.3321562,1791471055.3481708,1791471054.3321562,1791471055.3521705,1791470991.1841578,GAZEBO_CLOCK_SYSTEM_INTERPOLATION,MAPPED_EXACT,0,64.152,1791471055.3361578,0.001392364501953125,0.0,RGB,0.0,0,1,0,UNCALIBRATED,PREPARATION,MID,STRAIGHT,1.0,331,1.0,6.968227386474609,0.27937376499176025,nan,nan,False,0.0,0.0,0.0,0.0,0,0,0,0,0,0.0,0.0,0.0,0.0,0.0,0.0,0.0,0.0,0.0,0.0,0.0,0.0,0.0,0.0,6.698057264919238,-0.10770189722318158,-1.9184941216832119,0.0,0.0,0.0,0.0,0.0,0.0,0.0,0.0,0.0,0.0,0.0,False,DISABLED,0,nan,nan,nan,nan,nan,nan,nan,nan,nan,nan,nan,nan,nan,nan,nan,nan,nan,nan,nan,nan,nan,nan,nan,nan,nan,nan,nan,nan,nan,nan,nan,nan,nan,nan,44.151108129391865,-3.8932737514208022,0.10976924348503397,0.02240478259552896,0.02240478259552896,0.02240478259552896,44.10127652723483,-3.8801493093406694,0.1487638029077416,0.04983160215703464,-0.013124442080132859,-0.03899455942270763,0.05153095723399422,0.06462209543200234,0.025236845016479492,False,DISABLED,none,MODEL_ORIGIN_FRAME_NOT_ESTABLISHED,nan,nan,nan,nan,nan,nan,nan,nan,nan,nan,nan,nan,nan,NOT_EVALUATED,nan,nan,nan,nan,DISABLED,nan,nan,nan,nan,nan,nan
1791471055.3841581,1791471055.409717,1791471055.4130735,1791471055.4130938,front_rgbd_red_sphere,True,True,True,,64.2,64.2,1791471055.409717,1791471055.409101,1791471055.3841581,1791471055.3841581,1791471055.3841581,0.0,1791471054.3721604,1791471055.3881702,1791471055.379565,1791471055.3881702,1791471055.383565,1791471055.392161,1791471054.3721604,1791471055.3881702,1791471054.3721604,1791471055.392161,1791470991.184158,GAZEBO_CLOCK_SYSTEM_INTERPOLATION,MAPPED_EXACT,0,64.2,1791471055.3841581,0.001760244369506836,0.0,RGB,0.0,0,1,0,UNCALIBRATED,PREPARATION,MID,STRAIGHT,1.0,331,1.0,6.973379135131836,0.27836644649505615,nan,nan,False,0.0,0.0,0.0,0.0,0,0,0,0,0,0.0,0.0,0.0,0.0,0.0,0.0,0.0,0.0,0.0,0.0,0.0,0.0,0.0,0.0,6.704942928171959,-0.10844155360159569,-1.9131114599534396,0.0,0.0,0.0,0.0,0.0,0.0,0.0,0.0,0.0,0.0,0.0,False,DISABLED,0,nan,nan,nan,nan,nan,nan,nan,nan,nan,nan,nan,nan,nan,nan,nan,nan,nan,nan,nan,nan,nan,nan,nan,nan,nan,nan,nan,nan,nan,nan,nan,nan,nan,nan,44.00882354150364,-4.033092302355228,0.10755836909379562,0.02242020787230652,0.02242020787230652,0.02242020787230652,43.96448703307348,-4.01491368661,0.1469454302216675,0.04433650843015613,-0.018178615745227944,-0.03938706112787188,0.04791855642848556,0.06202845020215055,0.025558948516845703,False,DISABLED,none,MODEL_ORIGIN_FRAME_NOT_ESTABLISHED,nan,nan,nan,nan,nan,nan,nan,nan,nan,nan,nan,nan,nan,NOT_EVALUATED,nan,nan,nan,nan,DISABLED,nan,nan,nan,nan,nan,nan
1791471055.4361587,1791471055.4669204,1791471055.4700038,1791471055.470024,front_rgbd_red_sphere,True,True,True,,64.252,64.252,1791471055.4669204,1791471055.4657187,1791471055.4361587,1791471055.4361587,1791471055.4361587,0.0,1791471054.4521697,1791471055.4521723,1791471055.443565,1791471055.4521723,1791471055.443565,1791471055.4521723,1791471054.4521697,1791471055.4521723,1791471054.4521697,1791471055.4521723,1791470991.1841586,GAZEBO_CLOCK_SYSTEM_INTERPOLATION,MAPPED_EXACT,0,64.252,1791471055.4361587,0.0029006004333496094,0.0,RGB,0.0,0,1,0,UNCALIBRATED,PREPARATION,MID,STRAIGHT,1.0,333,1.0,6.967141151428223,0.2790374457836151,nan,nan,False,0.0,0.0,0.0,0.0,0,0,0,0,0,0.0,0.0,0.0,0.0,0.0,0.0,0.0,0.0,0.0,0.0,0.0,0.0,0.0,0.0,6.69765908644809,-0.10882310095244208,-1.91587461646054,0.0,0.0,0.0,0.0,0.0,0.0,0.0,0.0,0.0,0.0,0.0,False,DISABLED,0,nan,nan,nan,nan,nan,nan,nan,nan,nan,nan,nan,nan,nan,nan,nan,nan,nan,nan,nan,nan,nan,nan,nan,nan,nan,nan,nan,nan,nan,nan,nan,nan,nan,nan,43.866200737686356,-4.172964876406887,0.10446667224003298,0.022401531301723725,0.022401531301723725,0.022401531301723725,43.81625384289811,-4.160786661739209,0.14400939680110958,0.0499468947882491,-0.012178214667677878,-0.0395427245610766,0.05141012751861708,0.06485852509264792,0.03076171875,False,DISABLED,none,MODEL_ORIGIN_FRAME_NOT_ESTABLISHED,nan,nan,nan,nan,nan,nan,nan,nan,nan,nan,nan,nan,nan,NOT_EVALUATED,nan,nan,nan,nan,DISABLED,nan,nan,nan,nan,nan,nan
1791471055.4841566,1791471055.5011399,1791471055.504996,1791471055.5050197,front_rgbd_red_sphere,True,True,True,,64.3,64.3,1791471055.5011399,1791471055.4997592,1791471055.4841566,1791471055.4841566,1791471055.4841566,0.0,1791471054.4721632,1791471055.4921649,1791471055.4835649,1791471055.4921649,1791471055.4835649,1791471055.4921649,1791471054.468166,1791471055.4921649,1791471054.4721632,1791471055.4921649,1791470991.1841567,GAZEBO_CLOCK_SYSTEM_INTERPOLATION,MAPPED_EXACT,0,64.3,1791471055.4841566,0.0013689994812011719,0.0,RGB,0.0,0,1,0,UNCALIBRATED,PREPARATION,MID,STRAIGHT,1.0,330,1.0,6.9710693359375,0.27777668833732605,nan,nan,False,0.0,0.0,0.0,0.0,0,0,0,0,0,0.0,0.0,0.0,0.0,0.0,0.0,0.0,0.0,0.0,0.0,0.0,0.0,0.0,0.0,6.703850752414346,-0.10949139726695023,-1.9084560950270664,0.0,0.0,0.0,0.0,0.0,0.0,0.0,0.0,0.0,0.0,0.0,False,DISABLED,0,nan,nan,nan,nan,nan,nan,nan,nan,nan,nan,nan,nan,nan,nan,nan,nan,nan,nan,nan,nan,nan,nan,nan,nan,nan,nan,nan,nan,nan,nan,nan,nan,nan,nan,43.72304980693712,-4.312736967692297,0.10032728668532892,0.02241329176132089,0.02241329176132089,0.02241329176132089,43.679336387744776,-4.295373864673195,0.140469178442182,0.043713419192343395,-0.017363103019102155,-0.04014189175685309,0.04703552236275781,0.06183616933281363,0.0169832706451416,False,DISABLED,none,MODEL_ORIGIN_FRAME_NOT_ESTABLISHED,nan,nan,nan,nan,nan,nan,nan,nan,nan,nan,nan,nan,nan,NOT_EVALUATED,nan,nan,nan,nan,DISABLED,nan,nan,nan,nan,nan,nan
1791471055.5361767,1791471055.5546534,1791471055.5609944,1791471055.5610154,front_rgbd_red_sphere,True,True,True,,64.352,64.352,1791471055.5546534,1791471055.553758,1791471055.5361767,1791471055.5361767,1791471055.5361767,0.0,1791471054.532163,1791471055.5481677,1791471055.5395648,1791471055.5481677,1791471055.543565,1791471055.5521615,1791471054.532163,1791471055.5481677,1791471054.532163,1791471055.5521615,1791470991.1841767,GAZEBO_CLOCK_SYSTEM_INTERPOLATION,MAPPED_EXACT,0,64.352,1791471055.5361767,0.0016617774963378906,0.0,RGB,0.0,0,1,0,UNCALIBRATED,PREPARATION,MID,STRAIGHT,1.0,331,1.0,6.963515281677246,0.2776113450527191,nan,nan,False,0.0,0.0,0.0,0.0,0,0,0,0,0,0.0,0.0,0.0,0.0,0.0,0.0,0.0,0.0,0.0,0.0,0.0,0.0,0.0,0.0,6.696901908031801,-0.10983877163849343,-1.9052522183080924,0.0,0.0,0.0,0.0,0.0,0.0,0.0,0.0,0.0,0.0,0.0,False,DISABLED,0,nan,nan,nan,nan,nan,nan,nan,nan,nan,nan,nan,nan,nan,nan,nan,nan,nan,nan,nan,nan,nan,nan,nan,nan,nan,nan,nan,nan,nan,nan,nan,nan,nan,nan,43.57961901798684,-4.45261214247007,0.09553028640277011,0.0223906791000584,0.0223906791000584,0.0223906791000584,43.53092193935808,-4.441084313364629,0.1357099080457977,0.048697078628762824,-0.011527829105440368,-0.040179621643027574,0.050042944666157954,0.06417708552308213,0.01847672462463379,False,DISABLED,none,MODEL_ORIGIN_FRAME_NOT_ESTABLISHED,nan,nan,nan,nan,nan,nan,nan,nan,nan,nan,nan,nan,nan,NOT_EVALUATED,nan,nan,nan,nan,DISABLED,nan,nan,nan,nan,nan,nan
1791471055.584157,1791471055.6145473,1791471055.6182022,1791471055.6182241,front_rgbd_red_sphere,True,True,True,,64.4,64.4,1791471055.6145473,1791471055.6026173,1791471055.584157,1791471055.584157,1791471055.584157,0.0,1791471054.5721583,1791471055.588169,1791471055.5795648,1791471055.588169,1791471055.583565,1791471055.5921683,1791471054.5721583,1791471055.588169,1791471054.5721583,1791471055.5921683,1791470991.184157,GAZEBO_CLOCK_SYSTEM_INTERPOLATION,MAPPED_EXACT,0,64.4,1791471055.584157,0.0026230812072753906,0.0,RGB,0.0,0,1,0,UNCALIBRATED,PREPARATION,MID,STRAIGHT,1.0,331,1.0,6.965932846069336,0.275292307138443,nan,nan,False,0.0,0.0,0.0,0.0,0,0,0,0,0,0.0,0.0,0.0,0.0,0.0,0.0,0.0,0.0,0.0,0.0,0.0,0.0,0.0,0.0,6.703636123534415,-0.11063989682234343,-1.8903021188381572,0.0,0.0,0.0,0.0,0.0,0.0,0.0,0.0,0.0,0.0,0.0,False,DISABLED,0,nan,nan,nan,nan,nan,nan,nan,nan,nan,nan,nan,nan,nan,nan,nan,nan,nan,nan,nan,nan,nan,nan,nan,nan,nan,nan,nan,nan,nan,nan,nan,nan,nan,nan,43.43623099181406,-4.592261642749255,0.08949657767180424,0.02239791462711576,0.02239791462711576,0.02239791462711576,43.39387811909171,-4.575470275776091,0.13053567766962157,0.042352872722347,-0.0167913669731643,-0.041039099997817324,0.04556002450243851,0.06131821557493049,0.030390262603759766,False,DISABLED,none,MODEL_ORIGIN_FRAME_NOT_ESTABLISHED,nan,nan,nan,nan,nan,nan,nan,nan,nan,nan,nan,nan,nan,NOT_EVALUATED,nan,nan,nan,nan,DISABLED,nan,nan,nan,nan,nan,nan
1791471055.6361575,1791471055.6626127,1791471055.6656742,1791471055.6656945,front_rgbd_red_sphere,True,True,True,,64.452,64.452,1791471055.6528165,1791471055.6626127,1791471055.6361575,1791471055.6361575,1791471055.6361575,0.0,1791471054.6321611,1791471055.6521647,1791471055.643565,1791471055.6521647,1791471055.643565,1791471055.6521647,1791471054.628161,1791471055.6521647,1791471054.6321611,1791471055.6521647,1791470991.1841576,GAZEBO_CLOCK_SYSTEM_INTERPOLATION,MAPPED_EXACT,0,64.452,1791471055.6361575,0.0026216506958007812,0.0,RGB,0.0,0,1,0,UNCALIBRATED,PREPARATION,MID,STRAIGHT,1.0,332,1.0,6.956907749176025,0.27485084533691406,nan,nan,False,0.0,0.0,0.0,0.0,0,0,0,0,0,0.0,0.0,0.0,0.0,0.0,0.0,0.0,0.0,0.0,0.0,0.0,0.0,0.0,0.0,6.695785193827021,-0.11099891796881067,-1.8848628007363804,0.0,0.0,0.0,0.0,0.0,0.0,0.0,0.0,0.0,0.0,0.0,False,DISABLED,0,nan,nan,nan,nan,nan,nan,nan,nan,nan,nan,nan,nan,nan,nan,nan,nan,nan,nan,nan,nan,nan,nan,nan,nan,nan,nan,nan,nan,nan,nan,nan,nan,nan,nan,43.29293311005943,-4.73135072409675,0.08299901599907594,0.022370909472494746,0.022370909472494746,0.022370909472494746,43.24528038002462,-4.7209955222142,0.12407045688299186,0.04765273003481241,-0.010355201882549459,-0.04107144088391591,0.04876487348285719,0.06375638118714132,0.026455163955688477,False,DISABLED,none,MODEL_ORIGIN_FRAME_NOT_ESTABLISHED,nan,nan,nan,nan,nan,nan,nan,nan,nan,nan,nan,nan,nan,NOT_EVALUATED,nan,nan,nan,nan,DISABLED,nan,nan,nan,nan,nan,nan
1791471055.684161,1791471055.7037623,1791471055.7077646,1791471055.707786,front_rgbd_red_sphere,True,True,True,,64.5,64.5,1791471055.7037623,1791471055.7026207,1791471055.684161,1791471055.684161,1791471055.684161,0.0,1791471054.6921644,1791471055.6921904,1791471055.683594,1791471055.6921904,1791471055.683594,1791471055.6921904,1791471054.6921644,1791471055.6921904,1791471054.6921644,1791471055.6921904,1791470991.184161,GAZEBO_CLOCK_SYSTEM_INTERPOLATION,MAPPED_EXACT,0,64.5,1791471055.684161,0.003905773162841797,0.0,RGB,0.0,0,1,0,UNCALIBRATED,PREPARATION,MID,STRAIGHT,1.0,331,1.0,6.958271503448486,0.27327799797058105,nan,nan,False,0.0,0.0,0.0,0.0,0,0,0,0,0,0.0,0.0,0.0,0.0,0.0,0.0,0.0,0.0,0.0,0.0,0.0,0.0,0.0,0.0,6.700059541374482,-0.11154354891870533,-1.8746469570650266,0.0,0.0,0.0,0.0,0.0,0.0,0.0,0.0,0.0,0.0,0.0,False,DISABLED,0,nan,nan,nan,nan,nan,nan,nan,nan,nan,nan,nan,nan,nan,nan,nan,nan,nan,nan,nan,nan,nan,nan,nan,nan,nan,nan,nan,nan,nan,nan,nan,nan,nan,nan,43.14986293247266,-4.870442158068151,0.07571405258194736,0.022374988361752623,0.022374988361752623,0.022374988361752623,43.107997476293846,-4.855267766678198,0.11738535429492337,0.041865456178811655,-0.015174391389953357,-0.04167130171297602,0.04453064759371336,0.060987506602331,0.01960134506225586,False,DISABLED,none,MODEL_ORIGIN_FRAME_NOT_ESTABLISHED,nan,nan,nan,nan,nan,nan,nan,nan,nan,nan,nan,nan,nan,NOT_EVALUATED,nan,nan,nan,nan,DISABLED,nan,nan,nan,nan,nan,nan
1791471055.7361562,1791471055.7640877,1791471055.7675328,1791471055.767555,front_rgbd_red_sphere,True,True,True,,64.552,64.552,1791471055.7552178,1791471055.7640877,1791471055.7361562,1791471055.7361562,1791471055.7361562,0.0,1791471054.7521663,1791471055.7481797,1791471055.739594,1791471055.7481797,1791471055.743594,1791471055.7521696,1791471054.7321627,1791471055.7481797,1791471054.7521663,1791471055.7521696,1791470991.1841562,GAZEBO_CLOCK_SYSTEM_INTERPOLATION,MAPPED_EXACT,0,64.552,1791471055.7361562,0.004134178161621094,0.0,RGB,0.0,0,1,0,UNCALIBRATED,PREPARATION,MID,STRAIGHT,1.0,330,1.0,6.948162078857422,0.2728877663612366,nan,nan,False,0.0,0.0,0.0,0.0,0,0,0,0,0,0.0,0.0,0.0,0.0,0.0,0.0,0.0,0.0,0.0,0.0,0.0,0.0,0.0,0.0,6.691056449590816,-0.11174470923877422,-1.869286122022821,0.0,0.0,0.0,0.0,0.0,0.0,0.0,0.0,0.0,0.0,0.0,False,DISABLED,0,nan,nan,nan,nan,nan,nan,nan,nan,nan,nan,nan,nan,nan,nan,nan,nan,nan,nan,nan,nan,nan,nan,nan,nan,nan,nan,nan,nan,nan,nan,nan,nan,nan,nan,43.00605726304022,-5.009933422261569,0.06743029818154783,0.022344754442317524,0.022344754442317524,0.022344754442317524,42.9592227041264,-5.000576740357521,0.10937436697188847,0.04683455891382238,-0.009356681904048259,-0.04194406879034064,0.047760060771588675,0.0635635769257416,0.02793145179748535,False,DISABLED,none,MODEL_ORIGIN_FRAME_NOT_ESTABLISHED,nan,nan,nan,nan,nan,nan,nan,nan,nan,nan,nan,nan,nan,NOT_EVALUATED,nan,nan,nan,nan,DISABLED,nan,nan,nan,nan,nan,nan
1791471055.7841628,1791471055.813045,1791471055.8162472,1791471055.8162656,front_rgbd_red_sphere,True,True,True,,64.6,64.6,1791471055.813045,1791471055.8028088,1791471055.7841628,1791471055.7841628,1791471055.7841628,0.0,1791471054.7721572,1791471055.7881687,1791471055.779594,1791471055.7881687,1791471055.783594,1791471055.7921646,1791471054.7721572,1791471055.7881687,1791471054.7721572,1791471055.7921646,1791470991.1841629,GAZEBO_CLOCK_SYSTEM_INTERPOLATION,MAPPED_EXACT,0,64.6,1791471055.7841628,0.0011577606201171875,0.0,RGB,0.0,0,1,0,UNCALIBRATED,PREPARATION,MID,STRAIGHT,1.0,333,1.0,6.948342800140381,0.2703515589237213,nan,nan,False,0.0,0.0,0.0,0.0,0,0,0,0,0,0.0,0.0,0.0,0.0,0.0,0.0,0.0,0.0,0.0,0.0,0.0,0.0,0.0,0.0,6.695958526083669,-0.11209383378108129,-1.8523069174182858,0.0,0.0,0.0,0.0,0.0,0.0,0.0,0.0,0.0,0.0,0.0,False,DISABLED,0,nan,nan,nan,nan,nan,nan,nan,nan,nan,nan,nan,nan,nan,nan,nan,nan,nan,nan,nan,nan,nan,nan,nan,nan,nan,nan,nan,nan,nan,nan,nan,nan,nan,nan,42.862128107867676,-5.1496039472398705,0.05831970794034019,0.022345295001507694,0.022345295001507694,0.022345295001507694,42.82168790218875,-5.13472418964885,0.10134153215963927,0.04044020567892659,-0.01487975759102067,-0.04302182421929908,0.043090804370786856,0.060890843157881236,0.028882265090942383,False,DISABLED,none,MODEL_ORIGIN_FRAME_NOT_ESTABLISHED,nan,nan,nan,nan,nan,nan,nan,nan,nan,nan,nan,nan,nan,NOT_EVALUATED,nan,nan,nan,nan,DISABLED,nan,nan,nan,nan,nan,nan
1791471055.836158,1791471055.8632705,1791471055.8665266,1791471055.8665466,front_rgbd_red_sphere,True,True,True,,64.652,64.652,1791471055.854209,1791471055.8632705,1791471055.836158,1791471055.836158,1791471055.836158,0.0,1791471054.8321624,1791471055.8521662,1791471055.8435938,1791471055.8521662,1791471055.8435938,1791471055.8521662,1791471054.828159,1791471055.8521662,1791471054.8321624,1791471055.8521662,1791470991.184158,GAZEBO_CLOCK_SYSTEM_INTERPOLATION,MAPPED_EXACT,0,64.652,1791471055.836158,0.0032701492309570312,0.0,RGB,0.0,0,1,0,UNCALIBRATED,PREPARATION,MID,STRAIGHT,1.0,332,1.0,6.937199592590332,0.26983949542045593,nan,nan,False,0.0,0.0,0.0,0.0,0,0,0,0,0,0.0,0.0,0.0,0.0,0.0,0.0,0.0,0.0,0.0,0.0,0.0,0.0,0.0,0.0,6.686168107875025,-0.11178308885705235,-1.8459146025389686,0.0,0.0,0.0,0.0,0.0,0.0,0.0,0.0,0.0,0.0,0.0,False,DISABLED,0,nan,nan,nan,nan,nan,nan,nan,nan,nan,nan,nan,nan,nan,nan,nan,nan,nan,nan,nan,nan,nan,nan,nan,nan,nan,nan,nan,nan,nan,nan,nan,nan,nan,nan,42.718375967615636,-5.288932208015693,0.048843587049824555,0.022311993588517674,0.022311993588517674,0.022311993588517674,42.67278139109442,-5.279747503671348,0.09198588064267896,0.04559457652121779,-0.00918470434434493,-0.0431422935928544,0.04651047411113128,0.06343880278263658,0.027112483978271484,False,DISABLED,none,MODEL_ORIGIN_FRAME_NOT_ESTABLISHED,nan,nan,nan,nan,nan,nan,nan,nan,nan,nan,nan,nan,nan,NOT_EVALUATED,nan,nan,nan,nan,DISABLED,nan,nan,nan,nan,nan,nan
1791471055.8841612,1791471055.9019556,1791471055.9056718,1791471055.9056904,front_rgbd_red_sphere,True,True,True,,64.7,64.7,1791471055.9019556,1791471055.900787,1791471055.8841612,1791471055.8841612,1791471055.8841612,0.0,1791471054.8721595,1791471055.8921654,1791471055.883594,1791471055.8921654,1791471055.883594,1791471055.8921654,1791471054.8681607,1791471055.8921654,1791471054.8721595,1791471055.8921654,1791470991.1841612,GAZEBO_CLOCK_SYSTEM_INTERPOLATION,MAPPED_EXACT,0,64.7,1791471055.8841612,0.0019698143005371094,0.0,RGB,0.0,0,1,0,UNCALIBRATED,PREPARATION,MID,STRAIGHT,1.0,332,1.0,6.93644380569458,0.26779282093048096,nan,nan,False,0.0,0.0,0.0,0.0,0,0,0,0,0,0.0,0.0,0.0,0.0,0.0,0.0,0.0,0.0,0.0,0.0,0.0,0.0,0.0,0.0,6.6892099971751025,-0.11134331125860086,-1.8320273268485874,0.0,0.0,0.0,0.0,0.0,0.0,0.0,0.0,0.0,0.0,0.0,False,DISABLED,0,nan,nan,nan,nan,nan,nan,nan,nan,nan,nan,nan,nan,nan,nan,nan,nan,nan,nan,nan,nan,nan,nan,nan,nan,nan,nan,nan,nan,nan,nan,nan,nan,nan,nan,42.57460353035012,-5.428283184954142,0.03850743538296714,0.022309735178639514,0.022309735178639514,0.022309735178639514,42.53510072573437,-5.413643208961383,0.08281012440686354,0.03950280461575062,-0.014639975992759346,-0.044302689023896405,0.042128380808888664,0.06113533122775086,0.017794370651245117,False,DISABLED,none,MODEL_ORIGIN_FRAME_NOT_ESTABLISHED,nan,nan,nan,nan,nan,nan,nan,nan,nan,nan,nan,nan,nan,NOT_EVALUATED,nan,nan,nan,nan,DISABLED,nan,nan,nan,nan,nan,nan
1791471055.9361594,1791471055.9532325,1791471055.960944,1791471055.9609637,front_rgbd_red_sphere,True,True,True,,64.752,64.752,1791471055.9532325,1791471055.9525108,1791471055.9361594,1791471055.9361594,1791471055.9361594,0.0,1791471054.9521682,1791471055.9481797,1791471055.939594,1791471055.9481797,1791471055.943594,1791471055.9521756,1791471054.948173,1791471055.9481797,1791471054.9521682,1791471055.9521756,1791470991.1841593,GAZEBO_CLOCK_SYSTEM_INTERPOLATION,MAPPED_EXACT,0,64.752,1791471055.9361594,0.0014939308166503906,0.0,RGB,0.0,0,1,0,UNCALIBRATED,PREPARATION,MID,STRAIGHT,1.0,332,1.0,6.924324989318848,0.26701706647872925,nan,nan,False,0.0,0.0,0.0,0.0,0,0,0,0,0,0.0,0.0,0.0,0.0,0.0,0.0,0.0,0.0,0.0,0.0,0.0,0.0,0.0,0.0,6.67894251991979,-0.11008269477435029,-1.8237011427485168,0.0,0.0,0.0,0.0,0.0,0.0,0.0,0.0,0.0,0.0,0.0,False,DISABLED,0,nan,nan,nan,nan,nan,nan,nan,nan,nan,nan,nan,nan,nan,nan,nan,nan,nan,nan,nan,nan,nan,nan,nan,nan,nan,nan,nan,nan,nan,nan,nan,nan,nan,nan,42.430436322604244,-5.567637308418271,0.027870041922203603,0.022273547786200873,0.022273547786200873,0.022273547786200873,42.38589123430395,-5.558521832147117,0.07233028376931688,0.04454508830029624,-0.00911547627115361,-0.04446024184711328,0.04546819547036317,0.06359300200835746,0.01707315444946289,False,DISABLED,none,MODEL_ORIGIN_FRAME_NOT_ESTABLISHED,nan,nan,nan,nan,nan,nan,nan,nan,nan,nan,nan,nan,nan,NOT_EVALUATED,nan,nan,nan,nan,DISABLED,nan,nan,nan,nan,nan,nan
1791471055.9841561,1791471056.003689,1791471056.007032,1791471056.007053,front_rgbd_red_sphere,True,True,True,,64.8,64.8,1791471056.003689,1791471056.0024087,1791471055.9841561,1791471055.9841561,1791471055.9841561,0.0,1791471054.9881701,1791471055.988171,1791471055.979594,1791471055.988171,1791471055.983594,1791471055.9921665,1791471054.9881701,1791471055.988171,1791471054.9721582,1791471055.9921665,1791470991.1841562,GAZEBO_CLOCK_SYSTEM_INTERPOLATION,MAPPED_EXACT,0,64.8,1791471055.9841561,0.0037255287170410156,0.0,RGB,0.0,0,1,0,UNCALIBRATED,PREPARATION,MID,STRAIGHT,1.0,331,1.0,6.922671794891357,0.26444634795188904,nan,nan,False,0.0,0.0,0.0,0.0,0,0,0,0,0,0.0,0.0,0.0,0.0,0.0,0.0,0.0,0.0,0.0,0.0,0.0,0.0,0.0,0.0,6.682021514836218,-0.10886903930467895,-1.806134557403018,0.0,0.0,0.0,0.0,0.0,0.0,0.0,0.0,0.0,0.0,0.0,False,DISABLED,0,nan,nan,nan,nan,nan,nan,nan,nan,nan,nan,nan,nan,nan,nan,nan,nan,nan,nan,nan,nan,nan,nan,nan,nan,nan,nan,nan,nan,nan,nan,nan,nan,nan,nan,42.28613734391717,-5.706831396434885,0.016792826669349614,0.022268613619713266,0.022268613619713266,0.022268613619713266,42.248006549899706,-5.69219832969795,0.062234485369144395,0.03813079401746222,-0.014633066736934985,-0.04544165869979478,0.04084218523205787,0.06109851422021947,0.01953291893005371,False,DISABLED,none,MODEL_ORIGIN_FRAME_NOT_ESTABLISHED,nan,nan,nan,nan,nan,nan,nan,nan,nan,nan,nan,nan,nan,NOT_EVALUATED,nan,nan,nan,nan,DISABLED,nan,nan,nan,nan,nan,nan
1791471056.0361588,1791471056.0580842,1791471056.0628116,1791471056.0628402,front_rgbd_red_sphere,True,True,True,,64.852,64.852,1791471056.0580842,1791471056.0564256,1791471056.0361588,1791471056.0361588,1791471056.0361588,0.0,1791471055.0321627,1791471056.052163,1791471056.043594,1791471056.052163,1791471056.043594,1791471056.052163,1791471055.028163,1791471056.052163,1791471055.0321627,1791471056.052163,1791470991.1841588,GAZEBO_CLOCK_SYSTEM_INTERPOLATION,MAPPED_EXACT,0,64.852,1791471056.0361588,0.0031626224517822266,0.0,RGB,0.0,0,1,0,UNCALIBRATED,PREPARATION,MID,STRAIGHT,1.0,333,1.0,6.909784317016602,0.26405593752861023,nan,nan,False,0.0,0.0,0.0,0.0,0,0,0,0,0,0.0,0.0,0.0,0.0,0.0,0.0,0.0,0.0,0.0,0.0,0.0,0.0,0.0,0.0,6.670286598138344,-0.10659760366570126,-1.8002871384142676,0.0,0.0,0.0,0.0,0.0,0.0,0.0,0.0,0.0,0.0,0.0,False,DISABLED,0,nan,nan,nan,nan,nan,nan,nan,nan,nan,nan,nan,nan,nan,nan,nan,nan,nan,nan,nan,nan,nan,nan,nan,nan,nan,nan,nan,nan,nan,nan,nan,nan,nan,nan,42.141869961383556,-5.845882402891475,0.005592599514435526,0.022230167015680393,0.022230167015680393,0.022230167015680393,42.09852847045232,-5.83687215272924,0.05089084313709693,0.043341490931233295,-0.00901025016223489,-0.045298243622661404,0.044268153836908894,0.06333719538648848,0.02192544937133789,False,DISABLED,none,MODEL_ORIGIN_FRAME_NOT_ESTABLISHED,nan,nan,nan,nan,nan,nan,nan,nan,nan,nan,nan,nan,nan,NOT_EVALUATED,nan,nan,nan,nan,DISABLED,nan,nan,nan,nan,nan,nan
1791471056.0841618,1791471056.1035972,1791471056.107365,1791471056.1073866,front_rgbd_red_sphere,True,True,True,,64.9,64.9,1791471056.1035972,1791471056.102626,1791471056.0841618,1791471056.0841618,1791471056.0841618,0.0,1791471055.072164,1791471056.0921662,1791471056.0835938,1791471056.0921662,1791471056.0835938,1791471056.0921662,1791471055.0681787,1791471056.0921662,1791471055.072164,1791471056.0921662,1791470991.1841617,GAZEBO_CLOCK_SYSTEM_INTERPOLATION,MAPPED_EXACT,0,64.9,1791471056.0841618,0.0036306381225585938,0.0,RGB,0.0,0,1,0,UNCALIBRATED,PREPARATION,MID,STRAIGHT,1.0,329,1.0,6.9076433181762695,0.26247119903564453,nan,nan,False,0.0,0.0,0.0,0.0,0,0,0,0,0,0.0,0.0,0.0,0.0,0.0,0.0,0.0,0.0,0.0,0.0,0.0,0.0,0.0,0.0,6.671068644296813,-0.10436410868460122,-1.789270707478396,0.0,0.0,0.0,0.0,0.0,0.0,0.0,0.0,0.0,0.0,0.0,False,DISABLED,0,nan,nan,nan,nan,nan,nan,nan,nan,nan,nan,nan,nan,nan,nan,nan,nan,nan,nan,nan,nan,nan,nan,nan,nan,nan,nan,nan,nan,nan,nan,nan,nan,nan,nan,41.997799760912756,-5.984697042869713,-0.005833116820476769,0.022223783400151822,0.022223783400151822,0.022223783400151822,41.96043367648945,-5.970310999251581,0.040124250481229584,0.03736608442330436,-0.014386043618132227,-0.04595736730170635,0.040039761689004985,0.06095295009608854,0.019435405731201172,False,DISABLED,none,MODEL_ORIGIN_FRAME_NOT_ESTABLISHED,nan,nan,nan,nan,nan,nan,nan,nan,nan,nan,nan,nan,nan,NOT_EVALUATED,nan,nan,nan,nan,DISABLED,nan,nan,nan,nan,nan,nan
1791471056.1361568,1791471056.1538935,1791471056.160172,1791471056.1601949,front_rgbd_red_sphere,True,True,True,,64.952,64.952,1791471056.1538935,1791471056.152885,1791471056.1361568,1791471056.1361568,1791471056.1361568,0.0,1791471055.1521802,1791471056.1481657,1791471056.1395938,1791471056.1481657,1791471056.143594,1791471056.1521935,1791471055.1321595,1791471056.1481657,1791471055.1521802,1791471056.1521935,1791470991.184157,GAZEBO_CLOCK_SYSTEM_INTERPOLATION,MAPPED_EXACT,0,64.952,1791471056.1361568,0.001173257827758789,0.0,RGB,0.0,0,1,0,UNCALIBRATED,PREPARATION,MID,STRAIGHT,1.0,331,1.0,6.894211769104004,0.26256483793258667,nan,nan,False,0.0,0.0,0.0,0.0,0,0,0,0,0,0.0,0.0,0.0,0.0,0.0,0.0,0.0,0.0,0.0,0.0,0.0,0.0,0.0,0.0,6.657929471311612,-0.1011866855237642,-1.7865869624834865,0.0,0.0,0.0,0.0,0.0,0.0,0.0,0.0,0.0,0.0,0.0,False,DISABLED,0,nan,nan,nan,nan,nan,nan,nan,nan,nan,nan,nan,nan,nan,nan,nan,nan,nan,nan,nan,nan,nan,nan,nan,nan,nan,nan,nan,nan,nan,nan,nan,nan,nan,nan,41.85356845200076,-6.1232018626264075,-0.01728089155367657,0.022183754562188088,0.022183754562188088,0.022183754562188088,41.81077818830981,-6.114665204445354,0.028204246253786005,0.04279026369094652,-0.008536658181053092,-0.04548513780746258,0.04363348713592436,0.06302998461847137,0.01773667335510254,False,DISABLED,none,MODEL_ORIGIN_FRAME_NOT_ESTABLISHED,nan,nan,nan,nan,nan,nan,nan,nan,nan,nan,nan,nan,nan,NOT_EVALUATED,nan,nan,nan,nan,DISABLED,nan,nan,nan,nan,nan,nan
1791471056.1841607,1791471056.2024412,1791471056.207931,1791471056.2079692,front_rgbd_red_sphere,True,True,True,,65.0,65.0,1791471056.2024412,1791471056.201249,1791471056.1841607,1791471056.1841607,1791471056.1841607,0.0,1791471055.192164,1791471056.1881697,1791471056.1795938,1791471056.1881697,1791471056.183594,1791471056.192168,1791471055.1721613,1791471056.1881697,1791471055.192164,1791471056.192168,1791470991.1841607,GAZEBO_CLOCK_SYSTEM_INTERPOLATION,MAPPED_EXACT,0,65.0,1791471056.1841607,0.0029027462005615234,0.0,RGB,0.0,0,1,0,UNCALIBRATED,PREPARATION,MID,STRAIGHT,1.0,336,1.0,6.891827583312988,0.2606290578842163,nan,nan,False,0.0,0.0,0.0,0.0,0,0,0,0,0,0.0,0.0,0.0,0.0,0.0,0.0,0.0,0.0,0.0,0.0,0.0,0.0,0.0,0.0,6.659077289148615,-0.09838980214826698,-1.773216574821296,0.0,0.0,0.0,0.0,0.0,0.0,0.0,0.0,0.0,0.0,0.0,False,DISABLED,0,nan,nan,nan,nan,nan,nan,nan,nan,nan,nan,nan,nan,nan,nan,nan,nan,nan,nan,nan,nan,nan,nan,nan,nan,nan,nan,nan,nan,nan,nan,nan,nan,nan,nan,41.708961191891866,-6.261933865559837,-0.02903272388700001,0.022176652980642093,0.022176652980642093,0.022176652980642093,41.672504921259524,-6.247811386219795,0.01703570070990211,0.03645627063234258,-0.014122479340041849,-0.04606842459690212,0.03909608792614055,0.060421882095553506,0.018280506134033203,False,DISABLED,none,MODEL_ORIGIN_FRAME_NOT_ESTABLISHED,nan,nan,nan,nan,nan,nan,nan,nan,nan,nan,nan,nan,nan,NOT_EVALUATED,nan,nan,nan,nan,DISABLED,nan,nan,nan,nan,nan,nan
1791471056.2361643,1791471056.255709,1791471056.2610981,1791471056.2611217,front_rgbd_red_sphere,True,True,True,,65.052,65.052,1791471056.255709,1791471056.2546184,1791471056.2361643,1791471056.2361643,1791471056.2361643,0.0,1791471055.23217,1791471056.2521687,1791471056.243594,1791471056.2521687,1791471056.243594,1791471056.2521687,1791471055.2281892,1791471056.2521687,1791471055.23217,1791471056.2521687,1791470991.1841643,GAZEBO_CLOCK_SYSTEM_INTERPOLATION,MAPPED_EXACT,0,65.052,1791471056.2361643,0.0014679431915283203,0.0,RGB,0.0,0,1,0,UNCALIBRATED,PREPARATION,MID,STRAIGHT,1.0,335,1.0,6.878112316131592,0.26042667031288147,nan,nan,False,0.0,0.0,0.0,0.0,0,0,0,0,0,0.0,0.0,0.0,0.0,0.0,0.0,0.0,0.0,0.0,0.0,0.0,0.0,0.0,0.0,6.646183755093882,-0.09475025980828633,-1.768528533444556,0.0,0.0,0.0,0.0,0.0,0.0,0.0,0.0,0.0,0.0,0.0,False,DISABLED,0,nan,nan,nan,nan,nan,nan,nan,nan,nan,nan,nan,nan,nan,nan,nan,nan,nan,nan,nan,nan,nan,nan,nan,nan,nan,nan,nan,nan,nan,nan,nan,nan,nan,nan,41.56455065604813,-6.399997052846377,-0.04044589293738271,0.02213582266505775,0.02213582266505775,0.02213582266505775,41.5225610067664,-6.391926197024064,0.004825322133627659,0.04198964928172444,-0.008070855822312595,-0.04527121507101037,0.04275826657509375,0.06227160086678722,0.019544601440429688,False,DISABLED,none,MODEL_ORIGIN_FRAME_NOT_ESTABLISHED,nan,nan,nan,nan,nan,nan,nan,nan,nan,nan,nan,nan,nan,NOT_EVALUATED,nan,nan,nan,nan,DISABLED,nan,nan,nan,nan,nan,nan
1791471056.2841585,1791471056.310732,1791471056.313899,1791471056.313919,front_rgbd_red_sphere,True,True,True,,65.1,65.1,1791471056.310732,1791471056.3099174,1791471056.2841585,1791471056.2841585,1791471056.2841585,0.0,1791471055.2921753,1791471056.2921782,1791471056.283594,1791471056.2921782,1791471056.283594,1791471056.2921782,1791471055.2921753,1791471056.2921782,1791471055.2921753,1791471056.2921782,1791470991.1841586,GAZEBO_CLOCK_SYSTEM_INTERPOLATION,MAPPED_EXACT,0,65.1,1791471056.2841585,0.002767324447631836,0.0,RGB,0.0,0,1,0,UNCALIBRATED,PREPARATION,MID,STRAIGHT,1.0,332,1.0,6.875332832336426,0.258633553981781,nan,nan,False,0.0,0.0,0.0,0.0,0,0,0,0,0,0.0,0.0,0.0,0.0,0.0,0.0,0.0,0.0,0.0,0.0,0.0,0.0,0.0,0.0,6.646661897920403,-0.09142748736825013,-1.7560552818530812,0.0,0.0,0.0,0.0,0.0,0.0,0.0,0.0,0.0,0.0,0.0,False,DISABLED,0,nan,nan,nan,nan,nan,nan,nan,nan,nan,nan,nan,nan,nan,nan,nan,nan,nan,nan,nan,nan,nan,nan,nan,nan,nan,nan,nan,nan,nan,nan,nan,nan,nan,nan,41.420383971617305,-6.537815110811755,-0.051916644231701115,0.022127553113121826,0.022127553113121826,0.022127553113121826,41.38394744940162,-6.524909590803972,-0.00648239555859499,0.03643652221568772,-0.012905520007782556,-0.04543424867310612,0.03865452881417106,0.05965269105694416,0.02657341957092285,False,DISABLED,none,MODEL_ORIGIN_FRAME_NOT_ESTABLISHED,nan,nan,nan,nan,nan,nan,nan,nan,nan,nan,nan,nan,nan,NOT_EVALUATED,nan,nan,nan,nan,DISABLED,nan,nan,nan,nan,nan,nan
1791471056.3361592,1791471056.3618922,1791471056.364976,1791471056.364997,front_rgbd_red_sphere,True,True,True,,65.152,65.152,1791471056.3618922,1791471056.351242,1791471056.3361592,1791471056.3361592,1791471056.3361592,0.0,1791471055.3521705,1791471056.3481736,1791471056.339594,1791471056.3481736,1791471056.3435938,1791471056.3521729,1791471055.3481708,1791471056.3481736,1791471055.3521705,1791471056.3521729,1791470991.1841593,GAZEBO_CLOCK_SYSTEM_INTERPOLATION,MAPPED_EXACT,0,65.152,1791471056.3361592,0.0019025802612304688,0.0,RGB,0.0,0,1,0,UNCALIBRATED,PREPARATION,MID,STRAIGHT,1.0,337,1.0,6.861493110656738,0.2583460509777069,nan,nan,False,0.0,0.0,0.0,0.0,0,0,0,0,0,0.0,0.0,0.0,0.0,0.0,0.0,0.0,0.0,0.0,0.0,0.0,0.0,0.0,0.0,6.633786524109431,-0.08745502414360651,-1.7508039839246177,0.0,0.0,0.0,0.0,0.0,0.0,0.0,0.0,0.0,0.0,0.0,False,DISABLED,0,nan,nan,nan,nan,nan,nan,nan,nan,nan,nan,nan,nan,nan,nan,nan,nan,nan,nan,nan,nan,nan,nan,nan,nan,nan,nan,nan,nan,nan,nan,nan,nan,nan,nan,41.27611153303104,-6.675522705247577,-0.06310945539179252,0.022086397511992366,0.022086397511992366,0.022086397511992366,41.2336831737434,-6.668787296171518,-0.01868406997982245,0.04242835928764066,-0.006735409076058296,-0.044425385411970074,0.042959648593336654,0.061799241712702714,0.025732994079589844,False,DISABLED,none,MODEL_ORIGIN_FRAME_NOT_ESTABLISHED,nan,nan,nan,nan,nan,nan,nan,nan,nan,nan,nan,nan,nan,NOT_EVALUATED,nan,nan,nan,nan,DISABLED,nan,nan,nan,nan,nan,nan
1791471056.3841584,1791471056.4001746,1791471056.4035678,1791471056.4035895,front_rgbd_red_sphere,True,True,True,,65.2,65.2,1791471056.4001746,1791471056.3984354,1791471056.3841584,1791471056.3841584,1791471056.3841584,0.0,1791471055.392161,1791471056.388174,1791471056.3795938,1791471056.388174,1791471056.383594,1791471056.3921661,1791471055.3881702,1791471056.388174,1791471055.392161,1791471056.3921661,1791470991.1841583,GAZEBO_CLOCK_SYSTEM_INTERPOLATION,MAPPED_EXACT,0,65.2,1791471056.3841584,0.004189491271972656,0.0,RGB,0.0,0,1,0,UNCALIBRATED,PREPARATION,MID,STRAIGHT,1.0,336,1.0,6.858702659606934,0.25610631704330444,nan,nan,False,0.0,0.0,0.0,0.0,0,0,0,0,0,0.0,0.0,0.0,0.0,0.0,0.0,0.0,0.0,0.0,0.0,0.0,0.0,0.0,0.0,6.634996745809958,-0.08387992103814312,-1.73539182868058,0.0,0.0,0.0,0.0,0.0,0.0,0.0,0.0,0.0,0.0,0.0,False,DISABLED,0,nan,nan,nan,nan,nan,nan,nan,nan,nan,nan,nan,nan,nan,nan,nan,nan,nan,nan,nan,nan,nan,nan,nan,nan,nan,nan,nan,nan,nan,nan,nan,nan,nan,nan,41.13198378613756,-6.812950510745349,-0.0743893741326262,0.022078104534233225,0.022078104534233225,0.022078104534233225,41.094900205483135,-6.801418268687515,-0.029837668100508336,0.037083580654424964,-0.011532242057834097,-0.04455170603211786,0.03883535194939939,0.059101937966584195,0.016016244888305664,False,DISABLED,none,MODEL_ORIGIN_FRAME_NOT_ESTABLISHED,nan,nan,nan,nan,nan,nan,nan,nan,nan,nan,nan,nan,nan,NOT_EVALUATED,nan,nan,nan,nan,DISABLED,nan,nan,nan,nan,nan,nan
1791471056.4361565,1791471056.45811,1791471056.4640768,1791471056.4640963,front_rgbd_red_sphere,True,True,True,,65.252,65.252,1791471056.45811,1791471056.456527,1791471056.4361565,1791471056.4361565,1791471056.4361565,0.0,1791471055.4521723,1791471056.45221,1791471056.443594,1791471056.45221,1791471056.443594,1791471056.45221,1791471055.4521723,1791471056.45221,1791471055.4521723,1791471056.45221,1791470991.1841564,GAZEBO_CLOCK_SYSTEM_INTERPOLATION,MAPPED_EXACT,0,65.252,1791471056.4361565,0.0031669139862060547,0.0,RGB,0.0,0,1,0,UNCALIBRATED,PREPARATION,MID,STRAIGHT,1.0,332,1.0,6.845279216766357,0.2553218603134155,nan,nan,False,0.0,0.0,0.0,0.0,0,0,0,0,0,0.0,0.0,0.0,0.0,0.0,0.0,0.0,0.0,0.0,0.0,0.0,0.0,0.0,0.0,6.623369209639637,-0.07963328942109094,-1.7269871357738396,0.0,0.0,0.0,0.0,0.0,0.0,0.0,0.0,0.0,0.0,0.0,False,DISABLED,0,nan,nan,nan,nan,nan,nan,nan,nan,nan,nan,nan,nan,nan,nan,nan,nan,nan,nan,nan,nan,nan,nan,nan,nan,nan,nan,nan,nan,nan,nan,nan,nan,nan,nan,40.98777247268736,-6.950469389075431,-0.08510422940933798,0.022038231103254678,0.022038231103254678,0.022038231103254678,40.944357353888435,-6.944990598285557,-0.0417257706555776,0.04341511879892579,-0.005478790789874566,-0.04337845875376038,0.04375945256563493,0.061616396946719824,0.021953582763671875,False,DISABLED,none,MODEL_ORIGIN_FRAME_NOT_ESTABLISHED,nan,nan,nan,nan,nan,nan,nan,nan,nan,nan,nan,nan,nan,NOT_EVALUATED,nan,nan,nan,nan,DISABLED,nan,nan,nan,nan,nan,nan
1791471056.4841576,1791471056.5055716,1791471056.509036,1791471056.5090566,front_rgbd_red_sphere,True,True,True,,65.3,65.3,1791471056.5055716,1791471056.5037196,1791471056.4841576,1791471056.4841576,1791471056.4841576,0.0,1791471055.4921649,1791471056.4921932,1791471056.483594,1791471056.4921932,1791471056.483594,1791471056.4921932,1791471055.4921649,1791471056.4921932,1791471055.4921649,1791471056.4921932,1791470991.1841576,GAZEBO_CLOCK_SYSTEM_INTERPOLATION,MAPPED_EXACT,0,65.3,1791471056.4841576,0.0016117095947265625,0.0,RGB,0.0,0,1,0,UNCALIBRATED,PREPARATION,MID,STRAIGHT,1.0,337,1.0,6.842607021331787,0.2528187334537506,nan,nan,False,0.0,0.0,0.0,0.0,0,0,0,0,0,0.0,0.0,0.0,0.0,0.0,0.0,0.0,0.0,0.0,0.0,0.0,0.0,0.0,0.0,6.625088765804401,-0.07568101521725801,-1.7098950846817935,0.0,0.0,0.0,0.0,0.0,0.0,0.0,0.0,0.0,0.0,0.0,False,DISABLED,0,nan,nan,nan,nan,nan,nan,nan,nan,nan,nan,nan,nan,nan,nan,nan,nan,nan,nan,nan,nan,nan,nan,nan,nan,nan,nan,nan,nan,nan,nan,nan,nan,nan,nan,40.843704875991605,-7.08757840887694,-0.09608333323187951,0.022030298128754677,0.022030298128754677,0.022030298128754677,40.80533500582118,-7.077310067456034,-0.05245552918563664,0.03836987017042759,-0.010268341420905713,-0.04362780404624287,0.039720092804923765,0.05900060218615673,0.02141404151916504,False,DISABLED,none,MODEL_ORIGIN_FRAME_NOT_ESTABLISHED,nan,nan,nan,nan,nan,nan,nan,nan,nan,nan,nan,nan,nan,NOT_EVALUATED,nan,nan,nan,nan,DISABLED,nan,nan,nan,nan,nan,nan
1791471056.536157,1791471056.5673676,1791471056.570573,1791471056.5705955,front_rgbd_red_sphere,True,True,True,,65.352,65.352,1791471056.5673676,1791471056.5665448,1791471056.536157,1791471056.536157,1791471056.536157,0.0,1791471055.5521615,1791471056.5481791,1791471056.539594,1791471056.5481791,1791471056.543594,1791471056.552171,1791471055.5481677,1791471056.5481791,1791471055.5521615,1791471056.552171,1791470991.184157,GAZEBO_CLOCK_SYSTEM_INTERPOLATION,MAPPED_EXACT,0,65.352,1791471056.536157,0.0034034252166748047,0.0,RGB,0.0,0,1,0,UNCALIBRATED,PREPARATION,MID,STRAIGHT,1.0,340,1.0,6.82929801940918,0.25219297409057617,nan,nan,False,0.0,0.0,0.0,0.0,0,0,0,0,0,0.0,0.0,0.0,0.0,0.0,0.0,0.0,0.0,0.0,0.0,0.0,0.0,0.0,0.0,6.613270608199528,-0.07101493548549342,-1.7026218754551348,0.0,0.0,0.0,0.0,0.0,0.0,0.0,0.0,0.0,0.0,0.0,False,DISABLED,0,nan,nan,nan,nan,nan,nan,nan,nan,nan,nan,nan,nan,nan,nan,nan,nan,nan,nan,nan,nan,nan,nan,nan,nan,nan,nan,nan,nan,nan,nan,nan,nan,nan,nan,40.69953042161336,-7.2245615407106545,-0.10619168379614757,0.021990808207450356,0.021990808207450356,0.021990808207450356,40.65453135497636,-7.2205311792977245,-0.06373495359755652,0.04499906663699704,-0.004030361412930006,-0.04245673019859106,0.04517919666527655,0.06199785278923529,0.031210660934448242,False,DISABLED,none,MODEL_ORIGIN_FRAME_NOT_ESTABLISHED,nan,nan,nan,nan,nan,nan,nan,nan,nan,nan,nan,nan,nan,NOT_EVALUATED,nan,nan,nan,nan,DISABLED,nan,nan,nan,nan,nan,nan
1791471056.5841618,1791471056.6019714,1791471056.6072564,1791471056.607294,front_rgbd_red_sphere,True,True,True,,65.4,65.4,1791471056.6019714,1791471056.6011631,1791471056.5841618,1791471056.5841618,1791471056.5841618,0.0,1791471055.588169,1791471056.58817,1791471056.579594,1791471056.58817,1791471056.5835938,1791471056.5921671,1791471055.588169,1791471056.58817,1791471055.5721588,1791471056.5921671,1791470991.1841617,GAZEBO_CLOCK_SYSTEM_INTERPOLATION,MAPPED_EXACT,0,65.4,1791471056.5841618,0.0021240711212158203,0.0,RGB,0.0,0,1,0,UNCALIBRATED,PREPARATION,MID,STRAIGHT,1.0,337,1.0,6.827579021453857,0.24999423325061798,nan,nan,False,0.0,0.0,0.0,0.0,0,0,0,0,0,0.0,0.0,0.0,0.0,0.0,0.0,0.0,0.0,0.0,0.0,0.0,0.0,0.0,0.0,6.615335902103965,-0.06654862878574441,-1.68782045072426,0.0,0.0,0.0,0.0,0.0,0.0,0.0,0.0,0.0,0.0,0.0,False,DISABLED,0,nan,nan,nan,nan,nan,nan,nan,nan,nan,nan,nan,nan,nan,nan,nan,nan,nan,nan,nan,nan,nan,nan,nan,nan,nan,nan,nan,nan,nan,nan,nan,nan,nan,nan,40.55488374255798,-7.361604550471,-0.11607846647942827,0.021985710050038035,0.021985710050038035,0.021985710050038035,40.51513319909073,-7.352641618067517,-0.07378570182424199,0.039750543467256705,-0.008962932403482782,-0.04229276465518628,0.04074849522634752,0.05872919040298989,0.017809629440307617,False,DISABLED,none,MODEL_ORIGIN_FRAME_NOT_ESTABLISHED,nan,nan,nan,nan,nan,nan,nan,nan,nan,nan,nan,nan,nan,NOT_EVALUATED,nan,nan,nan,nan,DISABLED,nan,nan,nan,nan,nan,nan
1791471056.6361604,1791471056.6620104,1791471056.6652305,1791471056.6652496,front_rgbd_red_sphere,True,True,True,,65.452,65.452,1791471056.6533787,1791471056.6620104,1791471056.6361604,1791471056.6361604,1791471056.6361604,0.0,1791471055.6521647,1791471056.652175,1791471056.643594,1791471056.652175,1791471056.643594,1791471056.652175,1791471055.6521647,1791471056.652175,1791471055.6521647,1791471056.652175,1791470991.1841605,GAZEBO_CLOCK_SYSTEM_INTERPOLATION,MAPPED_EXACT,0,65.452,1791471056.6361604,0.002039194107055664,0.0,RGB,0.0,0,1,0,UNCALIBRATED,PREPARATION,MID,STRAIGHT,1.0,340,1.0,6.814845561981201,0.24969221651554108,nan,nan,False,0.0,0.0,0.0,0.0,0,0,0,0,0,0.0,0.0,0.0,0.0,0.0,0.0,0.0,0.0,0.0,0.0,0.0,0.0,0.0,0.0,6.603506958528194,-0.061284908510488734,-1.6828718307018224,0.0,0.0,0.0,0.0,0.0,0.0,0.0,0.0,0.0,0.0,0.0,False,DISABLED,0,nan,nan,nan,nan,nan,nan,nan,nan,nan,nan,nan,nan,nan,nan,nan,nan,nan,nan,nan,nan,nan,nan,nan,nan,nan,nan,nan,nan,nan,nan,nan,nan,nan,nan,40.410460332632844,-7.498430806553664,-0.12511879912501195,0.021947964371288063,0.021947964371288063,0.021947964371288063,40.36396948575658,-7.495576007754395,-0.08418471751868171,0.046490846876267256,-0.002854798799268643,-0.04093408160633023,0.046578414737481505,0.06200925540925756,0.02585005760192871,False,DISABLED,none,MODEL_ORIGIN_FRAME_NOT_ESTABLISHED,nan,nan,nan,nan,nan,nan,nan,nan,nan,nan,nan,nan,nan,NOT_EVALUATED,nan,nan,nan,nan,DISABLED,nan,nan,nan,nan,nan,nan
1791471056.6841562,1791471056.7024062,1791471056.7078435,1791471056.7078786,front_rgbd_red_sphere,True,True,True,,65.5,65.5,1791471056.7024062,1791471056.700722,1791471056.6841562,1791471056.6841562,1791471056.6841562,0.0,1791471055.6721613,1791471056.692164,1791471056.6836228,1791471056.692164,1791471056.6836228,1791471056.692164,1791471055.6681612,1791471056.692164,1791471055.6721613,1791471056.692164,1791470991.1841562,GAZEBO_CLOCK_SYSTEM_INTERPOLATION,MAPPED_EXACT,0,65.5,1791471056.6841562,0.0025763511657714844,0.0,RGB,0.0,0,1,0,UNCALIBRATED,PREPARATION,MID,STRAIGHT,1.0,338,1.0,6.813758373260498,0.24764814972877502,nan,nan,False,0.0,0.0,0.0,0.0,0,0,0,0,0,0.0,0.0,0.0,0.0,0.0,0.0,0.0,0.0,0.0,0.0,0.0,0.0,0.0,0.0,6.605881520618663,-0.05639162406076714,-1.6692671342109744,0.0,0.0,0.0,0.0,0.0,0.0,0.0,0.0,0.0,0.0,0.0,False,DISABLED,0,nan,nan,nan,nan,nan,nan,nan,nan,nan,nan,nan,nan,nan,nan,nan,nan,nan,nan,nan,nan,nan,nan,nan,nan,nan,nan,nan,nan,nan,nan,nan,nan,nan,nan,40.2654291099271,-7.635435012213401,-0.13415833819729256,0.02194474377411669,0.02194474377411669,0.02194474377411669,40.224413810839316,-7.6272432904525065,-0.09329309602289257,0.0410152990877819,-0.008191721760894666,-0.04086524217439999,0.04182533998269611,0.0584750124637907,0.018249988555908203,False,DISABLED,none,MODEL_ORIGIN_FRAME_NOT_ESTABLISHED,nan,nan,nan,nan,nan,nan,nan,nan,nan,nan,nan,nan,nan,NOT_EVALUATED,nan,nan,nan,nan,DISABLED,nan,nan,nan,nan,nan,nan
1791471056.7361586,1791471056.7553928,1791471056.7633688,1791471056.7634015,front_rgbd_red_sphere,True,True,True,,65.552,65.552,1791471056.7553928,1791471056.7544649,1791471056.7361586,1791471056.7361586,1791471056.7361586,0.0,1791471055.732157,1791471056.748168,1791471056.7396228,1791471056.748168,1791471056.743623,1791471056.7521665,1791471055.732157,1791471056.748168,1791471055.732157,1791471056.7521665,1791470991.1841586,GAZEBO_CLOCK_SYSTEM_INTERPOLATION,MAPPED_EXACT,0,65.552,1791471056.7361586,0.0022771358489990234,0.0,RGB,0.0,0,1,0,UNCALIBRATED,PREPARATION,MID,STRAIGHT,1.0,338,1.0,6.801784992218018,0.24736414849758148,nan,nan,False,0.0,0.0,0.0,0.0,0,0,0,0,0,0.0,0.0,0.0,0.0,0.0,0.0,0.0,0.0,0.0,0.0,0.0,0.0,0.0,0.0,6.5947467275813425,-0.050692803061215486,-1.6646398613503184,0.0,0.0,0.0,0.0,0.0,0.0,0.0,0.0,0.0,0.0,0.0,False,DISABLED,0,nan,nan,nan,nan,nan,nan,nan,nan,nan,nan,nan,nan,nan,nan,nan,nan,nan,nan,nan,nan,nan,nan,nan,nan,nan,nan,nan,nan,nan,nan,nan,nan,nan,nan,40.12052190431407,-7.771963332593515,-0.14219514328497945,0.02190928410207261,0.02190928410207261,0.02190928410207261,40.072951399251,-7.7698029386858645,-0.1025510559865393,0.04757050506307081,-0.0021603939076504375,-0.039644087298440156,0.047619536471829066,0.061961874661102714,0.019234180450439453,False,DISABLED,none,MODEL_ORIGIN_FRAME_NOT_ESTABLISHED,nan,nan,nan,nan,nan,nan,nan,nan,nan,nan,nan,nan,nan,NOT_EVALUATED,nan,nan,nan,nan,DISABLED,nan,nan,nan,nan,nan,nan
1791471056.7841563,1791471056.805932,1791471056.8100224,1791471056.8100421,front_rgbd_red_sphere,True,True,True,,65.6,65.6,1791471056.805932,1791471056.8035383,1791471056.7841563,1791471056.7841563,1791471056.7841563,0.0,1791471055.7921646,1791471056.7881691,1791471056.779623,1791471056.7881691,1791471056.783623,1791471056.792175,1791471055.7881687,1791471056.7881691,1791471055.7921646,1791471056.792175,1791470991.1841564,GAZEBO_CLOCK_SYSTEM_INTERPOLATION,MAPPED_EXACT,0,65.6,1791471056.7841563,0.0020728111267089844,0.0,RGB,0.0,0,1,0,UNCALIBRATED,PREPARATION,MID,STRAIGHT,1.0,341,1.0,6.80166482925415,0.24566113948822021,nan,nan,False,0.0,0.0,0.0,0.0,0,0,0,0,0,0.0,0.0,0.0,0.0,0.0,0.0,0.0,0.0,0.0,0.0,0.0,0.0,0.0,0.0,6.597456766485078,-0.0453711159046577,-1.6535266790160819,0.0,0.0,0.0,0.0,0.0,0.0,0.0,0.0,0.0,0.0,0.0,False,DISABLED,0,nan,nan,nan,nan,nan,nan,nan,nan,nan,nan,nan,nan,nan,nan,nan,nan,nan,nan,nan,nan,nan,nan,nan,nan,nan,nan,nan,nan,nan,nan,nan,nan,nan,nan,39.97516685423201,-7.908597378054193,-0.14991145393414212,0.021908928248469073,0.021908928248469073,0.021908928248469073,39.932980318668804,-7.901242125556413,-0.11050872612482597,0.04218653556320362,-0.007355252497779574,-0.039402727809316154,0.04282293219913293,0.05819259816288145,0.02177572250366211,False,DISABLED,none,MODEL_ORIGIN_FRAME_NOT_ESTABLISHED,nan,nan,nan,nan,nan,nan,nan,nan,nan,nan,nan,nan,nan,NOT_EVALUATED,nan,nan,nan,nan,DISABLED,nan,nan,nan,nan,nan,nan
1791471056.8361578,1791471056.8568094,1791471056.8639946,1791471056.8640275,front_rgbd_red_sphere,True,True,True,,65.652,65.652,1791471056.8568094,1791471056.8555715,1791471056.8361578,1791471056.8361578,1791471056.8361578,0.0,1791471055.8322005,1791471056.8521616,1791471056.843623,1791471056.8521616,1791471056.843623,1791471056.8521616,1791471055.8281584,1791471056.8521616,1791471055.8322005,1791471056.8521616,1791470991.1841578,GAZEBO_CLOCK_SYSTEM_INTERPOLATION,MAPPED_EXACT,0,65.652,1791471056.8361578,0.002425670623779297,0.0,RGB,0.0,0,1,0,UNCALIBRATED,PREPARATION,MID,STRAIGHT,1.0,341,1.0,6.790735721588135,0.24589845538139343,nan,nan,False,0.0,0.0,0.0,0.0,0,0,0,0,0,0.0,0.0,0.0,0.0,0.0,0.0,0.0,0.0,0.0,0.0,0.0,0.0,0.0,0.0,6.586463871583182,-0.03944050655228004,-1.6525837258389995,0.0,0.0,0.0,0.0,0.0,0.0,0.0,0.0,0.0,0.0,0.0,False,DISABLED,0,nan,nan,nan,nan,nan,nan,nan,nan,nan,nan,nan,nan,nan,nan,nan,nan,nan,nan,nan,nan,nan,nan,nan,nan,nan,nan,nan,nan,nan,nan,nan,nan,nan,nan,39.82971546990888,-8.044829741742634,-0.15655549577884725,0.021876587018986263,0.021876587018986263,0.021876587018986263,39.78123227754853,-8.043383952083612,-0.11839658210650064,0.04848319236034371,-0.0014457896590212016,-0.03815891367234661,0.04850474460491698,0.06171558102976771,0.020651578903198242,False,DISABLED,none,MODEL_ORIGIN_FRAME_NOT_ESTABLISHED,nan,nan,nan,nan,nan,nan,nan,nan,nan,nan,nan,nan,nan,NOT_EVALUATED,nan,nan,nan,nan,DISABLED,nan,nan,nan,nan,nan,nan
1791471056.8841608,1791471056.9024036,1791471056.9058428,1791471056.9058635,front_rgbd_red_sphere,True,True,True,,65.7,65.7,1791471056.9024036,1791471056.9011185,1791471056.8841608,1791471056.8841608,1791471056.8841608,0.0,1791471055.8921654,1791471056.8921702,1791471056.883623,1791471056.8921702,1791471056.883623,1791471056.8921702,1791471055.8921654,1791471056.8921702,1791471055.8921654,1791471056.8921702,1791470991.1841607,GAZEBO_CLOCK_SYSTEM_INTERPOLATION,MAPPED_EXACT,0,65.7,1791471056.8841608,0.0024788379669189453,0.0,RGB,0.0,0,1,0,UNCALIBRATED,PREPARATION,MID,STRAIGHT,1.0,337,1.0,6.791680812835693,0.2448802888393402,nan,nan,False,0.0,0.0,0.0,0.0,0,0,0,0,0,0.0,0.0,0.0,0.0,0.0,0.0,0.0,0.0,0.0,0.0,0.0,0.0,0.0,0.0,6.5890603168418425,-0.033954794292176516,-1.646226274375115,0.0,0.0,0.0,0.0,0.0,0.0,0.0,0.0,0.0,0.0,0.0,False,DISABLED,0,nan,nan,nan,nan,nan,nan,nan,nan,nan,nan,nan,nan,nan,nan,nan,nan,nan,nan,nan,nan,nan,nan,nan,nan,nan,nan,nan,nan,nan,nan,nan,nan,nan,nan,39.684023179126015,-8.180922432790524,-0.1626232130445126,0.021879382447042413,0.021879382447042413,0.021879382447042413,39.64087291845528,-8.174539648949718,-0.12500344925041448,0.04315026067073546,-0.006382783840805928,-0.03761976379409812,0.04361977677053005,0.057601489159869894,0.018242835998535156,False,DISABLED,none,MODEL_ORIGIN_FRAME_NOT_ESTABLISHED,nan,nan,nan,nan,nan,nan,nan,nan,nan,nan,nan,nan,nan,NOT_EVALUATED,nan,nan,nan,nan,DISABLED,nan,nan,nan,nan,nan,nan
1791471056.9361548,1791471056.9627147,1791471056.967432,1791471056.967453,front_rgbd_red_sphere,True,True,True,,65.752,65.752,1791471056.9627147,1791471056.951292,1791471056.9361548,1791471056.9361548,1791471056.9361548,0.0,1791471055.9321609,1791471056.9481742,1791471056.9396229,1791471056.9481742,1791471056.9436228,1791471056.9521685,1791471055.9321609,1791471056.9481742,1791471055.9321609,1791471056.9521685,1791470991.1841547,GAZEBO_CLOCK_SYSTEM_INTERPOLATION,MAPPED_EXACT,0,65.752,1791471056.9361548,0.0028684139251708984,0.0,RGB,0.0,0,1,0,UNCALIBRATED,PREPARATION,MID,STRAIGHT,1.0,341,1.0,6.781577110290527,0.24569182097911835,nan,nan,False,0.0,0.0,0.0,0.0,0,0,0,0,0,0.0,0.0,0.0,0.0,0.0,0.0,0.0,0.0,0.0,0.0,0.0,0.0,0.0,0.0,6.577921741733008,-0.02793261008382686,-1.6492290832972678,0.0,0.0,0.0,0.0,0.0,0.0,0.0,0.0,0.0,0.0,0.0,False,DISABLED,0,nan,nan,nan,nan,nan,nan,nan,nan,nan,nan,nan,nan,nan,nan,nan,nan,nan,nan,nan,nan,nan,nan,nan,nan,nan,nan,nan,nan,nan,nan,nan,nan,nan,nan,39.53817070893176,-8.31639374437797,-0.16787855027762516,0.02184950287060533,0.02184950287060533,0.02184950287060533,39.48870835234187,-8.31635394704327,-0.13133182205952051,0.049462356589891954,-3.9797334700608644e-05,-0.036546728218104646,0.04946237260032597,0.06149950932081884,0.026559829711914062,False,DISABLED,none,MODEL_ORIGIN_FRAME_NOT_ESTABLISHED,nan,nan,nan,nan,nan,nan,nan,nan,nan,nan,nan,nan,nan,NOT_EVALUATED,nan,nan,nan,nan,DISABLED,nan,nan,nan,nan,nan,nan
1791471056.9841619,1791471057.0045402,1791471057.0098703,1791471057.009912,front_rgbd_red_sphere,True,True,True,,65.8,65.8,1791471057.0045402,1791471057.0028207,1791471056.9841619,1791471056.9841619,1791471056.9841619,0.0,1791471055.9921665,1791471056.9882002,1791471056.9796228,1791471056.9882002,1791471056.983623,1791471056.9921725,1791471055.988171,1791471056.9882002,1791471055.9921665,1791471056.9921725,1791470991.184162,GAZEBO_CLOCK_SYSTEM_INTERPOLATION,MAPPED_EXACT,0,65.8,1791471056.9841619,0.0007426738739013672,0.0,RGB,0.0,0,1,0,UNCALIBRATED,PREPARATION,MID,STRAIGHT,1.0,342,1.0,6.7837982177734375,0.2446678876876831,nan,nan,False,0.0,0.0,0.0,0.0,0,0,0,0,0,0.0,0.0,0.0,0.0,0.0,0.0,0.0,0.0,0.0,0.0,0.0,0.0,0.0,0.0,6.58176177913442,-0.022481564704527557,-1.643113489176228,0.0,0.0,0.0,0.0,0.0,0.0,0.0,0.0,0.0,0.0,0.0,False,DISABLED,0,nan,nan,nan,nan,nan,nan,nan,nan,nan,nan,nan,nan,nan,nan,nan,nan,nan,nan,nan,nan,nan,nan,nan,nan,nan,nan,nan,nan,nan,nan,nan,nan,nan,nan,39.39137583699211,-8.452102426406684,-0.1725738728984449,0.021856068367862715,0.021856068367862715,0.021856068367862715,39.34805752762641,-8.447105959448926,-0.1364200586732643,0.043318309365702135,-0.004996466957758017,-0.0361538142251806,0.04360551121547189,0.056643966063399165,0.02037835121154785,False,DISABLED,none,MODEL_ORIGIN_FRAME_NOT_ESTABLISHED,nan,nan,nan,nan,nan,nan,nan,nan,nan,nan,nan,nan,nan,NOT_EVALUATED,nan,nan,nan,nan,DISABLED,nan,nan,nan,nan,nan,nan
1791471057.0361586,1791471057.0553532,1791471057.062513,1791471057.0625498,front_rgbd_red_sphere,True,True,True,,65.852,65.852,1791471057.0553532,1791471057.0542321,1791471057.0361586,1791471057.0361586,1791471057.0361586,0.0,1791471056.052163,1791471057.052202,1791471057.043623,1791471057.052202,1791471057.043623,1791471057.052202,1791471056.052163,1791471057.052202,1791471056.052163,1791471057.052202,1791470991.1841586,GAZEBO_CLOCK_SYSTEM_INTERPOLATION,MAPPED_EXACT,0,65.852,1791471057.0361586,0.002002716064453125,0.0,RGB,0.0,0,1,0,UNCALIBRATED,PREPARATION,MID,STRAIGHT,1.0,341,1.0,6.775115966796875,0.24576258659362793,nan,nan,False,0.0,0.0,0.0,0.0,0,0,0,0,0,0.0,0.0,0.0,0.0,0.0,0.0,0.0,0.0,0.0,0.0,0.0,0.0,0.0,0.0,6.571537785912966,-0.016680284866742667,-1.6482746858130426,0.0,0.0,0.0,0.0,0.0,0.0,0.0,0.0,0.0,0.0,0.0,False,DISABLED,0,nan,nan,nan,nan,nan,nan,nan,nan,nan,nan,nan,nan,nan,nan,nan,nan,nan,nan,nan,nan,nan,nan,nan,nan,nan,nan,nan,nan,nan,nan,nan,nan,nan,nan,39.24472653222888,-8.587202406550894,-0.17602654776956678,0.02183040522246886,0.02183040522246886,0.02183040522246886,39.19546661294372,-8.588568944218764,-0.14103218383882749,0.04925991928516282,0.0013665376678702046,-0.03499436393073929,0.04927887045355711,0.060440157015807724,0.019194602966308594,False,DISABLED,none,MODEL_ORIGIN_FRAME_NOT_ESTABLISHED,nan,nan,nan,nan,nan,nan,nan,nan,nan,nan,nan,nan,nan,NOT_EVALUATED,nan,nan,nan,nan,DISABLED,nan,nan,nan,nan,nan,nan
1791471057.0841599,1791471057.1003833,1791471057.103704,1791471057.1037235,front_rgbd_red_sphere,True,True,True,,65.9,65.9,1791471057.1003833,1791471057.098761,1791471057.0841599,1791471057.0841599,1791471057.0841599,0.0,1791471056.0921662,1791471057.0921817,1791471057.083623,1791471057.0921817,1791471057.083623,1791471057.0921817,1791471056.0921662,1791471057.0921817,1791471056.0921662,1791471057.0921817,1791470991.1841598,GAZEBO_CLOCK_SYSTEM_INTERPOLATION,MAPPED_EXACT,0,65.9,1791471057.0841599,0.0005285739898681641,0.0,RGB,0.0,0,1,0,UNCALIBRATED,PREPARATION,MID,STRAIGHT,1.0,338,1.0,6.778449535369873,0.24515803158283234,nan,nan,False,0.0,0.0,0.0,0.0,0,0,0,0,0,0.0,0.0,0.0,0.0,0.0,0.0,0.0,0.0,0.0,0.0,0.0,0.0,0.0,0.0,6.575767084744517,-0.01146861308425251,-1.645155071957534,0.0,0.0,0.0,0.0,0.0,0.0,0.0,0.0,0.0,0.0,0.0,False,DISABLED,0,nan,nan,nan,nan,nan,nan,nan,nan,nan,nan,nan,nan,nan,nan,nan,nan,nan,nan,nan,nan,nan,nan,nan,nan,nan,nan,nan,nan,nan,nan,nan,nan,nan,nan,39.097559102889896,-8.722312290304156,-0.17889315194712901,0.021840257369806392,0.021840257369806392,0.021840257369806392,39.0545123650989,-8.718898028305523,-0.1444767965952542,0.04304673779099488,-0.0034142619986337053,-0.03441635535187482,0.043181927000100186,0.05521923881355577,0.016223430633544922,False,DISABLED,none,MODEL_ORIGIN_FRAME_NOT_ESTABLISHED,nan,nan,nan,nan,nan,nan,nan,nan,nan,nan,nan,nan,nan,NOT_EVALUATED,nan,nan,nan,nan,DISABLED,nan,nan,nan,nan,nan,nan
1791471057.1361578,1791471057.1529975,1791471057.160428,1791471057.1604552,front_rgbd_red_sphere,True,True,True,,65.952,65.952,1791471057.1529975,1791471057.1520147,1791471057.1361578,1791471057.1361578,1791471057.1361578,0.0,1791471056.1481657,1791471057.1481774,1791471057.139623,1791471057.1481774,1791471057.1436229,1791471057.1521683,1791471056.1481657,1791471057.1481774,1791471056.1321616,1791471057.1521683,1791470991.1841578,GAZEBO_CLOCK_SYSTEM_INTERPOLATION,MAPPED_EXACT,0,65.952,1791471057.1361578,0.0012888908386230469,0.0,RGB,0.0,0,1,0,UNCALIBRATED,PREPARATION,MID,STRAIGHT,1.0,341,1.0,6.771002769470215,0.24612292647361755,nan,nan,False,0.0,0.0,0.0,0.0,0,0,0,0,0,0.0,0.0,0.0,0.0,0.0,0.0,0.0,0.0,0.0,0.0,0.0,0.0,0.0,0.0,6.566953960607483,-0.005934749427211727,-1.6497140865160311,0.0,0.0,0.0,0.0,0.0,0.0,0.0,0.0,0.0,0.0,0.0,False,DISABLED,0,nan,nan,nan,nan,nan,nan,nan,nan,nan,nan,nan,nan,nan,nan,nan,nan,nan,nan,nan,nan,nan,nan,nan,nan,nan,nan,nan,nan,nan,nan,nan,nan,nan,nan,38.95019724177781,-8.856871443352732,-0.18043945707917158,0.02181825175911251,0.02181825175911251,0.02181825175911251,38.90157003424542,-8.859906873796211,-0.1472567836814632,0.048627207532391026,0.0030354304434787593,-0.03318267339770839,0.048721854956224976,0.05894835845207573,0.01683974266052246,False,DISABLED,none,MODEL_ORIGIN_FRAME_NOT_ESTABLISHED,nan,nan,nan,nan,nan,nan,nan,nan,nan,nan,nan,nan,nan,NOT_EVALUATED,nan,nan,nan,nan,DISABLED,nan,nan,nan,nan,nan,nan
1791471057.184161,1791471057.2107842,1791471057.213847,1791471057.2138684,front_rgbd_red_sphere,True,True,True,,66.0,66.0,1791471057.2107842,1791471057.1996639,1791471057.184161,1791471057.184161,1791471057.184161,0.0,1791471056.192168,1791471057.188175,1791471057.179623,1791471057.188175,1791471057.1836228,1791471057.1921747,1791471056.1881697,1791471057.188175,1791471056.192168,1791471057.1921747,1791470991.184161,GAZEBO_CLOCK_SYSTEM_INTERPOLATION,MAPPED_EXACT,0,66.0,1791471057.184161,0.002873659133911133,0.0,RGB,0.0,0,1,0,UNCALIBRATED,PREPARATION,MID,STRAIGHT,1.0,343,1.0,6.775500297546387,0.2454226016998291,nan,nan,False,0.0,0.0,0.0,0.0,0,0,0,0,0,0.0,0.0,0.0,0.0,0.0,0.0,0.0,0.0,0.0,0.0,0.0,0.0,0.0,0.0,6.572470723084709,-0.0009238562581259657,-1.6462178975201311,0.0,0.0,0.0,0.0,0.0,0.0,0.0,0.0,0.0,0.0,0.0,False,DISABLED,0,nan,nan,nan,nan,nan,nan,nan,nan,nan,nan,nan,nan,nan,nan,nan,nan,nan,nan,nan,nan,nan,nan,nan,nan,nan,nan,nan,nan,nan,nan,nan,nan,nan,nan,38.80253206498824,-8.99146475890385,-0.18136004909500686,0.021831541197233618,0.021831541197233618,0.021831541197233618,38.76020648865327,-8.989879643388848,-0.14897533011910283,0.04232557633497436,-0.0015851155150023999,-0.03238471897590403,0.042355247647530556,0.05331732388663108,0.026623249053955078,False,DISABLED,none,MODEL_ORIGIN_FRAME_NOT_ESTABLISHED,nan,nan,nan,nan,nan,nan,nan,nan,nan,nan,nan,nan,nan,NOT_EVALUATED,nan,nan,nan,nan,DISABLED,nan,nan,nan,nan,nan,nan
1791471057.2361705,1791471057.2522,1791471057.26072,1791471057.2607388,front_rgbd_red_sphere,True,True,True,,66.052,66.052,1791471057.2522,1791471057.2511752,1791471057.2361705,1791471057.2361705,1791471057.2361705,0.0,1791471056.2521687,1791471057.2521756,1791471057.243623,1791471057.2521756,1791471057.243623,1791471057.2521756,1791471056.2521687,1791471057.2521756,1791471056.2521687,1791471057.2521756,1791470991.1841705,GAZEBO_CLOCK_SYSTEM_INTERPOLATION,MAPPED_EXACT,0,66.052,1791471057.2361705,0.0012781620025634766,0.0,RGB,0.0,0,1,0,UNCALIBRATED,PREPARATION,MID,STRAIGHT,1.0,341,1.0,6.769590854644775,0.24685844779014587,nan,nan,False,0.0,0.0,0.0,0.0,0,0,0,0,0,0.0,0.0,0.0,0.0,0.0,0.0,0.0,0.0,0.0,0.0,0.0,0.0,0.0,0.0,6.564369882149562,0.004518123355493842,-1.6542032799711404,0.0,0.0,0.0,0.0,0.0,0.0,0.0,0.0,0.0,0.0,0.0,False,DISABLED,0,nan,nan,nan,nan,nan,nan,nan,nan,nan,nan,nan,nan,nan,nan,nan,nan,nan,nan,nan,nan,nan,nan,nan,nan,nan,nan,nan,nan,nan,nan,nan,nan,nan,nan,38.65436513545947,-9.125650051484612,-0.18111123672485346,0.0218140815137839,0.0218140815137839,0.0218140815137839,38.606930136511025,-9.1303842295487,-0.14985498428210792,0.047434998948446605,0.004734178064087047,-0.03125625244274555,0.047670657297562126,0.0570039023571742,0.01602935791015625,False,DISABLED,none,MODEL_ORIGIN_FRAME_NOT_ESTABLISHED,nan,nan,nan,nan,nan,nan,nan,nan,nan,nan,nan,nan,nan,NOT_EVALUATED,nan,nan,nan,nan,DISABLED,nan,nan,nan,nan,nan,nan
1791471057.284156,1791471057.300303,1791471057.3037064,1791471057.3037293,front_rgbd_red_sphere,True,True,True,,66.1,66.1,1791471057.300303,1791471057.2995005,1791471057.284156,1791471057.284156,1791471057.284156,0.0,1791471056.2721608,1791471057.2921772,1791471057.283623,1791471057.2921772,1791471057.283623,1791471057.2921772,1791471056.2681658,1791471057.2921772,1791471056.2721608,1791471057.2921772,1791470991.1841562,GAZEBO_CLOCK_SYSTEM_INTERPOLATION,MAPPED_EXACT,0,66.1,1791471057.284156,0.0004436969757080078,0.0,RGB,0.0,0,1,0,UNCALIBRATED,PREPARATION,MID,STRAIGHT,1.0,343,1.0,6.77573299407959,0.2468366175889969,nan,nan,False,0.0,0.0,0.0,0.0,0,0,0,0,0,0.0,0.0,0.0,0.0,0.0,0.0,0.0,0.0,0.0,0.0,0.0,0.0,0.0,0.0,6.570361754046164,0.009816480361074298,-1.6555377852983177,0.0,0.0,0.0,0.0,0.0,0.0,0.0,0.0,0.0,0.0,0.0,False,DISABLED,0,nan,nan,nan,nan,nan,nan,nan,nan,nan,nan,nan,nan,nan,nan,nan,nan,nan,nan,nan,nan,nan,nan,nan,nan,nan,nan,nan,nan,nan,nan,nan,nan,nan,nan,38.505958339023366,-9.259823224722552,-0.18026618924975762,0.02183222804832625,0.02183222804832625,0.02183222804832625,38.465502010010894,-9.259654104308353,-0.14980673663292235,0.040456329012471315,-0.00016912041419914203,-0.030459452616835275,0.040456682499678924,0.05064110398280294,0.01614689826965332,False,DISABLED,none,MODEL_ORIGIN_FRAME_NOT_ESTABLISHED,nan,nan,nan,nan,nan,nan,nan,nan,nan,nan,nan,nan,nan,NOT_EVALUATED,nan,nan,nan,nan,DISABLED,nan,nan,nan,nan,nan,nan
1791471057.3361592,1791471057.3525317,1791471057.3619444,1791471057.3619637,front_rgbd_red_sphere,True,True,True,,66.152,66.152,1791471057.3525317,1791471057.351625,1791471057.3361592,1791471057.3361592,1791471057.3361592,0.0,1791471056.3521729,1791471057.3481765,1791471057.339623,1791471057.3481765,1791471057.343623,1791471057.352174,1791471056.3481736,1791471057.3481765,1791471056.3521729,1791471057.352174,1791470991.1841593,GAZEBO_CLOCK_SYSTEM_INTERPOLATION,MAPPED_EXACT,0,66.152,1791471057.3361592,0.0016124248504638672,0.0,RGB,0.0,0,1,0,UNCALIBRATED,PREPARATION,MID,STRAIGHT,1.0,339,1.0,6.771304607391357,0.2482265830039978,nan,nan,False,0.0,0.0,0.0,0.0,0,0,0,0,0,0.0,0.0,0.0,0.0,0.0,0.0,0.0,0.0,0.0,0.0,0.0,0.0,0.0,0.0,6.563761539921861,0.015524906182966092,-1.6635373702537297,0.0,0.0,0.0,0.0,0.0,0.0,0.0,0.0,0.0,0.0,0.0,False,DISABLED,0,nan,nan,nan,nan,nan,nan,nan,nan,nan,nan,nan,nan,nan,nan,nan,nan,nan,nan,nan,nan,nan,nan,nan,nan,nan,nan,nan,nan,nan,nan,nan,nan,nan,nan,38.35718791059051,-9.393978342665761,-0.17821407069452982,0.021819143341664606,0.021819143341664606,0.021819143341664606,38.3114346935847,-9.400036723605393,-0.14876426681575486,0.04575321700581014,0.0060583809396312915,-0.029449803878774966,0.04615258222451309,0.054748075714939524,0.0163724422454834,False,DISABLED,none,MODEL_ORIGIN_FRAME_NOT_ESTABLISHED,nan,nan,nan,nan,nan,nan,nan,nan,nan,nan,nan,nan,nan,NOT_EVALUATED,nan,nan,nan,nan,DISABLED,nan,nan,nan,nan,nan,nan
1791471057.3841596,1791471057.4023294,1791471057.4055603,1791471057.4055798,front_rgbd_red_sphere,True,True,True,,66.2,66.2,1791471057.4023294,1791471057.4014564,1791471057.3841596,1791471057.3841596,1791471057.3841596,0.0,1791471056.3721642,1791471057.388171,1791471057.379623,1791471057.388171,1791471057.383623,1791471057.392166,1791471056.3721642,1791471057.388171,1791471056.3721642,1791471057.392166,1791470991.1841595,GAZEBO_CLOCK_SYSTEM_INTERPOLATION,MAPPED_EXACT,0,66.2,1791471057.3841596,0.0023729801177978516,0.0,RGB,0.0,0,1,0,UNCALIBRATED,PREPARATION,MID,STRAIGHT,1.0,344,1.0,6.778511047363281,0.24771134555339813,nan,nan,False,0.0,0.0,0.0,0.0,0,0,0,0,0,0.0,0.0,0.0,0.0,0.0,0.0,0.0,0.0,0.0,0.0,0.0,0.0,0.0,0.0,6.571604612689661,0.021047234848895258,-1.661861509732331,0.0,0.0,0.0,0.0,0.0,0.0,0.0,0.0,0.0,0.0,0.0,False,DISABLED,0,nan,nan,nan,nan,nan,nan,nan,nan,nan,nan,nan,nan,nan,nan,nan,nan,nan,nan,nan,nan,nan,nan,nan,nan,nan,nan,nan,nan,nan,nan,nan,nan,nan,nan,38.20860614617072,-9.527836256658452,-0.17547626195371618,0.02184043927666361,0.02184043927666361,0.02184043927666361,38.16931511094604,-9.529141528625043,-0.14694575509161928,0.0392910352246858,0.0013052719665918033,-0.028530506862096905,0.039312710208458924,0.048574468661452486,0.018169879913330078,False,DISABLED,none,MODEL_ORIGIN_FRAME_NOT_ESTABLISHED,nan,nan,nan,nan,nan,nan,nan,nan,nan,nan,nan,nan,nan,NOT_EVALUATED,nan,nan,nan,nan,DISABLED,nan,nan,nan,nan,nan,nan
1791471057.4361572,1791471057.461443,1791471057.4646845,1791471057.4647079,front_rgbd_red_sphere,True,True,True,,66.252,66.252,1791471057.4521675,1791471057.461443,1791471057.4361572,1791471057.4361572,1791471057.4361572,0.0,1791471056.432159,1791471057.45217,1791471057.4436228,1791471057.45217,1791471057.4436228,1791471057.45217,1791471056.4281573,1791471057.45217,1791471056.432159,1791471057.45217,1791470991.1841571,GAZEBO_CLOCK_SYSTEM_INTERPOLATION,MAPPED_EXACT,0,66.252,1791471057.4361572,0.0015141963958740234,0.0,RGB,0.0,0,1,0,UNCALIBRATED,PREPARATION,MID,STRAIGHT,1.0,343,1.0,6.775337219238281,0.24926435947418213,nan,nan,False,0.0,0.0,0.0,0.0,0,0,0,0,0,0.0,0.0,0.0,0.0,0.0,0.0,0.0,0.0,0.0,0.0,0.0,0.0,0.0,0.0,6.565939595636881,0.02722697563351595,-1.6711937120747287,0.0,0.0,0.0,0.0,0.0,0.0,0.0,0.0,0.0,0.0,0.0,False,DISABLED,0,nan,nan,nan,nan,nan,nan,nan,nan,nan,nan,nan,nan,nan,nan,nan,nan,nan,nan,nan,nan,nan,nan,nan,nan,nan,nan,nan,nan,nan,nan,nan,nan,nan,nan,38.05997159799502,-9.661469920252873,-0.17163029568627935,0.02183105857347437,0.02183105857347437,0.02183105857347437,38.015212396273796,-9.668677034575936,-0.1440114124771399,0.04475920172122727,0.007207114323062314,-0.027618883209139466,0.04533573243686711,0.05308607487192182,0.025285720825195312,False,DISABLED,none,MODEL_ORIGIN_FRAME_NOT_ESTABLISHED,nan,nan,nan,nan,nan,nan,nan,nan,nan,nan,nan,nan,nan,NOT_EVALUATED,nan,nan,nan,nan,DISABLED,nan,nan,nan,nan,nan,nan
1791471057.4841611,1791471057.5091448,1791471057.5121698,1791471057.5121882,front_rgbd_red_sphere,True,True,True,,66.3,66.3,1791471057.5091448,1791471057.4980953,1791471057.4841611,1791471057.4841611,1791471057.4841611,0.0,1791471056.4721613,1791471057.4921677,1791471057.483623,1791471057.4921677,1791471057.483623,1791471057.4921677,1791471056.46816,1791471057.4921677,1791471056.4721613,1791471057.4921677,1791470991.1841612,GAZEBO_CLOCK_SYSTEM_INTERPOLATION,MAPPED_EXACT,0,66.3,1791471057.4841611,0.0012309551239013672,0.0,RGB,0.0,0,1,0,UNCALIBRATED,PREPARATION,MID,STRAIGHT,1.0,341,1.0,6.78411340713501,0.24926349520683289,nan,nan,False,0.0,0.0,0.0,0.0,0,0,0,0,0,0.0,0.0,0.0,0.0,0.0,0.0,0.0,0.0,0.0,0.0,0.0,0.0,0.0,0.0,6.574446281655256,0.0334607804346323,-1.6732403195438508,0.0,0.0,0.0,0.0,0.0,0.0,0.0,0.0,0.0,0.0,0.0,False,DISABLED,0,nan,nan,nan,nan,nan,nan,nan,nan,nan,nan,nan,nan,nan,nan,nan,nan,nan,nan,nan,nan,nan,nan,nan,nan,nan,nan,nan,nan,nan,nan,nan,nan,nan,nan,37.91104121780056,-9.79501800558752,-0.16742434816138901,0.02185700135504975,0.02185700135504975,0.02185700135504975,37.872656191652396,-9.79735094728263,-0.14047042251303835,0.03838502614816264,0.0023329416951103354,-0.02695392564835067,0.038455855852495516,0.04696133470425143,0.024983644485473633,False,DISABLED,none,MODEL_ORIGIN_FRAME_NOT_ESTABLISHED,nan,nan,nan,nan,nan,nan,nan,nan,nan,nan,nan,nan,nan,NOT_EVALUATED,nan,nan,nan,nan,DISABLED,nan,nan,nan,nan,nan,nan
1791471057.5361567,1791471057.5640156,1791471057.5692916,1791471057.569326,front_rgbd_red_sphere,True,True,True,,66.352,66.352,1791471057.5640156,1791471057.5524611,1791471057.5361567,1791471057.5361567,1791471057.5361567,0.0,1791471056.552171,1791471057.5481765,1791471057.539623,1791471057.5481765,1791471057.543623,1791471057.5521896,1791471056.5321581,1791471057.5481765,1791471056.552171,1791471057.5521896,1791470991.1841567,GAZEBO_CLOCK_SYSTEM_INTERPOLATION,MAPPED_EXACT,0,66.352,1791471057.5361567,0.004171609878540039,0.0,RGB,0.0,0,1,0,UNCALIBRATED,PREPARATION,MID,STRAIGHT,1.0,340,1.0,6.782365798950195,0.2508547008037567,nan,nan,False,0.0,0.0,0.0,0.0,0,0,0,0,0,0.0,0.0,0.0,0.0,0.0,0.0,0.0,0.0,0.0,0.0,0.0,0.0,0.0,0.0,6.570082039726667,0.04054288429110464,-1.6831120392654384,0.0,0.0,0.0,0.0,0.0,0.0,0.0,0.0,0.0,0.0,0.0,False,DISABLED,0,nan,nan,nan,nan,nan,nan,nan,nan,nan,nan,nan,nan,nan,nan,nan,nan,nan,nan,nan,nan,nan,nan,nan,nan,nan,nan,nan,nan,nan,nan,nan,nan,nan,nan,37.76174433329209,-9.928320506902546,-0.1623236509062877,0.02185183430605536,0.02185183430605536,0.02185183430605536,37.71802696956502,-9.936448187746828,-0.13571118900091583,0.04371736372707602,0.008127680844282281,-0.026612461905371865,0.044466471494284045,0.05182171567805184,0.027858972549438477,False,DISABLED,none,MODEL_ORIGIN_FRAME_NOT_ESTABLISHED,nan,nan,nan,nan,nan,nan,nan,nan,nan,nan,nan,nan,nan,NOT_EVALUATED,nan,nan,nan,nan,DISABLED,nan,nan,nan,nan,nan,nan
1791471057.5841594,1791471057.6011229,1791471057.6063304,1791471057.6063666,front_rgbd_red_sphere,True,True,True,,66.4,66.4,1791471057.6011229,1791471057.5994601,1791471057.5841594,1791471057.5841594,1791471057.5841594,0.0,1791471056.5721662,1791471057.5881684,1791471057.579623,1791471057.5881684,1791471057.583623,1791471057.592166,1791471056.5721662,1791471057.5881684,1791471056.5721662,1791471057.592166,1791470991.1841593,GAZEBO_CLOCK_SYSTEM_INTERPOLATION,MAPPED_EXACT,0,66.4,1791471057.5841594,0.0012934207916259766,0.0,RGB,0.0,0,1,0,UNCALIBRATED,PREPARATION,MID,STRAIGHT,1.0,342,1.0,6.79240608215332,0.25046780705451965,nan,nan,False,0.0,0.0,0.0,0.0,0,0,0,0,0,0.0,0.0,0.0,0.0,0.0,0.0,0.0,0.0,0.0,0.0,0.0,0.0,0.0,0.0,6.580459587598875,0.047790452174897524,-1.6828681459964514,0.0,0.0,0.0,0.0,0.0,0.0,0.0,0.0,0.0,0.0,0.0,False,DISABLED,0,nan,nan,nan,nan,nan,nan,nan,nan,nan,nan,nan,nan,nan,nan,nan,nan,nan,nan,nan,nan,nan,nan,nan,nan,nan,nan,nan,nan,nan,nan,nan,nan,nan,nan,37.61239123776563,-10.061715287882063,-0.15670087530572546,0.021881527143444008,0.021881527143444008,0.021881527143444008,37.57500243926058,-10.064683572912198,-0.13053241385192502,0.037388798505048726,0.0029682850301355757,-0.026168461453800446,0.03750643904279985,0.04573315366919605,0.016963481903076172,False,DISABLED,none,MODEL_ORIGIN_FRAME_NOT_ESTABLISHED,nan,nan,nan,nan,nan,nan,nan,nan,nan,nan,nan,nan,nan,NOT_EVALUATED,nan,nan,nan,nan,DISABLED,nan,nan,nan,nan,nan,nan
1791471057.6361604,1791471057.665913,1791471057.671698,1791471057.6717348,front_rgbd_red_sphere,True,True,True,,66.452,66.452,1791471057.665913,1791471057.6546693,1791471057.6361604,1791471057.6361604,1791471057.6361604,0.0,1791471056.6321626,1791471057.652167,1791471057.6436229,1791471057.652167,1791471057.6436229,1791471057.652167,1791471056.628161,1791471057.652167,1791471056.6321626,1791471057.652167,1791470991.1841605,GAZEBO_CLOCK_SYSTEM_INTERPOLATION,MAPPED_EXACT,0,66.452,1791471057.6361604,0.0021195411682128906,0.0,RGB,0.0,0,1,0,UNCALIBRATED,PREPARATION,MID,STRAIGHT,1.0,339,1.0,6.79184627532959,0.2515712380409241,nan,nan,False,0.0,0.0,0.0,0.0,0,0,0,0,0,0.0,0.0,0.0,0.0,0.0,0.0,0.0,0.0,0.0,0.0,0.0,0.0,0.0,0.0,6.578055981089929,0.0557413872399426,-1.6897482577195468,0.0,0.0,0.0,0.0,0.0,0.0,0.0,0.0,0.0,0.0,0.0,False,DISABLED,0,nan,nan,nan,nan,nan,nan,nan,nan,nan,nan,nan,nan,nan,nan,nan,nan,nan,nan,nan,nan,nan,nan,nan,nan,nan,nan,nan,nan,nan,nan,nan,nan,nan,nan,37.46296249918822,-10.1951197676704,-0.15017445652964584,0.02187987182788029,0.02187987182788029,0.02187987182788029,37.41991676075425,-10.203240424998151,-0.12406748179236761,0.043045738433974634,0.008120657327751246,-0.02610697473727823,0.04380503022212085,0.050994654648245284,0.029752731323242188,False,DISABLED,none,MODEL_ORIGIN_FRAME_NOT_ESTABLISHED,nan,nan,nan,nan,nan,nan,nan,nan,nan,nan,nan,nan,nan,NOT_EVALUATED,nan,nan,nan,nan,DISABLED,nan,nan,nan,nan,nan,nan
1791471057.684175,1791471057.7119644,1791471057.716629,1791471057.7166603,front_rgbd_red_sphere,True,True,True,,66.5,66.5,1791471057.7119644,1791471057.7005303,1791471057.684175,1791471057.684175,1791471057.684175,0.0,1791471056.692164,1791471057.6921756,1791471057.6836529,1791471057.6921756,1791471057.6836529,1791471057.6921756,1791471056.692164,1791471057.6921756,1791471056.692164,1791471057.6921756,1791470991.184175,GAZEBO_CLOCK_SYSTEM_INTERPOLATION,MAPPED_EXACT,0,66.5,1791471057.684175,0.004094839096069336,0.0,RGB,0.0,0,1,0,UNCALIBRATED,PREPARATION,MID,STRAIGHT,1.0,340,1.0,6.803066730499268,0.25092828273773193,nan,nan,False,0.0,0.0,0.0,0.0,0,0,0,0,0,0.0,0.0,0.0,0.0,0.0,0.0,0.0,0.0,0.0,0.0,0.0,0.0,0.0,0.0,6.590010676551996,0.06391219028590278,-1.6880142737853703,0.0,0.0,0.0,0.0,0.0,0.0,0.0,0.0,0.0,0.0,0.0,False,DISABLED,0,nan,nan,nan,nan,nan,nan,nan,nan,nan,nan,nan,nan,nan,nan,nan,nan,nan,nan,nan,nan,nan,nan,nan,nan,nan,nan,nan,nan,nan,nan,nan,nan,nan,nan,37.31322542175188,-10.328232085556486,-0.14310630843251632,0.021913078622478408,0.021913078622478408,0.021913078622478408,37.27653186374746,-10.330904982698936,-0.11738424062775535,0.036693558004422755,0.0026728971424496706,-0.025722067804760967,0.03679078115721455,0.04489082701745172,0.02778935432434082,False,DISABLED,none,MODEL_ORIGIN_FRAME_NOT_ESTABLISHED,nan,nan,nan,nan,nan,nan,nan,nan,nan,nan,nan,nan,nan,NOT_EVALUATED,nan,nan,nan,nan,DISABLED,nan,nan,nan,nan,nan,nan
1791471057.736162,1791471057.764831,1791471057.769824,1791471057.7698648,front_rgbd_red_sphere,True,True,True,,66.552,66.552,1791471057.764831,1791471057.7534428,1791471057.736162,1791471057.736162,1791471057.736162,0.0,1791471056.7521665,1791471057.7481806,1791471057.7396529,1791471057.7481806,1791471057.7436528,1791471057.752169,1791471056.748168,1791471057.7481806,1791471056.7521665,1791471057.752169,1791470991.184162,GAZEBO_CLOCK_SYSTEM_INTERPOLATION,MAPPED_EXACT,0,66.552,1791471057.736162,0.0010352134704589844,0.0,RGB,0.0,0,1,0,UNCALIBRATED,PREPARATION,MID,STRAIGHT,1.0,343,1.0,6.8035688400268555,0.2520503103733063,nan,nan,False,0.0,0.0,0.0,0.0,0,0,0,0,0,0.0,0.0,0.0,0.0,0.0,0.0,0.0,0.0,0.0,0.0,0.0,0.0,0.0,0.0,6.588597328429159,0.07302436026440695,-1.6951698456190343,0.0,0.0,0.0,0.0,0.0,0.0,0.0,0.0,0.0,0.0,0.0,False,DISABLED,0,nan,nan,nan,nan,nan,nan,nan,nan,nan,nan,nan,nan,nan,nan,nan,nan,nan,nan,nan,nan,nan,nan,nan,nan,nan,nan,nan,nan,nan,nan,nan,nan,nan,nan,37.163720607997135,-10.460891770840181,-0.13514405052485662,0.02191456485691008,0.02191456485691008,0.02191456485691008,37.12095796438168,-10.468910242023608,-0.10937284035885754,0.04276264361545401,0.008018471183426357,-0.02577121016599908,0.04350792535966026,0.05056772530499926,0.028669118881225586,False,DISABLED,none,MODEL_ORIGIN_FRAME_NOT_ESTABLISHED,nan,nan,nan,nan,nan,nan,nan,nan,nan,nan,nan,nan,nan,NOT_EVALUATED,nan,nan,nan,nan,DISABLED,nan,nan,nan,nan,nan,nan
1791471057.7841597,1791471057.813819,1791471057.8198037,1791471057.8198426,front_rgbd_red_sphere,True,True,True,,66.6,66.6,1791471057.813819,1791471057.8125324,1791471057.7841597,1791471057.7841597,1791471057.7841597,0.0,1791471056.792175,1791471057.7881947,1791471057.7796528,1791471057.7881947,1791471057.783653,1791471057.792182,1791471056.7881691,1791471057.7881947,1791471056.792175,1791471057.792182,1791470991.1841598,GAZEBO_CLOCK_SYSTEM_INTERPOLATION,MAPPED_EXACT,0,66.6,1791471057.7841597,0.0021262168884277344,0.0,RGB,0.0,0,1,0,UNCALIBRATED,PREPARATION,MID,STRAIGHT,1.0,337,1.0,6.8159661293029785,0.2514401972293854,nan,nan,False,0.0,0.0,0.0,0.0,0,0,0,0,0,0.0,0.0,0.0,0.0,0.0,0.0,0.0,0.0,0.0,0.0,0.0,0.0,0.0,0.0,6.601638578120286,0.08204812770459213,-1.6938203277591537,0.0,0.0,0.0,0.0,0.0,0.0,0.0,0.0,0.0,0.0,0.0,False,DISABLED,0,nan,nan,nan,nan,nan,nan,nan,nan,nan,nan,nan,nan,nan,nan,nan,nan,nan,nan,nan,nan,nan,nan,nan,nan,nan,nan,nan,nan,nan,nan,nan,nan,nan,nan,37.01380957377565,-10.593730536667188,-0.12687236240113803,0.021951284547204204,0.021951284547204204,0.021951284547204204,36.97718041797394,-10.595996254839118,-0.10135035509984965,0.03662915580171244,0.002265718171930331,-0.025522007301288382,0.03669916257328959,0.04470124595878461,0.029659271240234375,False,DISABLED,none,MODEL_ORIGIN_FRAME_NOT_ESTABLISHED,nan,nan,nan,nan,nan,nan,nan,nan,nan,nan,nan,nan,nan,NOT_EVALUATED,nan,nan,nan,nan,DISABLED,nan,nan,nan,nan,nan,nan
1791471057.836161,1791471057.8540077,1791471057.8609955,1791471057.8610198,front_rgbd_red_sphere,True,True,True,,66.652,66.652,1791471057.8540077,1791471057.8519964,1791471057.836161,1791471057.836161,1791471057.836161,0.0,1791471056.8521616,1791471057.8521729,1791471057.843653,1791471057.8521729,1791471057.843653,1791471057.8521729,1791471056.8521616,1791471057.8521729,1791471056.8521616,1791471057.8521729,1791470991.184161,GAZEBO_CLOCK_SYSTEM_INTERPOLATION,MAPPED_EXACT,0,66.652,1791471057.836161,0.0014891624450683594,0.0,RGB,0.0,0,1,0,UNCALIBRATED,PREPARATION,MID,STRAIGHT,1.0,336,1.0,6.817419052124023,0.2523691654205322,nan,nan,False,0.0,0.0,0.0,0.0,0,0,0,0,0,0.0,0.0,0.0,0.0,0.0,0.0,0.0,0.0,0.0,0.0,0.0,0.0,0.0,0.0,6.6014677057471065,0.09192802048580972,-1.6998171801275657,0.0,0.0,0.0,0.0,0.0,0.0,0.0,0.0,0.0,0.0,0.0,False,DISABLED,0,nan,nan,nan,nan,nan,nan,nan,nan,nan,nan,nan,nan,nan,nan,nan,nan,nan,nan,nan,nan,nan,nan,nan,nan,nan,nan,nan,nan,nan,nan,nan,nan,nan,nan,36.86367384608338,-10.726170756251086,-0.11765081764159552,0.021955591289677126,0.021955591289677126,0.021955591289677126,36.82091837008065,-10.73358465005853,-0.0919786580143404,0.042755476002731996,0.007413893807443728,-0.025672159627255123,0.04339350815050846,0.05041880928319819,0.01784682273864746,False,DISABLED,none,MODEL_ORIGIN_FRAME_NOT_ESTABLISHED,nan,nan,nan,nan,nan,nan,nan,nan,nan,nan,nan,nan,nan,NOT_EVALUATED,nan,nan,nan,nan,DISABLED,nan,nan,nan,nan,nan,nan
1791471057.8841615,1791471057.9014137,1791471057.9072797,1791471057.907314,front_rgbd_red_sphere,True,True,True,,66.7,66.7,1791471057.9014137,1791471057.8995385,1791471057.8841615,1791471057.8841615,1791471057.8841615,0.0,1791471056.8921702,1791471057.8921824,1791471057.883653,1791471057.8921824,1791471057.883653,1791471057.8921824,1791471056.8921702,1791471057.8921824,1791471056.8921702,1791471057.8921824,1791470991.1841614,GAZEBO_CLOCK_SYSTEM_INTERPOLATION,MAPPED_EXACT,0,66.7,1791471057.8841615,0.001766204833984375,0.0,RGB,0.0,0,1,0,UNCALIBRATED,PREPARATION,MID,STRAIGHT,1.0,335,1.0,6.830524444580078,0.2518637478351593,nan,nan,False,0.0,0.0,0.0,0.0,0,0,0,0,0,0.0,0.0,0.0,0.0,0.0,0.0,0.0,0.0,0.0,0.0,0.0,0.0,0.0,0.0,6.615018786759899,0.10179818547475605,-1.6991838171752676,0.0,0.0,0.0,0.0,0.0,0.0,0.0,0.0,0.0,0.0,0.0,False,DISABLED,0,nan,nan,nan,nan,nan,nan,nan,nan,nan,nan,nan,nan,nan,nan,nan,nan,nan,nan,nan,nan,nan,nan,nan,nan,nan,nan,nan,nan,nan,nan,nan,nan,nan,nan,36.71293658413001,-10.85833094042523,-0.10814555593434688,0.021994445069027462,0.021994445069027462,0.021994445069027462,36.67664283836151,-10.860146200386598,-0.08280921842506865,0.03629374576850353,0.0018152599613685538,-0.02533633750927823,0.036339113234036345,0.044299674366976724,0.017252206802368164,False,DISABLED,none,MODEL_ORIGIN_FRAME_NOT_ESTABLISHED,nan,nan,nan,nan,nan,nan,nan,nan,nan,nan,nan,nan,nan,NOT_EVALUATED,nan,nan,nan,nan,DISABLED,nan,nan,nan,nan,nan,nan
1791471057.9361558,1791471057.954684,1791471057.9623778,1791471057.9623988,front_rgbd_red_sphere,True,True,True,,66.752,66.752,1791471057.954684,1791471057.9531941,1791471057.9361558,1791471057.9361558,1791471057.9361558,0.0,1791471056.932168,1791471057.9481688,1791471057.939653,1791471057.9481688,1791471057.9436529,1791471057.9521644,1791471056.932168,1791471057.9481688,1791471056.932168,1791471057.9521644,1791470991.1841557,GAZEBO_CLOCK_SYSTEM_INTERPOLATION,MAPPED_EXACT,0,66.752,1791471057.9361558,0.0021851062774658203,0.0,RGB,0.0,0,1,0,UNCALIBRATED,PREPARATION,MID,STRAIGHT,1.0,336,1.0,6.832713603973389,0.25297755002975464,nan,nan,False,0.0,0.0,0.0,0.0,0,0,0,0,0,0.0,0.0,0.0,0.0,0.0,0.0,0.0,0.0,0.0,0.0,0.0,0.0,0.0,0.0,6.615238292871084,0.11236705672737379,-1.7064495892359783,0.0,0.0,0.0,0.0,0.0,0.0,0.0,0.0,0.0,0.0,0.0,False,DISABLED,0,nan,nan,nan,nan,nan,nan,nan,nan,nan,nan,nan,nan,nan,nan,nan,nan,nan,nan,nan,nan,nan,nan,nan,nan,nan,nan,nan,nan,nan,nan,nan,nan,nan,nan,36.56202910371948,-10.990092523575505,-0.09788264513738903,0.022000939075956943,0.022000939075956943,0.022000939075956943,36.52004267220798,-10.99696741444049,-0.07233038131255586,0.0419864315115035,0.0068748908649851614,-0.02555226382483318,0.042545558586950416,0.0496290513917958,0.018528223037719727,False,DISABLED,none,MODEL_ORIGIN_FRAME_NOT_ESTABLISHED,nan,nan,nan,nan,nan,nan,nan,nan,nan,nan,nan,nan,nan,NOT_EVALUATED,nan,nan,nan,nan,DISABLED,nan,nan,nan,nan,nan,nan
1791471057.9841595,1791471058.0131273,1791471058.0180244,1791471058.0180488,front_rgbd_red_sphere,True,True,True,,66.8,66.8,1791471058.00417,1791471058.0131273,1791471057.9841595,1791471057.9841595,1791471057.9841595,0.0,1791471056.9921725,1791471057.9881742,1791471057.979653,1791471057.9881742,1791471057.9836528,1791471057.9921918,1791471056.9721594,1791471057.9881742,1791471056.9921725,1791471057.9921918,1791470991.1841595,GAZEBO_CLOCK_SYSTEM_INTERPOLATION,MAPPED_EXACT,0,66.8,1791471057.9841595,0.001294851303100586,0.0,RGB,0.0,0,1,0,UNCALIBRATED,PREPARATION,MID,STRAIGHT,1.0,337,1.0,6.846642017364502,0.2528226971626282,nan,nan,False,0.0,0.0,0.0,0.0,0,0,0,0,0,0.0,0.0,0.0,0.0,0.0,0.0,0.0,0.0,0.0,0.0,0.0,0.0,0.0,0.0,6.628988742797328,0.12253953990643396,-1.7082151708655005,0.0,0.0,0.0,0.0,0.0,0.0,0.0,0.0,0.0,0.0,0.0,False,DISABLED,0,nan,nan,nan,nan,nan,nan,nan,nan,nan,nan,nan,nan,nan,nan,nan,nan,nan,nan,nan,nan,nan,nan,nan,nan,nan,nan,nan,nan,nan,nan,nan,nan,nan,nan,36.410626376121535,-11.12154408481514,-0.08726974750703226,0.022042277886001712,0.022042277886001712,0.022042277886001712,36.37522856292806,-11.123000576728671,-0.06223867147412584,0.03539781319347668,0.0014564919135313659,-0.02503107603290642,0.03542776520717125,0.04337835076325051,0.028967857360839844,False,DISABLED,none,MODEL_ORIGIN_FRAME_NOT_ESTABLISHED,nan,nan,nan,nan,nan,nan,nan,nan,nan,nan,nan,nan,nan,NOT_EVALUATED,nan,nan,nan,nan,DISABLED,nan,nan,nan,nan,nan,nan
1791471058.0361586,1791471058.0636659,1791471058.068895,1791471058.0689342,front_rgbd_red_sphere,True,True,True,,66.852,66.852,1791471058.0636659,1791471058.052803,1791471058.0361586,1791471058.0361586,1791471058.0361586,0.0,1791471057.0321603,1791471058.0521703,1791471058.043653,1791471058.0521703,1791471058.043653,1791471058.0521703,1791471057.0281584,1791471058.0521703,1791471057.0321603,1791471058.0521703,1791470991.1841586,GAZEBO_CLOCK_SYSTEM_INTERPOLATION,MAPPED_EXACT,0,66.852,1791471058.0361586,0.0038411617279052734,0.0,RGB,0.0,0,1,0,UNCALIBRATED,PREPARATION,MID,STRAIGHT,1.0,338,1.0,6.8496317863464355,0.25528112053871155,nan,nan,False,0.0,0.0,0.0,0.0,0,0,0,0,0,0.0,0.0,0.0,0.0,0.0,0.0,0.0,0.0,0.0,0.0,0.0,0.0,0.0,0.0,6.627651269510313,0.13307971583967593,-1.7245243014057419,0.0,0.0,0.0,0.0,0.0,0.0,0.0,0.0,0.0,0.0,0.0,False,DISABLED,0,nan,nan,nan,nan,nan,nan,nan,nan,nan,nan,nan,nan,nan,nan,nan,nan,nan,nan,nan,nan,nan,nan,nan,nan,nan,nan,nan,nan,nan,nan,nan,nan,nan,nan,36.25951962573773,-11.252117626235899,-0.0757955137452812,0.022051156423043998,0.022051156423043998,0.022051156423043998,36.217933258638496,-11.259321784494704,-0.05088796064058108,0.04158636709923513,0.007204158258804938,-0.02490755310470013,0.042205755824653274,0.04900726503686684,0.027507305145263672,False,DISABLED,none,MODEL_ORIGIN_FRAME_NOT_ESTABLISHED,nan,nan,nan,nan,nan,nan,nan,nan,nan,nan,nan,nan,nan,NOT_EVALUATED,nan,nan,nan,nan,DISABLED,nan,nan,nan,nan,nan,nan
1791471058.0841649,1791471058.1035402,1791471058.107884,1791471058.1079082,front_rgbd_red_sphere,True,True,True,,66.9,66.9,1791471058.1035402,1791471058.1013799,1791471058.0841649,1791471058.0841649,1791471058.0841649,0.0,1791471057.0921817,1791471058.0922015,1791471058.083653,1791471058.0922015,1791471058.083653,1791471058.0922015,1791471057.0921817,1791471058.0922015,1791471057.0921817,1791471058.0922015,1791470991.1841648,GAZEBO_CLOCK_SYSTEM_INTERPOLATION,MAPPED_EXACT,0,66.9,1791471058.0841649,0.003591299057006836,0.0,RGB,0.0,0,1,0,UNCALIBRATED,PREPARATION,MID,STRAIGHT,1.0,334,1.0,6.864048480987549,0.25633183121681213,nan,nan,False,0.0,0.0,0.0,0.0,0,0,0,0,0,0.0,0.0,0.0,0.0,0.0,0.0,0.0,0.0,0.0,0.0,0.0,0.0,0.0,0.0,6.639775836788034,0.14328509486991337,-1.7343605118333443,0.0,0.0,0.0,0.0,0.0,0.0,0.0,0.0,0.0,0.0,0.0,False,DISABLED,0,nan,nan,nan,nan,nan,nan,nan,nan,nan,nan,nan,nan,nan,nan,nan,nan,nan,nan,nan,nan,nan,nan,nan,nan,nan,nan,nan,nan,nan,nan,nan,nan,nan,nan,36.107983593810744,-11.382583424776586,-0.06431457237955834,0.022093993424998022,0.022093993424998022,0.022093993424998022,36.072645413649056,-11.384727722108233,-0.04012748955285318,0.03533818016168766,0.002144297331646783,-0.02418708282670516,0.035403177656622896,0.042876566605225035,0.019375324249267578,False,DISABLED,none,MODEL_ORIGIN_FRAME_NOT_ESTABLISHED,nan,nan,nan,nan,nan,nan,nan,nan,nan,nan,nan,nan,nan,NOT_EVALUATED,nan,nan,nan,nan,DISABLED,nan,nan,nan,nan,nan,nan
1791471058.1361613,1791471058.1667464,1791471058.1709528,1791471058.1709776,front_rgbd_red_sphere,True,True,True,,66.952,66.952,1791471058.1667464,1791471058.1556995,1791471058.1361613,1791471058.1361613,1791471058.1361613,0.0,1791471057.1521683,1791471058.1482189,1791471058.139653,1791471058.1482189,1791471058.143653,1791471058.152184,1791471057.1481774,1791471058.1482189,1791471057.1521683,1791471058.152184,1791470991.1841614,GAZEBO_CLOCK_SYSTEM_INTERPOLATION,MAPPED_EXACT,0,66.952,1791471058.1361613,0.0030663013458251953,0.0,RGB,0.0,0,1,0,UNCALIBRATED,PREPARATION,MID,STRAIGHT,1.0,337,1.0,6.867609977722168,0.2586154341697693,nan,nan,False,0.0,0.0,0.0,0.0,0,0,0,0,0,0.0,0.0,0.0,0.0,0.0,0.0,0.0,0.0,0.0,0.0,0.0,0.0,0.0,0.0,6.639227410061071,0.1534967105061824,-1.7496178993440932,0.0,0.0,0.0,0.0,0.0,0.0,0.0,0.0,0.0,0.0,0.0,False,DISABLED,0,nan,nan,nan,nan,nan,nan,nan,nan,nan,nan,nan,nan,nan,nan,nan,nan,nan,nan,nan,nan,nan,nan,nan,nan,nan,nan,nan,nan,nan,nan,nan,nan,nan,nan,35.95572705616759,-11.51311972895552,-0.05263916260925766,0.022104582175237225,0.022104582175237225,0.022104582175237225,35.91497020151839,-11.520231994471157,-0.028209303522291857,0.04075685464919587,0.007112265515637262,-0.024429859086965804,0.04137276304116758,0.04804709706808111,0.030585050582885742,False,DISABLED,none,MODEL_ORIGIN_FRAME_NOT_ESTABLISHED,nan,nan,nan,nan,nan,nan,nan,nan,nan,nan,nan,nan,nan,NOT_EVALUATED,nan,nan,nan,nan,DISABLED,nan,nan,nan,nan,nan,nan
1791471058.1841598,1791471058.211924,1791471058.2170541,1791471058.217089,front_rgbd_red_sphere,True,True,True,,67.0,67.0,1791471058.211924,1791471058.2009153,1791471058.1841598,1791471058.1841598,1791471058.1841598,0.0,1791471057.1921747,1791471058.1881738,1791471058.179653,1791471058.1881738,1791471058.1836529,1791471058.1922014,1791471057.1721604,1791471058.1881738,1791471057.1921747,1791471058.1922014,1791470991.1841598,GAZEBO_CLOCK_SYSTEM_INTERPOLATION,MAPPED_EXACT,0,67.0,1791471058.1841598,0.0040738582611083984,0.0,RGB,0.0,0,1,0,UNCALIBRATED,PREPARATION,MID,STRAIGHT,1.0,333,1.0,6.8819050788879395,0.25866010785102844,nan,nan,False,0.0,0.0,0.0,0.0,0,0,0,0,0,0.0,0.0,0.0,0.0,0.0,0.0,0.0,0.0,0.0,0.0,0.0,0.0,0.0,0.0,6.65296855098714,0.16340275647352875,-1.7526907716290765,0.0,0.0,0.0,0.0,0.0,0.0,0.0,0.0,0.0,0.0,0.0,False,DISABLED,0,nan,nan,nan,nan,nan,nan,nan,nan,nan,nan,nan,nan,nan,nan,nan,nan,nan,nan,nan,nan,nan,nan,nan,nan,nan,nan,nan,nan,nan,nan,nan,nan,nan,nan,35.803376398318825,-11.64310381695254,-0.04102534117104367,0.022147109537628284,0.022147109537628284,0.022147109537628284,35.769012704817534,-11.645136631843544,-0.017031982680828398,0.03436369350129098,0.0020328148910042643,-0.023993358490215274,0.034423767478760324,0.041960422055452945,0.027764320373535156,False,DISABLED,none,MODEL_ORIGIN_FRAME_NOT_ESTABLISHED,nan,nan,nan,nan,nan,nan,nan,nan,nan,nan,nan,nan,nan,NOT_EVALUATED,nan,nan,nan,nan,DISABLED,nan,nan,nan,nan,nan,nan
1791471058.2361674,1791471058.252776,1791471058.2601404,1791471058.2601638,front_rgbd_red_sphere,True,True,True,,67.052,67.052,1791471058.252776,1791471058.2509675,1791471058.2361674,1791471058.2361674,1791471058.2361674,0.0,1791471057.2321768,1791471058.252165,1791471058.2436528,1791471058.252165,1791471058.2436528,1791471058.252165,1791471057.2281637,1791471058.252165,1791471057.2321768,1791471058.252165,1791470991.1841674,GAZEBO_CLOCK_SYSTEM_INTERPOLATION,MAPPED_EXACT,0,67.052,1791471058.2361674,0.0010972023010253906,0.0,RGB,0.0,0,1,0,UNCALIBRATED,PREPARATION,MID,STRAIGHT,1.0,334,1.0,6.885261058807373,0.26072293519973755,nan,nan,False,0.0,0.0,0.0,0.0,0,0,0,0,0,0.0,0.0,0.0,0.0,0.0,0.0,0.0,0.0,0.0,0.0,0.0,0.0,0.0,0.0,6.652565706511924,0.1736036040174831,-1.7663658717155872,0.0,0.0,0.0,0.0,0.0,0.0,0.0,0.0,0.0,0.0,0.0,False,DISABLED,0,nan,nan,nan,nan,nan,nan,nan,nan,nan,nan,nan,nan,nan,nan,nan,nan,nan,nan,nan,nan,nan,nan,nan,nan,nan,nan,nan,nan,nan,nan,nan,nan,nan,nan,35.65101695784354,-11.77237107963743,-0.02877404134129241,0.022157099081252515,0.022157099081252515,0.022157099081252515,35.61059828114643,-11.78008376285748,-0.004813985697893573,0.04041867669710797,0.0077126832200491435,-0.02396005564339884,0.04114796359965055,0.047615535015716616,0.016608476638793945,False,DISABLED,none,MODEL_ORIGIN_FRAME_NOT_ESTABLISHED,nan,nan,nan,nan,nan,nan,nan,nan,nan,nan,nan,nan,nan,NOT_EVALUATED,nan,nan,nan,nan,DISABLED,nan,nan,nan,nan,nan,nan
1791471058.2841568,1791471058.3117974,1791471058.3148606,1791471058.314883,front_rgbd_red_sphere,True,True,True,,67.1,67.1,1791471058.3117974,1791471058.3107657,1791471058.2841568,1791471058.2841568,1791471058.2841568,0.0,1791471057.2721572,1791471058.2921739,1791471058.283653,1791471058.2921739,1791471058.283653,1791471058.2921739,1791471057.2681599,1791471058.2921739,1791471057.2721572,1791471058.2921739,1791470991.184157,GAZEBO_CLOCK_SYSTEM_INTERPOLATION,MAPPED_EXACT,0,67.1,1791471058.2841568,0.003823518753051758,0.0,RGB,0.0,0,1,0,UNCALIBRATED,PREPARATION,MID,STRAIGHT,1.0,332,1.0,6.900052070617676,0.2611975371837616,nan,nan,False,0.0,0.0,0.0,0.0,0,0,0,0,0,0.0,0.0,0.0,0.0,0.0,0.0,0.0,0.0,0.0,0.0,0.0,0.0,0.0,0.0,6.666011867088144,0.18365480053802585,-1.7723634113019795,0.0,0.0,0.0,0.0,0.0,0.0,0.0,0.0,0.0,0.0,0.0,False,DISABLED,0,nan,nan,nan,nan,nan,nan,nan,nan,nan,nan,nan,nan,nan,nan,nan,nan,nan,nan,nan,nan,nan,nan,nan,nan,nan,nan,nan,nan,nan,nan,nan,nan,nan,nan,35.49800989339141,-11.901446776870952,-0.016427196699210833,0.022201154475901128,0.022201154475901128,0.022201154475901128,35.46425193712477,-11.904202797782062,0.006482148364199689,0.033757956266640576,0.0027560209111108236,-0.02290934506341052,0.033870271073064916,0.040890504445375946,0.027640581130981445,False,DISABLED,none,MODEL_ORIGIN_FRAME_NOT_ESTABLISHED,nan,nan,nan,nan,nan,nan,nan,nan,nan,nan,nan,nan,nan,NOT_EVALUATED,nan,nan,nan,nan,DISABLED,nan,nan,nan,nan,nan,nan
1791471058.3361564,1791471058.3532612,1791471058.3609557,1791471058.3609753,front_rgbd_red_sphere,True,True,True,,67.152,67.152,1791471058.3532612,1791471058.3520293,1791471058.3361564,1791471058.3361564,1791471058.3361564,0.0,1791471057.332161,1791471058.3481684,1791471058.339653,1791471058.3481684,1791471058.343653,1791471058.352165,1791471057.332161,1791471058.3481684,1791471057.332161,1791471058.352165,1791470991.1841564,GAZEBO_CLOCK_SYSTEM_INTERPOLATION,MAPPED_EXACT,0,67.152,1791471058.3361564,0.0012288093566894531,0.0,RGB,0.0,0,1,0,UNCALIBRATED,PREPARATION,MID,STRAIGHT,1.0,329,1.0,6.903549671173096,0.26300743222236633,nan,nan,False,0.0,0.0,0.0,0.0,0,0,0,0,0,0.0,0.0,0.0,0.0,0.0,0.0,0.0,0.0,0.0,0.0,0.0,0.0,0.0,0.0,6.666153538590328,0.1938346020114512,-1.7843269463224196,0.0,0.0,0.0,0.0,0.0,0.0,0.0,0.0,0.0,0.0,0.0,False,DISABLED,0,nan,nan,nan,nan,nan,nan,nan,nan,nan,nan,nan,nan,nan,nan,nan,nan,nan,nan,nan,nan,nan,nan,nan,nan,nan,nan,nan,nan,nan,nan,nan,nan,nan,nan,35.34446725304318,-12.030204139869843,-0.003710369841577632,0.022211579159653314,0.022211579159653314,0.022211579159653314,35.305277663351966,-12.03839157441171,0.018683722904791967,0.03918958969121178,0.008187434541866878,-0.0223940927463696,0.04003570936729968,0.04587323200381559,0.0171048641204834,False,DISABLED,none,MODEL_ORIGIN_FRAME_NOT_ESTABLISHED,nan,nan,nan,nan,nan,nan,nan,nan,nan,nan,nan,nan,nan,NOT_EVALUATED,nan,nan,nan,nan,DISABLED,nan,nan,nan,nan,nan,nan
1791471058.384156,1791471058.4022784,1791471058.4057093,1791471058.4057295,front_rgbd_red_sphere,True,True,True,,67.2,67.2,1791471058.4022784,1791471058.4001453,1791471058.384156,1791471058.384156,1791471058.384156,0.0,1791471057.392166,1791471058.396172,1791471058.3876529,1791471058.396172,1791471058.3876529,1791471058.396172,1791471057.388171,1791471058.396172,1791471057.392166,1791471058.396172,1791470991.184156,GAZEBO_CLOCK_SYSTEM_INTERPOLATION,MAPPED_EXACT,0,67.2,1791471058.384156,0.0023589134216308594,0.0,RGB,0.0,0,1,0,UNCALIBRATED,PREPARATION,MID,STRAIGHT,1.0,331,1.0,6.91788911819458,0.26335766911506653,nan,nan,False,0.0,0.0,0.0,0.0,0,0,0,0,0,0.0,0.0,0.0,0.0,0.0,0.0,0.0,0.0,0.0,0.0,0.0,0.0,0.0,0.0,6.679369453010359,0.2039790632433558,-1.7893028258872903,0.0,0.0,0.0,0.0,0.0,0.0,0.0,0.0,0.0,0.0,0.0,False,DISABLED,0,nan,nan,nan,nan,nan,nan,nan,nan,nan,nan,nan,nan,nan,nan,nan,nan,nan,nan,nan,nan,nan,nan,nan,nan,nan,nan,nan,nan,nan,nan,nan,nan,nan,nan,35.19084191885783,-12.158430628691335,0.008947557447086807,0.022254341250626655,0.022254341250626655,0.022254341250626655,35.15830513087169,-12.161880745920197,0.02983715321464473,0.032536787986138904,0.0034501172288621262,-0.020889595767557924,0.03271919744351692,0.03881908155379025,0.018122434616088867,False,DISABLED,none,MODEL_ORIGIN_FRAME_NOT_ESTABLISHED,nan,nan,nan,nan,nan,nan,nan,nan,nan,nan,nan,nan,nan,NOT_EVALUATED,nan,nan,nan,nan,DISABLED,nan,nan,nan,nan,nan,nan
1791471058.4361575,1791471058.4539695,1791471058.4607317,1791471058.4607515,front_rgbd_red_sphere,True,True,True,,67.252,67.252,1791471058.4539695,1791471058.4521093,1791471058.4361575,1791471058.4361575,1791471058.4361575,0.0,1791471057.4321582,1791471058.4521658,1791471058.4436529,1791471058.4521658,1791471058.4436529,1791471058.4521658,1791471057.4281604,1791471058.4521658,1791471057.4321582,1791471058.4521658,1791470991.1841574,GAZEBO_CLOCK_SYSTEM_INTERPOLATION,MAPPED_EXACT,0,67.252,1791471058.4361575,0.0014793872833251953,0.0,RGB,0.0,0,1,0,UNCALIBRATED,PREPARATION,MID,STRAIGHT,1.0,333,1.0,6.921215534210205,0.26578253507614136,nan,nan,False,0.0,0.0,0.0,0.0,0,0,0,0,0,0.0,0.0,0.0,0.0,0.0,0.0,0.0,0.0,0.0,0.0,0.0,0.0,0.0,0.0,6.6781925620808575,0.21420017632784472,-1.805293714325316,0.0,0.0,0.0,0.0,0.0,0.0,0.0,0.0,0.0,0.0,0.0,False,DISABLED,0,nan,nan,nan,nan,nan,nan,nan,nan,nan,nan,nan,nan,nan,nan,nan,nan,nan,nan,nan,nan,nan,nan,nan,nan,nan,nan,nan,nan,nan,nan,nan,nan,nan,nan,35.0370556861484,-12.28614231098442,0.02168626041275884,0.022264266986165196,0.022264266986165196,0.022264266986165196,34.998785772957774,-12.295248772856743,0.041719427377089516,0.038269913190625005,0.009106461872322669,-0.020033166964330676,0.03933845324170792,0.044145687015503456,0.017812013626098633,False,DISABLED,none,MODEL_ORIGIN_FRAME_NOT_ESTABLISHED,nan,nan,nan,nan,nan,nan,nan,nan,nan,nan,nan,nan,nan,NOT_EVALUATED,nan,nan,nan,nan,DISABLED,nan,nan,nan,nan,nan,nan
1791471058.4841576,1791471058.5015986,1791471058.50495,1791471058.5049696,front_rgbd_red_sphere,True,True,True,,67.3,67.3,1791471058.5015986,1791471058.4998436,1791471058.4841576,1791471058.4841576,1791471058.4841576,0.0,1791471057.4921677,1791471058.492179,1791471058.4836528,1791471058.492179,1791471058.4836528,1791471058.492179,1791471057.4921677,1791471058.492179,1791471057.4921677,1791471058.492179,1791470991.1841576,GAZEBO_CLOCK_SYSTEM_INTERPOLATION,MAPPED_EXACT,0,67.3,1791471058.4841576,0.0016129016876220703,0.0,RGB,0.0,0,1,0,UNCALIBRATED,PREPARATION,MID,STRAIGHT,1.0,329,1.0,6.935549736022949,0.2667537331581116,nan,nan,False,0.0,0.0,0.0,0.0,0,0,0,0,0,0.0,0.0,0.0,0.0,0.0,0.0,0.0,0.0,0.0,0.0,0.0,0.0,0.0,0.0,6.690251288364004,0.22454997423019663,-1.81437799418301,0.0,0.0,0.0,0.0,0.0,0.0,0.0,0.0,0.0,0.0,0.0,False,DISABLED,0,nan,nan,nan,nan,nan,nan,nan,nan,nan,nan,nan,nan,nan,nan,nan,nan,nan,nan,nan,nan,nan,nan,nan,nan,nan,nan,nan,nan,nan,nan,nan,nan,nan,nan,34.882896422697954,-12.413388764621022,0.03388121452141318,0.02230706509936302,0.02230706509936302,0.02230706509936302,34.851167697251555,-12.41807606915638,0.05245533911390784,0.03172872544639915,0.004687304535357484,-0.018574124592494655,0.03207308594850455,0.037063202055916254,0.0174410343170166,False,DISABLED,none,MODEL_ORIGIN_FRAME_NOT_ESTABLISHED,nan,nan,nan,nan,nan,nan,nan,nan,nan,nan,nan,nan,nan,NOT_EVALUATED,nan,nan,nan,nan,DISABLED,nan,nan,nan,nan,nan,nan
1791471058.5361571,1791471058.5616293,1791471058.5651612,1791471058.5651846,front_rgbd_red_sphere,True,True,True,,67.352,67.352,1791471058.5534286,1791471058.5616293,1791471058.5361571,1791471058.5361571,1791471058.5361571,0.0,1791471057.532157,1791471058.54817,1791471058.5396528,1791471058.54817,1791471058.543653,1791471058.5521665,1791471057.532157,1791471058.54817,1791471057.532157,1791471058.5521665,1791470991.1841571,GAZEBO_CLOCK_SYSTEM_INTERPOLATION,MAPPED_EXACT,0,67.352,1791471058.5361571,0.0016565322875976562,0.0,RGB,0.0,0,1,0,UNCALIBRATED,PREPARATION,MID,STRAIGHT,1.0,332,1.0,6.9384050369262695,0.2696375846862793,nan,nan,False,0.0,0.0,0.0,0.0,0,0,0,0,0,0.0,0.0,0.0,0.0,0.0,0.0,0.0,0.0,0.0,0.0,0.0,0.0,0.0,0.0,6.687703212954645,0.23471358922625285,-1.8333032693412417,0.0,0.0,0.0,0.0,0.0,0.0,0.0,0.0,0.0,0.0,0.0,False,DISABLED,0,nan,nan,nan,nan,nan,nan,nan,nan,nan,nan,nan,nan,nan,nan,nan,nan,nan,nan,nan,nan,nan,nan,nan,nan,nan,nan,nan,nan,nan,nan,nan,nan,nan,nan,34.72882341662818,-12.539931050552521,0.045684261339386245,0.022315594753282996,0.022315594753282996,0.022315594753282996,34.690860702367644,-12.550772118228856,0.06374144621156057,0.03796271426053721,0.010841067676334859,-0.018057184872174323,0.03948032956283506,0.043413803656186925,0.025472164154052734,False,DISABLED,none,MODEL_ORIGIN_FRAME_NOT_ESTABLISHED,nan,nan,nan,nan,nan,nan,nan,nan,nan,nan,nan,nan,nan,NOT_EVALUATED,nan,nan,nan,nan,DISABLED,nan,nan,nan,nan,nan,nan
1791471058.5841572,1791471058.6043901,1791471058.6077123,1791471058.607735,front_rgbd_red_sphere,True,True,True,,67.4,67.4,1791471058.6043901,1791471058.6028688,1791471058.5841572,1791471058.5841572,1791471058.5841572,0.0,1791471057.5721614,1791471058.588168,1791471058.579653,1791471058.588168,1791471058.583653,1791471058.5921655,1791471057.5721614,1791471058.588168,1791471057.5721614,1791471058.5921655,1791470991.1841571,GAZEBO_CLOCK_SYSTEM_INTERPOLATION,MAPPED_EXACT,0,67.4,1791471058.5841572,0.0004961490631103516,0.0,RGB,0.0,0,1,0,UNCALIBRATED,PREPARATION,MID,STRAIGHT,1.0,328,1.0,6.9520721435546875,0.27063244581222534,nan,nan,False,0.0,0.0,0.0,0.0,0,0,0,0,0,0.0,0.0,0.0,0.0,0.0,0.0,0.0,0.0,0.0,0.0,0.0,0.0,0.0,0.0,6.6990308494281265,0.24520988164994328,-1.842326537545043,0.0,0.0,0.0,0.0,0.0,0.0,0.0,0.0,0.0,0.0,0.0,False,DISABLED,0,nan,nan,nan,nan,nan,nan,nan,nan,nan,nan,nan,nan,nan,nan,nan,nan,nan,nan,nan,nan,nan,nan,nan,nan,nan,nan,nan,nan,nan,nan,nan,nan,nan,nan,34.57420467995054,-12.666051003524712,0.05660782282614202,0.02235644660948901,0.02235644660948901,0.02235644660948901,34.54267203931743,-12.67282457907382,0.07378805476821658,0.031532640633109565,0.006773575549107846,-0.01718023194207456,0.03225195732070077,0.03654242904624408,0.0202329158782959,False,DISABLED,none,MODEL_ORIGIN_FRAME_NOT_ESTABLISHED,nan,nan,nan,nan,nan,nan,nan,nan,nan,nan,nan,nan,nan,NOT_EVALUATED,nan,nan,nan,nan,DISABLED,nan,nan,nan,nan,nan,nan
1791471058.6361575,1791471058.6537306,1791471058.6608171,1791471058.6608357,front_rgbd_red_sphere,True,True,True,,67.452,67.452,1791471058.6537306,1791471058.6519477,1791471058.6361575,1791471058.6361575,1791471058.6361575,0.0,1791471057.652167,1791471058.6521688,1791471058.643653,1791471058.6521688,1791471058.643653,1791471058.6521688,1791471057.652167,1791471058.6521688,1791471057.652167,1791471058.6521688,1791470991.1841576,GAZEBO_CLOCK_SYSTEM_INTERPOLATION,MAPPED_EXACT,0,67.452,1791471058.6361575,0.0016186237335205078,0.0,RGB,0.0,0,1,0,UNCALIBRATED,PREPARATION,MID,STRAIGHT,1.0,330,1.0,6.954739093780518,0.2732827663421631,nan,nan,False,0.0,0.0,0.0,0.0,0,0,0,0,0,0.0,0.0,0.0,0.0,0.0,0.0,0.0,0.0,0.0,0.0,0.0,0.0,0.0,0.0,6.696649437643308,0.25464262614043065,-1.8596882606258358,0.0,0.0,0.0,0.0,0.0,0.0,0.0,0.0,0.0,0.0,0.0,False,DISABLED,0,nan,nan,nan,nan,nan,nan,nan,nan,nan,nan,nan,nan,nan,nan,nan,nan,nan,nan,nan,nan,nan,nan,nan,nan,nan,nan,nan,nan,nan,nan,nan,nan,nan,nan,34.4191661783102,-12.791820900594033,0.06727757939432527,0.02236442237754343,0.02236442237754343,0.02236442237754343,34.38183039277374,-12.804585499032587,0.08418162801794941,0.037335785536456,0.012764598438554486,-0.016904048623624143,0.03945751962455046,0.04292601442938342,0.017573118209838867,False,DISABLED,none,MODEL_ORIGIN_FRAME_NOT_ESTABLISHED,nan,nan,nan,nan,nan,nan,nan,nan,nan,nan,nan,nan,nan,NOT_EVALUATED,nan,nan,nan,nan,DISABLED,nan,nan,nan,nan,nan,nan
1791471058.6841602,1791471058.7031884,1791471058.706462,1791471058.7064826,front_rgbd_red_sphere,True,True,True,,67.5,67.5,1791471058.7031884,1791471058.7014523,1791471058.6841602,1791471058.6841602,1791471058.6841602,0.0,1791471057.6921756,1791471058.692181,1791471058.683683,1791471058.692181,1791471058.683683,1791471058.692181,1791471057.6921756,1791471058.692181,1791471057.6921756,1791471058.692181,1791470991.1841602,GAZEBO_CLOCK_SYSTEM_INTERPOLATION,MAPPED_EXACT,0,67.5,1791471058.6841602,0.0032279491424560547,0.0,RGB,0.0,0,1,0,UNCALIBRATED,PREPARATION,MID,STRAIGHT,1.0,331,1.0,6.9676361083984375,0.27395275235176086,nan,nan,False,0.0,0.0,0.0,0.0,0,0,0,0,0,0.0,0.0,0.0,0.0,0.0,0.0,0.0,0.0,0.0,0.0,0.0,0.0,0.0,0.0,6.707806467105807,0.26340299318725435,-1.8665225605933973,0.0,0.0,0.0,0.0,0.0,0.0,0.0,0.0,0.0,0.0,0.0,False,DISABLED,0,nan,nan,nan,nan,nan,nan,nan,nan,nan,nan,nan,nan,nan,nan,nan,nan,nan,nan,nan,nan,nan,nan,nan,nan,nan,nan,nan,nan,nan,nan,nan,nan,nan,nan,34.263990419459795,-12.917243193062632,0.07684947890994126,0.022403013554356657,0.022403013554356657,0.022403013554356657,34.23290472840481,-12.925948490908391,0.09330118056185953,0.031085691054983045,0.008705297845759574,-0.01645170165191827,0.0322816108481166,0.03623204225810311,0.019028186798095703,False,DISABLED,none,MODEL_ORIGIN_FRAME_NOT_ESTABLISHED,nan,nan,nan,nan,nan,nan,nan,nan,nan,nan,nan,nan,nan,NOT_EVALUATED,nan,nan,nan,nan,DISABLED,nan,nan,nan,nan,nan,nan
1791471058.736162,1791471058.7545998,1791471058.762226,1791471058.7622454,front_rgbd_red_sphere,True,True,True,,67.552,67.552,1791471058.7545998,1791471058.7530289,1791471058.736162,1791471058.736162,1791471058.736162,0.0,1791471057.7321603,1791471058.7481694,1791471058.739683,1791471058.7481694,1791471058.7436829,1791471058.7521608,1791471057.7321603,1791471058.7481694,1791471057.7321603,1791471058.7521608,1791470991.184162,GAZEBO_CLOCK_SYSTEM_INTERPOLATION,MAPPED_EXACT,0,67.552,1791471058.736162,0.001596689224243164,0.0,RGB,0.0,0,1,0,UNCALIBRATED,PREPARATION,MID,STRAIGHT,1.0,331,1.0,6.969268321990967,0.2759084701538086,nan,nan,False,0.0,0.0,0.0,0.0,0,0,0,0,0,0.0,0.0,0.0,0.0,0.0,0.0,0.0,0.0,0.0,0.0,0.0,0.0,0.0,0.0,6.705677301154554,0.27054759121404537,-1.8792007635245316,0.0,0.0,0.0,0.0,0.0,0.0,0.0,0.0,0.0,0.0,0.0,False,DISABLED,0,nan,nan,nan,nan,nan,nan,nan,nan,nan,nan,nan,nan,nan,nan,nan,nan,nan,nan,nan,nan,nan,nan,nan,nan,nan,nan,nan,nan,nan,nan,nan,nan,nan,nan,34.108546483212194,-13.042165914995389,0.08616268289762369,0.02240789911575589,0.02240789911575589,0.02240789911575589,34.07131885026868,-13.056888315059483,0.10255775914426331,0.03722763294351239,0.014722400064094643,-0.01639507624663962,0.040033057817560516,0.04326019236384958,0.018437862396240234,False,DISABLED,none,MODEL_ORIGIN_FRAME_NOT_ESTABLISHED,nan,nan,nan,nan,nan,nan,nan,nan,nan,nan,nan,nan,nan,NOT_EVALUATED,nan,nan,nan,nan,DISABLED,nan,nan,nan,nan,nan,nan
1791471058.7841592,1791471058.8130186,1791471058.8176272,1791471058.8176496,front_rgbd_red_sphere,True,True,True,,67.6,67.6,1791471058.8130186,1791471058.8030286,1791471058.7841592,1791471058.7841592,1791471058.7841592,0.0,1791471057.792182,1791471058.7881703,1791471058.7796829,1791471058.7881703,1791471058.7836828,1791471058.792189,1791471057.7721617,1791471058.7881703,1791471057.792182,1791471058.792189,1791470991.1841593,GAZEBO_CLOCK_SYSTEM_INTERPOLATION,MAPPED_EXACT,0,67.6,1791471058.7841592,0.0011277198791503906,0.0,RGB,0.0,0,1,0,UNCALIBRATED,PREPARATION,MID,STRAIGHT,1.0,328,1.0,6.981509685516357,0.27607348561286926,nan,nan,False,0.0,0.0,0.0,0.0,0,0,0,0,0,0.0,0.0,0.0,0.0,0.0,0.0,0.0,0.0,0.0,0.0,0.0,0.0,0.0,0.0,6.717141805432243,0.27673342742087037,-1.882790820684857,0.0,0.0,0.0,0.0,0.0,0.0,0.0,0.0,0.0,0.0,0.0,False,DISABLED,0,nan,nan,nan,nan,nan,nan,nan,nan,nan,nan,nan,nan,nan,nan,nan,nan,nan,nan,nan,nan,nan,nan,nan,nan,nan,nan,nan,nan,nan,nan,nan,nan,nan,nan,33.95280049780066,-13.166566135269512,0.09472417847243803,0.022444563076118692,0.022444563076118692,0.022444563076118692,33.92182176371606,-13.177373213320804,0.1105144042904456,0.030978734084598614,0.010807078051291441,-0.01579022581800757,0.03280967694889691,0.03641162084932021,0.028859376907348633,False,DISABLED,none,MODEL_ORIGIN_FRAME_NOT_ESTABLISHED,nan,nan,nan,nan,nan,nan,nan,nan,nan,nan,nan,nan,nan,NOT_EVALUATED,nan,nan,nan,nan,DISABLED,nan,nan,nan,nan,nan,nan
1791471058.8361652,1791471058.8667455,1791471058.8699005,1791471058.8699226,front_rgbd_red_sphere,True,True,True,,67.652,67.652,1791471058.8667455,1791471058.86592,1791471058.8361652,1791471058.8361652,1791471058.8361652,0.0,1791471057.8521729,1791471058.852196,1791471058.843683,1791471058.852196,1791471058.843683,1791471058.852196,1791471057.8521729,1791471058.852196,1791471057.8521729,1791471058.852196,1791470991.1841652,GAZEBO_CLOCK_SYSTEM_INTERPOLATION,MAPPED_EXACT,0,67.652,1791471058.8361652,0.0027654170989990234,0.0,RGB,0.0,0,1,0,UNCALIBRATED,PREPARATION,MID,STRAIGHT,1.0,331,1.0,6.982305526733398,0.27795544266700745,nan,nan,False,0.0,0.0,0.0,0.0,0,0,0,0,0,0.0,0.0,0.0,0.0,0.0,0.0,0.0,0.0,0.0,0.0,0.0,0.0,0.0,0.0,6.714313858685554,0.28116046391962257,-1.8951328887745316,0.0,0.0,0.0,0.0,0.0,0.0,0.0,0.0,0.0,0.0,0.0,False,DISABLED,0,nan,nan,nan,nan,nan,nan,nan,nan,nan,nan,nan,nan,nan,nan,nan,nan,nan,nan,nan,nan,nan,nan,nan,nan,nan,nan,nan,nan,nan,nan,nan,nan,nan,nan,33.796993375835754,-13.290204626556202,0.10269750921445736,0.02244694788896732,0.02244694788896732,0.02244694788896732,33.75952482859817,-13.307406048416338,0.11840312962265553,0.0374685472375873,0.01720142186013618,-0.015705620408198173,0.041228399751938975,0.044118561383074274,0.03058028221130371,False,DISABLED,none,MODEL_ORIGIN_FRAME_NOT_ESTABLISHED,nan,nan,nan,nan,nan,nan,nan,nan,nan,nan,nan,nan,nan,NOT_EVALUATED,nan,nan,nan,nan,DISABLED,nan,nan,nan,nan,nan,nan
1791471058.8841574,1791471058.912575,1791471058.9158316,1791471058.9158518,front_rgbd_red_sphere,True,True,True,,67.7,67.7,1791471058.912575,1791471058.9012072,1791471058.8841574,1791471058.8841574,1791471058.8841574,0.0,1791471057.8722074,1791471058.892167,1791471058.883683,1791471058.892167,1791471058.883683,1791471058.892167,1791471057.8681614,1791471058.892167,1791471057.8722074,1791471058.892167,1791470991.1841574,GAZEBO_CLOCK_SYSTEM_INTERPOLATION,MAPPED_EXACT,0,67.7,1791471058.8841574,0.0008294582366943359,0.0,RGB,0.0,0,1,0,UNCALIBRATED,PREPARATION,MID,STRAIGHT,1.0,329,1.0,6.993714332580566,0.27811574935913086,nan,nan,False,0.0,0.0,0.0,0.0,0,0,0,0,0,0.0,0.0,0.0,0.0,0.0,0.0,0.0,0.0,0.0,0.0,0.0,0.0,0.0,0.0,6.724976993415611,0.2851264049852773,-1.8987961672666192,0.0,0.0,0.0,0.0,0.0,0.0,0.0,0.0,0.0,0.0,0.0,False,DISABLED,0,nan,nan,nan,nan,nan,nan,nan,nan,nan,nan,nan,nan,nan,nan,nan,nan,nan,nan,nan,nan,nan,nan,nan,nan,nan,nan,nan,nan,nan,nan,nan,nan,nan,nan,33.64079291783768,-13.413806716294806,0.10990904328869272,0.02248114680889463,0.02248114680889463,0.02248114680889463,33.60952032667712,-13.426908687860104,0.12499976400665204,0.03127259116055825,0.013101971565298243,-0.015090720717959319,0.03390629169923054,0.03711288817352749,0.028417587280273438,False,DISABLED,none,MODEL_ORIGIN_FRAME_NOT_ESTABLISHED,nan,nan,nan,nan,nan,nan,nan,nan,nan,nan,nan,nan,nan,NOT_EVALUATED,nan,nan,nan,nan,DISABLED,nan,nan,nan,nan,nan,nan
1791471058.9361553,1791471058.9620306,1791471058.965061,1791471058.9650803,front_rgbd_red_sphere,True,True,True,,67.752,67.752,1791471058.9620306,1791471058.9609947,1791471058.9361553,1791471058.9361553,1791471058.9361553,0.0,1791471057.9521644,1791471058.9481688,1791471058.939683,1791471058.9481688,1791471058.943683,1791471058.9521654,1791471057.9321568,1791471058.9481688,1791471057.9521644,1791471058.9521654,1791470991.1841552,GAZEBO_CLOCK_SYSTEM_INTERPOLATION,MAPPED_EXACT,0,67.752,1791471058.9361553,0.0020341873168945312,0.0,RGB,0.0,0,1,0,UNCALIBRATED,PREPARATION,MID,STRAIGHT,1.0,329,1.0,6.993269443511963,0.2792966365814209,nan,nan,False,0.0,0.0,0.0,0.0,0,0,0,0,0,0.0,0.0,0.0,0.0,0.0,0.0,0.0,0.0,0.0,0.0,0.0,0.0,0.0,0.0,6.722277070038838,0.2874242851506885,-1.9063558631922213,0.0,0.0,0.0,0.0,0.0,0.0,0.0,0.0,0.0,0.0,0.0,False,DISABLED,0,nan,nan,nan,nan,nan,nan,nan,nan,nan,nan,nan,nan,nan,nan,nan,nan,nan,nan,nan,nan,nan,nan,nan,nan,nan,nan,nan,nan,nan,nan,nan,nan,nan,nan,33.484425257907176,-13.536726660599268,0.11638030880483369,0.022479812194583323,0.022479812194583323,0.022479812194583323,33.446329175584026,-13.556118055367682,0.13133276535396496,0.038096082323150426,0.019391394768414116,-0.014952456549131271,0.04274737043885545,0.045287013991765795,0.025875329971313477,False,DISABLED,none,MODEL_ORIGIN_FRAME_NOT_ESTABLISHED,nan,nan,nan,nan,nan,nan,nan,nan,nan,nan,nan,nan,nan,NOT_EVALUATED,nan,nan,nan,nan,DISABLED,nan,nan,nan,nan,nan,nan
1791471058.984161,1791471059.0030284,1791471059.0068154,1791471059.0068378,front_rgbd_red_sphere,True,True,True,,67.8,67.8,1791471059.0030284,1791471059.000916,1791471058.984161,1791471058.984161,1791471058.984161,0.0,1791471057.9721618,1791471058.988174,1791471058.979683,1791471058.988174,1791471058.9836829,1791471058.9921796,1791471057.9721618,1791471058.988174,1791471057.9721618,1791471058.9921796,1791470991.184161,GAZEBO_CLOCK_SYSTEM_INTERPOLATION,MAPPED_EXACT,0,67.8,1791471058.984161,0.0031392574310302734,0.0,RGB,0.0,0,1,0,UNCALIBRATED,PREPARATION,MID,STRAIGHT,1.0,327,1.0,7.003139495849609,0.2781151533126831,nan,nan,False,0.0,0.0,0.0,0.0,0,0,0,0,0,0.0,0.0,0.0,0.0,0.0,0.0,0.0,0.0,0.0,0.0,0.0,0.0,0.0,0.0,6.734041220677451,0.28997083073631735,-1.9006759101965987,0.0,0.0,0.0,0.0,0.0,0.0,0.0,0.0,0.0,0.0,0.0,False,DISABLED,0,nan,nan,nan,nan,nan,nan,nan,nan,nan,nan,nan,nan,nan,nan,nan,nan,nan,nan,nan,nan,nan,nan,nan,nan,nan,nan,nan,nan,nan,nan,nan,nan,nan,nan,33.3273586625385,-13.659661507747012,0.1218642735211049,0.022509419550688123,0.022509419550688123,0.022509419550688123,33.29539248137371,-13.674915410794231,0.13642122077063334,0.03196618116479044,0.015253903047218742,-0.01455694724952844,0.035419179782063735,0.03829390303507474,0.01886749267578125,False,DISABLED,none,MODEL_ORIGIN_FRAME_NOT_ESTABLISHED,nan,nan,nan,nan,nan,nan,nan,nan,nan,nan,nan,nan,nan,NOT_EVALUATED,nan,nan,nan,nan,DISABLED,nan,nan,nan,nan,nan,nan
1791471059.0361617,1791471059.0546465,1791471059.062599,1791471059.0626192,front_rgbd_red_sphere,True,True,True,,67.852,67.852,1791471059.0546465,1791471059.053564,1791471059.0361617,1791471059.0361617,1791471059.0361617,0.0,1791471058.0321615,1791471059.0521667,1791471059.0436828,1791471059.0521667,1791471059.0436828,1791471059.0521667,1791471058.0281672,1791471059.0521667,1791471058.0321615,1791471059.0521667,1791470991.1841617,GAZEBO_CLOCK_SYSTEM_INTERPOLATION,MAPPED_EXACT,0,67.852,1791471059.0361617,0.002371549606323242,0.0,RGB,0.0,0,1,0,UNCALIBRATED,PREPARATION,MID,STRAIGHT,1.0,327,1.0,7.0019612312316895,0.27850502729415894,nan,nan,False,0.0,0.0,0.0,0.0,0,0,0,0,0,0.0,0.0,0.0,0.0,0.0,0.0,0.0,0.0,0.0,0.0,0.0,0.0,0.0,0.0,6.732158362674685,0.2915826125954748,-1.9027576751179716,0.0,0.0,0.0,0.0,0.0,0.0,0.0,0.0,0.0,0.0,0.0,False,DISABLED,0,nan,nan,nan,nan,nan,nan,nan,nan,nan,nan,nan,nan,nan,nan,nan,nan,nan,nan,nan,nan,nan,nan,nan,nan,nan,nan,nan,nan,nan,nan,nan,nan,nan,nan,33.169861057323985,-13.782186130923652,0.12695453594589617,0.02250588457683069,0.02250588457683069,0.02250588457683069,33.13169324847601,-13.802933582653122,0.14102958979311006,0.038167808847973106,0.0207474517294699,-0.014075053847213886,0.04344235704381264,0.04566558360870983,0.018484830856323242,False,DISABLED,none,MODEL_ORIGIN_FRAME_NOT_ESTABLISHED,nan,nan,nan,nan,nan,nan,nan,nan,nan,nan,nan,nan,nan,NOT_EVALUATED,nan,nan,nan,nan,DISABLED,nan,nan,nan,nan,nan,nan
1791471059.0841582,1791471059.1060526,1791471059.1092846,1791471059.1093044,front_rgbd_red_sphere,True,True,True,,67.9,67.9,1791471059.1060526,1791471059.104487,1791471059.0841582,1791471059.0841582,1791471059.0841582,0.0,1791471058.0721717,1791471059.0921774,1791471059.083683,1791471059.0921774,1791471059.083683,1791471059.0921774,1791471058.0681572,1791471059.0921774,1791471058.0721717,1791471059.0921774,1791470991.184158,GAZEBO_CLOCK_SYSTEM_INTERPOLATION,MAPPED_EXACT,0,67.9,1791471059.0841582,0.0021097660064697266,0.0,RGB,0.0,0,1,0,UNCALIBRATED,PREPARATION,MID,STRAIGHT,1.0,328,1.0,7.01036262512207,0.27775779366493225,nan,nan,False,0.0,0.0,0.0,0.0,0,0,0,0,0,0.0,0.0,0.0,0.0,0.0,0.0,0.0,0.0,0.0,0.0,0.0,0.0,0.0,0.0,6.741673981269674,0.29363091266325725,-1.899682802225513,0.0,0.0,0.0,0.0,0.0,0.0,0.0,0.0,0.0,0.0,0.0,False,DISABLED,0,nan,nan,nan,nan,nan,nan,nan,nan,nan,nan,nan,nan,nan,nan,nan,nan,nan,nan,nan,nan,nan,nan,nan,nan,nan,nan,nan,nan,nan,nan,nan,nan,nan,nan,33.01298660869807,-13.903649709036088,0.13081384496250875,0.022531098141844827,0.022531098141844827,0.022531098141844827,32.980198793342566,-13.920671595673497,0.1444729046124323,0.03278781535550479,0.017021886637408556,-0.01365905964992356,0.03694300286229402,0.03938724883770931,0.021894454956054688,False,DISABLED,none,MODEL_ORIGIN_FRAME_NOT_ESTABLISHED,nan,nan,nan,nan,nan,nan,nan,nan,nan,nan,nan,nan,nan,NOT_EVALUATED,nan,nan,nan,nan,DISABLED,nan,nan,nan,nan,nan,nan
1791471059.1361616,1791471059.1595275,1791471059.1636488,1791471059.16367,front_rgbd_red_sphere,True,True,True,,67.952,67.952,1791471059.1595275,1791471059.1567621,1791471059.1361616,1791471059.1361616,1791471059.1361616,0.0,1791471058.1321616,1791471059.1481664,1791471059.139683,1791471059.1481664,1791471059.143683,1791471059.152166,1791471058.1321616,1791471059.1481664,1791471058.1321616,1791471059.152166,1791470991.1841617,GAZEBO_CLOCK_SYSTEM_INTERPOLATION,MAPPED_EXACT,0,67.952,1791471059.1361616,0.003625631332397461,0.0,RGB,0.0,0,1,0,UNCALIBRATED,PREPARATION,MID,STRAIGHT,1.0,323,1.0,7.0075201988220215,0.2790383994579315,nan,nan,False,0.0,0.0,0.0,0.0,0,0,0,0,0,0.0,0.0,0.0,0.0,0.0,0.0,0.0,0.0,0.0,0.0,0.0,0.0,0.0,0.0,6.736474449558237,0.2948384037389573,-1.9074384498989598,0.0,0.0,0.0,0.0,0.0,0.0,0.0,0.0,0.0,0.0,0.0,False,DISABLED,0,nan,nan,nan,nan,nan,nan,nan,nan,nan,nan,nan,nan,nan,nan,nan,nan,nan,nan,nan,nan,nan,nan,nan,nan,nan,nan,nan,nan,nan,nan,nan,nan,nan,nan,32.85576560196335,-14.024121434720579,0.1343455725110863,0.02252256620835668,0.02252256620835668,0.02252256620835668,32.815312277134915,-14.047957811752495,0.14725645384115432,0.04045332482843378,0.0238363770319161,-0.012910881330068014,0.04695364053704924,0.04869635732168817,0.02336597442626953,False,DISABLED,none,MODEL_ORIGIN_FRAME_NOT_ESTABLISHED,nan,nan,nan,nan,nan,nan,nan,nan,nan,nan,nan,nan,nan,NOT_EVALUATED,nan,nan,nan,nan,DISABLED,nan,nan,nan,nan,nan,nan
1791471059.184157,1791471059.2018034,1791471059.2068803,1791471059.2069216,front_rgbd_red_sphere,True,True,True,,68.0,68.0,1791471059.2018034,1791471059.1997569,1791471059.184157,1791471059.184157,1791471059.184157,0.0,1791471058.1721652,1791471059.188167,1791471059.179683,1791471059.188167,1791471059.183683,1791471059.1921678,1791471058.1721652,1791471059.188167,1791471058.1721652,1791471059.1921678,1791470991.184157,GAZEBO_CLOCK_SYSTEM_INTERPOLATION,MAPPED_EXACT,0,68.0,1791471059.184157,0.001985788345336914,0.0,RGB,0.0,0,1,0,UNCALIBRATED,PREPARATION,MID,STRAIGHT,1.0,320,1.0,7.0150604248046875,0.2787121832370758,nan,nan,False,0.0,0.0,0.0,0.0,0,0,0,0,0,0.0,0.0,0.0,0.0,0.0,0.0,0.0,0.0,0.0,0.0,0.0,0.0,0.0,0.0,6.744353037249027,0.2970005898710877,-1.9069782050561432,0.0,0.0,0.0,0.0,0.0,0.0,0.0,0.0,0.0,0.0,0.0,False,DISABLED,0,nan,nan,nan,nan,nan,nan,nan,nan,nan,nan,nan,nan,nan,nan,nan,nan,nan,nan,nan,nan,nan,nan,nan,nan,nan,nan,nan,nan,nan,nan,nan,nan,nan,nan,32.69795343314053,-14.144466532027531,0.13653818592295602,0.022545204031466898,0.022545204031466898,0.022545204031466898,32.66301584975449,-14.164762701200006,0.14897477927268335,0.034937583386046356,0.02029616917247523,-0.012436593349727326,0.04040506423623994,0.0422757385515754,0.01764655113220215,False,DISABLED,none,MODEL_ORIGIN_FRAME_NOT_ESTABLISHED,nan,nan,nan,nan,nan,nan,nan,nan,nan,nan,nan,nan,nan,NOT_EVALUATED,nan,nan,nan,nan,DISABLED,nan,nan,nan,nan,nan,nan
1791471059.2361746,1791471059.2543073,1791471059.2624314,1791471059.2624514,front_rgbd_red_sphere,True,True,True,,68.052,68.052,1791471059.2543073,1791471059.2533858,1791471059.2361746,1791471059.2361746,1791471059.2361746,0.0,1791471058.252165,1791471059.2521656,1791471059.2436829,1791471059.2521656,1791471059.2436829,1791471059.2521656,1791471058.252165,1791471059.2521656,1791471058.252165,1791471059.2521656,1791470991.1841745,GAZEBO_CLOCK_SYSTEM_INTERPOLATION,MAPPED_EXACT,0,68.052,1791471059.2361746,0.0019915103912353516,0.0,RGB,0.0,0,1,0,UNCALIBRATED,PREPARATION,MID,STRAIGHT,1.0,327,1.0,7.010988235473633,0.28010445833206177,nan,nan,False,0.0,0.0,0.0,0.0,0,0,0,0,0,0.0,0.0,0.0,0.0,0.0,0.0,0.0,0.0,0.0,0.0,0.0,0.0,0.0,0.0,6.737746039315624,0.2986395472188246,-1.915084966903077,0.0,0.0,0.0,0.0,0.0,0.0,0.0,0.0,0.0,0.0,0.0,False,DISABLED,0,nan,nan,nan,nan,nan,nan,nan,nan,nan,nan,nan,nan,nan,nan,nan,nan,nan,nan,nan,nan,nan,nan,nan,nan,nan,nan,nan,nan,nan,nan,nan,nan,nan,nan,32.53990174239786,-14.263951517553057,0.13798420267232997,0.02253297713639471,0.02253297713639471,0.02253297713639471,32.497425556667935,-14.290872021006482,0.1498550667306478,0.04247618572992451,0.026920503453425226,-0.011870864058317832,0.05028856590069876,0.05167066163539987,0.018132686614990234,False,DISABLED,none,MODEL_ORIGIN_FRAME_NOT_ESTABLISHED,nan,nan,nan,nan,nan,nan,nan,nan,nan,nan,nan,nan,nan,NOT_EVALUATED,nan,nan,nan,nan,DISABLED,nan,nan,nan,nan,nan,nan
1791471059.284159,1791471059.3020918,1791471059.3066177,1791471059.3066401,front_rgbd_red_sphere,True,True,True,,68.1,68.1,1791471059.3020918,1791471059.3005264,1791471059.284159,1791471059.284159,1791471059.284159,0.0,1791471058.2721584,1791471059.2921674,1791471059.2836828,1791471059.2921674,1791471059.2836828,1791471059.2921674,1791471058.2681596,1791471059.2921674,1791471058.2721584,1791471059.2921674,1791470991.184159,GAZEBO_CLOCK_SYSTEM_INTERPOLATION,MAPPED_EXACT,0,68.1,1791471059.284159,0.002237081527709961,0.0,RGB,0.0,0,1,0,UNCALIBRATED,PREPARATION,MID,STRAIGHT,1.0,324,1.0,7.017280578613281,0.2797524631023407,nan,nan,False,0.0,0.0,0.0,0.0,0,0,0,0,0,0.0,0.0,0.0,0.0,0.0,0.0,0.0,0.0,0.0,0.0,0.0,0.0,0.0,0.0,6.744475684994279,0.3016637901764021,-1.9139686014057862,0.0,0.0,0.0,0.0,0.0,0.0,0.0,0.0,0.0,0.0,0.0,False,DISABLED,0,nan,nan,nan,nan,nan,nan,nan,nan,nan,nan,nan,nan,nan,nan,nan,nan,nan,nan,nan,nan,nan,nan,nan,nan,nan,nan,nan,nan,nan,nan,nan,nan,nan,nan,32.38129276904668,-14.383195512268209,0.13811781420300845,0.022551872110426686,0.022551872110426686,0.022551872110426686,32.344417726703924,-14.406608350542053,0.14980527991493134,0.03687504234275707,0.02341283827384366,-0.01168746571192289,0.043679855125873364,0.04521644168424423,0.017932891845703125,False,DISABLED,none,MODEL_ORIGIN_FRAME_NOT_ESTABLISHED,nan,nan,nan,nan,nan,nan,nan,nan,nan,nan,nan,nan,nan,NOT_EVALUATED,nan,nan,nan,nan,DISABLED,nan,nan,nan,nan,nan,nan
1791471059.3361597,1791471059.3614218,1791471059.3644814,1791471059.3645113,front_rgbd_red_sphere,True,True,True,,68.152,68.152,1791471059.3523912,1791471059.3614218,1791471059.3361597,1791471059.3361597,1791471059.3361597,0.0,1791471058.352165,1791471059.34817,1791471059.3396828,1791471059.34817,1791471059.343683,1791471059.3521688,1791471058.3481684,1791471059.34817,1791471058.352165,1791471059.3521688,1791470991.1841598,GAZEBO_CLOCK_SYSTEM_INTERPOLATION,MAPPED_EXACT,0,68.152,1791471059.3361597,0.0014235973358154297,0.0,RGB,0.0,0,1,0,UNCALIBRATED,PREPARATION,MID,STRAIGHT,1.0,330,1.0,7.01194429397583,0.2809221148490906,nan,nan,False,0.0,0.0,0.0,0.0,0,0,0,0,0,0.0,0.0,0.0,0.0,0.0,0.0,0.0,0.0,0.0,0.0,0.0,0.0,0.0,0.0,6.737077580896314,0.30408968388603697,-1.9200728587131923,0.0,0.0,0.0,0.0,0.0,0.0,0.0,0.0,0.0,0.0,0.0,False,DISABLED,0,nan,nan,nan,nan,nan,nan,nan,nan,nan,nan,nan,nan,nan,nan,nan,nan,nan,nan,nan,nan,nan,nan,nan,nan,nan,nan,nan,nan,nan,nan,nan,nan,nan,nan,32.22240189380475,-14.501655582360126,0.13752809131699634,0.022535847548424404,0.022535847548424404,0.022535847548424404,32.1779970595812,-14.531565795625385,0.14876369014985763,0.04440483422354902,0.02991021326525889,-0.011235598832861293,0.05353886588259168,0.0547051079984962,0.025262117385864258,False,DISABLED,none,MODEL_ORIGIN_FRAME_NOT_ESTABLISHED,nan,nan,nan,nan,nan,nan,nan,nan,nan,nan,nan,nan,nan,NOT_EVALUATED,nan,nan,nan,nan,DISABLED,nan,nan,nan,nan,nan,nan
1791471059.3841615,1791471059.401481,1791471059.4049253,1791471059.4049428,front_rgbd_red_sphere,True,True,True,,68.2,68.2,1791471059.401481,1791471059.3999617,1791471059.3841615,1791471059.3841615,1791471059.3841615,0.0,1791471058.372157,1791471059.3881738,1791471059.379683,1791471059.3881738,1791471059.383683,1791471059.3922236,1791471058.372157,1791471059.3881738,1791471058.372157,1791471059.3922236,1791470991.1841614,GAZEBO_CLOCK_SYSTEM_INTERPOLATION,MAPPED_EXACT,0,68.2,1791471059.3841615,0.0015473365783691406,0.0,RGB,0.0,0,1,0,UNCALIBRATED,PREPARATION,MID,STRAIGHT,1.0,329,1.0,7.016624927520752,0.28025734424591064,nan,nan,False,0.0,0.0,0.0,0.0,0,0,0,0,0,0.0,0.0,0.0,0.0,0.0,0.0,0.0,0.0,0.0,0.0,0.0,0.0,0.0,0.0,6.742866221496282,0.3077245409941707,-1.9162684892401796,0.0,0.0,0.0,0.0,0.0,0.0,0.0,0.0,0.0,0.0,0.0,False,DISABLED,0,nan,nan,nan,nan,nan,nan,nan,nan,nan,nan,nan,nan,nan,nan,nan,nan,nan,nan,nan,nan,nan,nan,nan,nan,nan,nan,nan,nan,nan,nan,nan,nan,nan,nan,32.06303540910053,-14.619797852239966,0.13547745115700055,0.02254990216958982,0.02254990216958982,0.02254990216958982,32.02407185093394,-14.64631874584814,0.14694577520511776,0.0389635581665857,0.02652089360817378,-0.011468324048117207,0.04713296789697186,0.048508134567818655,0.017319440841674805,False,DISABLED,none,MODEL_ORIGIN_FRAME_NOT_ESTABLISHED,nan,nan,nan,nan,nan,nan,nan,nan,nan,nan,nan,nan,nan,NOT_EVALUATED,nan,nan,nan,nan,DISABLED,nan,nan,nan,nan,nan,nan
1791471059.436159,1791471059.4615097,1791471059.4647443,1791471059.4647684,front_rgbd_red_sphere,True,True,True,,68.252,68.252,1791471059.4525902,1791471059.4615097,1791471059.436159,1791471059.436159,1791471059.436159,0.0,1791471058.4521658,1791471059.4521751,1791471059.443683,1791471059.4521751,1791471059.443683,1791471059.4521751,1791471058.4521658,1791471059.4521751,1791471058.4521658,1791471059.4521751,1791470991.1841588,GAZEBO_CLOCK_SYSTEM_INTERPOLATION,MAPPED_EXACT,0,68.252,1791471059.436159,0.0015091896057128906,0.0,RGB,0.0,0,1,0,UNCALIBRATED,PREPARATION,MID,STRAIGHT,1.0,329,1.0,7.010066509246826,0.2812599241733551,nan,nan,False,0.0,0.0,0.0,0.0,0,0,0,0,0,0.0,0.0,0.0,0.0,0.0,0.0,0.0,0.0,0.0,0.0,0.0,0.0,0.0,0.0,6.734616515642777,0.31083323216454595,-1.9207701195358737,0.0,0.0,0.0,0.0,0.0,0.0,0.0,0.0,0.0,0.0,0.0,False,DISABLED,0,nan,nan,nan,nan,nan,nan,nan,nan,nan,nan,nan,nan,nan,nan,nan,nan,nan,nan,nan,nan,nan,nan,nan,nan,nan,nan,nan,nan,nan,nan,nan,nan,nan,nan,31.90324651068509,-14.737489821890073,0.13265296565391976,0.022530210153472056,0.022530210153472056,0.022530210153472056,31.856849177510448,-14.770026733720607,0.14400913941983845,0.04639733317464234,0.032536911830534976,-0.011356173765918687,0.05666889055898989,0.05779555207616339,0.02535080909729004,False,DISABLED,none,MODEL_ORIGIN_FRAME_NOT_ESTABLISHED,nan,nan,nan,nan,nan,nan,nan,nan,nan,nan,nan,nan,nan,NOT_EVALUATED,nan,nan,nan,nan,DISABLED,nan,nan,nan,nan,nan,nan
1791471059.4841604,1791471059.4996667,1791471059.503021,1791471059.503044,front_rgbd_red_sphere,True,True,True,,68.3,68.3,1791471059.4996667,1791471059.4992235,1791471059.4841604,1791471059.4841604,1791471059.4841604,0.0,1791471058.4721546,1791471059.4921687,1791471059.4836829,1791471059.4921687,1791471059.4836829,1791471059.4921687,1791471058.4681604,1791471059.4921687,1791471058.4721546,1791471059.4921687,1791470991.1841605,GAZEBO_CLOCK_SYSTEM_INTERPOLATION,MAPPED_EXACT,0,68.3,1791471059.4841604,0.0036842823028564453,0.0,RGB,0.0,0,1,0,UNCALIBRATED,PREPARATION,MID,STRAIGHT,1.0,327,1.0,7.013503551483154,0.2805236279964447,nan,nan,False,0.0,0.0,0.0,0.0,0,0,0,0,0,0.0,0.0,0.0,0.0,0.0,0.0,0.0,0.0,0.0,0.0,0.0,0.0,0.0,0.0,6.739349974503191,0.3154054800151922,-1.9159631108049595,0.0,0.0,0.0,0.0,0.0,0.0,0.0,0.0,0.0,0.0,0.0,False,DISABLED,0,nan,nan,nan,nan,nan,nan,nan,nan,nan,nan,nan,nan,nan,nan,nan,nan,nan,nan,nan,nan,nan,nan,nan,nan,nan,nan,nan,nan,nan,nan,nan,nan,nan,nan,31.743070139778144,-14.854749559573321,0.128673680301521,0.02254052916110829,0.02254052916110829,0.02254052916110829,31.7020782065534,-14.883669102388124,0.14046796787866841,0.04099193322474548,0.028919542814803023,-0.011794287577147428,0.050166508211347716,0.05153429698338449,0.015506267547607422,False,DISABLED,none,MODEL_ORIGIN_FRAME_NOT_ESTABLISHED,nan,nan,nan,nan,nan,nan,nan,nan,nan,nan,nan,nan,nan,NOT_EVALUATED,nan,nan,nan,nan,DISABLED,nan,nan,nan,nan,nan,nan
1791471059.5361555,1791471059.561355,1791471059.5648692,1791471059.5648882,front_rgbd_red_sphere,True,True,True,,68.352,68.352,1791471059.5516791,1791471059.561355,1791471059.5361555,1791471059.5361555,1791471059.5361555,0.0,1791471058.5521665,1791471059.5481653,1791471059.5396829,1791471059.5481653,1791471059.5436828,1791471059.5521712,1791471058.5321589,1791471059.5481653,1791471058.5521665,1791471059.5521712,1791470991.1841555,GAZEBO_CLOCK_SYSTEM_INTERPOLATION,MAPPED_EXACT,0,68.352,1791471059.5361555,0.0014705657958984375,0.0,RGB,0.0,0,1,0,UNCALIBRATED,PREPARATION,MID,STRAIGHT,1.0,331,1.0,7.0058794021606445,0.2812073230743408,nan,nan,False,0.0,0.0,0.0,0.0,0,0,0,0,0,0.0,0.0,0.0,0.0,0.0,0.0,0.0,0.0,0.0,0.0,0.0,0.0,0.0,0.0,6.730695959439212,0.3194476140054885,-1.9178190727563589,0.0,0.0,0.0,0.0,0.0,0.0,0.0,0.0,0.0,0.0,0.0,False,DISABLED,0,nan,nan,nan,nan,nan,nan,nan,nan,nan,nan,nan,nan,nan,nan,nan,nan,nan,nan,nan,nan,nan,nan,nan,nan,nan,nan,nan,nan,nan,nan,nan,nan,nan,nan,31.58207400763867,-14.971728714488368,0.12409852972071539,0.02251764137935625,0.02251764137935625,0.02251764137935625,31.534044641367764,-15.006056858378354,0.13571209483524696,0.04802936627090659,0.03432814388998651,-0.011613565114531571,0.059035933865032725,0.06016740298522101,0.02519965171813965,False,DISABLED,none,MODEL_ORIGIN_FRAME_NOT_ESTABLISHED,nan,nan,nan,nan,nan,nan,nan,nan,nan,nan,nan,nan,nan,NOT_EVALUATED,nan,nan,nan,nan,DISABLED,nan,nan,nan,nan,nan,nan
1791471059.5841596,1791471059.5996702,1791471059.6031637,1791471059.6031883,front_rgbd_red_sphere,True,True,True,,68.4,68.4,1791471059.5996702,1791471059.59881,1791471059.5841596,1791471059.5841596,1791471059.5841596,0.0,1791471058.5921655,1791471059.588177,1791471059.5796828,1791471059.588177,1791471059.583683,1791471059.59218,1791471058.588168,1791471059.588177,1791471058.5921655,1791471059.59218,1791470991.1841595,GAZEBO_CLOCK_SYSTEM_INTERPOLATION,MAPPED_EXACT,0,68.4,1791471059.5841596,0.003685474395751953,0.0,RGB,0.0,0,1,0,UNCALIBRATED,PREPARATION,MID,STRAIGHT,1.0,322,1.0,7.007803440093994,0.2801353931427002,nan,nan,False,0.0,0.0,0.0,0.0,0,0,0,0,0,0.0,0.0,0.0,0.0,0.0,0.0,0.0,0.0,0.0,0.0,0.0,0.0,0.0,0.0,6.734625482580019,0.3247397479686871,-1.910150549512922,0.0,0.0,0.0,0.0,0.0,0.0,0.0,0.0,0.0,0.0,0.0,False,DISABLED,0,nan,nan,nan,nan,nan,nan,nan,nan,nan,nan,nan,nan,nan,nan,nan,nan,nan,nan,nan,nan,nan,nan,nan,nan,nan,nan,nan,nan,nan,nan,nan,nan,nan,nan,31.421223047837856,-15.087668592369827,0.11845515824366443,0.02252341691535025,0.02252341691535025,0.02252341691535025,31.378333114289745,-15.118580657573506,0.1305321214204039,0.04288993354811055,0.030912065203679617,-0.01207696317673948,0.05286872586811488,0.05423057453586676,0.01551055908203125,False,DISABLED,none,MODEL_ORIGIN_FRAME_NOT_ESTABLISHED,nan,nan,nan,nan,nan,nan,nan,nan,nan,nan,nan,nan,nan,NOT_EVALUATED,nan,nan,nan,nan,DISABLED,nan,nan,nan,nan,nan,nan
1791471059.636164,1791471059.6656055,1791471059.670733,1791471059.6707654,front_rgbd_red_sphere,True,True,True,,68.452,68.452,1791471059.6656055,1791471059.6647081,1791471059.636164,1791471059.636164,1791471059.636164,0.0,1791471058.6521688,1791471059.652174,1791471059.643683,1791471059.652174,1791471059.643683,1791471059.652174,1791471058.6521688,1791471059.652174,1791471058.6521688,1791471059.652174,1791470991.184164,GAZEBO_CLOCK_SYSTEM_INTERPOLATION,MAPPED_EXACT,0,68.452,1791471059.636164,0.001706838607788086,0.0,RGB,0.0,0,1,0,UNCALIBRATED,PREPARATION,MID,STRAIGHT,1.0,330,1.0,6.998671054840088,0.2807069420814514,nan,nan,False,0.0,0.0,0.0,0.0,0,0,0,0,0,0.0,0.0,0.0,0.0,0.0,0.0,0.0,0.0,0.0,0.0,0.0,0.0,0.0,0.0,6.724741802920525,0.3298233323443718,-1.9106174995932133,0.0,0.0,0.0,0.0,0.0,0.0,0.0,0.0,0.0,0.0,0.0,False,DISABLED,0,nan,nan,nan,nan,nan,nan,nan,nan,nan,nan,nan,nan,nan,nan,nan,nan,nan,nan,nan,nan,nan,nan,nan,nan,nan,nan,nan,nan,nan,nan,nan,nan,nan,nan,31.25929019648843,-15.20295383630109,0.11219665258084449,0.022496013007324747,0.022496013007324747,0.022496013007324747,31.20930860857023,-15.23969272772711,0.12406823729438782,0.04998158791820018,0.036738891426020714,-0.011871584713543326,0.06203148615048419,0.06315726242997355,0.02944159507751465,False,DISABLED,none,MODEL_ORIGIN_FRAME_NOT_ESTABLISHED,nan,nan,nan,nan,nan,nan,nan,nan,nan,nan,nan,nan,nan,NOT_EVALUATED,nan,nan,nan,nan,DISABLED,nan,nan,nan,nan,nan,nan
1791471059.684156,1791471059.7036514,1791471059.7073324,1791471059.7073615,front_rgbd_red_sphere,True,True,True,,68.5,68.5,1791471059.7036514,1791471059.702583,1791471059.684156,1791471059.684156,1791471059.684156,0.0,1791471058.692181,1791471059.6922083,1791471059.683712,1791471059.6922083,1791471059.683712,1791471059.6922083,1791471058.692181,1791471059.6922083,1791471058.692181,1791471059.6922083,1791470991.184156,GAZEBO_CLOCK_SYSTEM_INTERPOLATION,MAPPED_EXACT,0,68.5,1791471059.684156,0.003722667694091797,0.0,RGB,0.0,0,1,0,UNCALIBRATED,PREPARATION,MID,STRAIGHT,1.0,328,1.0,6.9999871253967285,0.27962008118629456,nan,nan,False,0.0,0.0,0.0,0.0,0,0,0,0,0,0.0,0.0,0.0,0.0,0.0,0.0,0.0,0.0,0.0,0.0,0.0,0.0,0.0,0.0,6.7281099491965985,0.3363396505883465,-1.9024271789626894,0.0,0.0,0.0,0.0,0.0,0.0,0.0,0.0,0.0,0.0,0.0,False,DISABLED,0,nan,nan,nan,nan,nan,nan,nan,nan,nan,nan,nan,nan,nan,nan,nan,nan,nan,nan,nan,nan,nan,nan,nan,nan,nan,nan,nan,nan,nan,nan,nan,nan,nan,nan,31.096826463596223,-15.318066361095036,0.10470570264403906,0.022499960790043072,0.022499960790043072,0.022499960790043072,31.052771539266598,-15.350936719869043,0.11738313851341861,0.04405492432962532,0.0328703587740069,-0.012677435869379555,0.05496632463264163,0.05640934518183292,0.019495487213134766,False,DISABLED,none,MODEL_ORIGIN_FRAME_NOT_ESTABLISHED,nan,nan,nan,nan,nan,nan,nan,nan,nan,nan,nan,nan,nan,NOT_EVALUATED,nan,nan,nan,nan,DISABLED,nan,nan,nan,nan,nan,nan
1791471059.7361584,1791471059.7540944,1791471059.7621655,1791471059.7621858,front_rgbd_red_sphere,True,True,True,,68.552,68.552,1791471059.7540944,1791471059.753089,1791471059.7361584,1791471059.7361584,1791471059.7361584,0.0,1791471058.7521608,1791471059.7481718,1791471059.739712,1791471059.7481718,1791471059.743712,1791471059.7521708,1791471058.7481694,1791471059.7481718,1791471058.7521608,1791471059.7521708,1791470991.1841583,GAZEBO_CLOCK_SYSTEM_INTERPOLATION,MAPPED_EXACT,0,68.552,1791471059.7361584,0.002082347869873047,0.0,RGB,0.0,0,1,0,UNCALIBRATED,PREPARATION,MID,STRAIGHT,1.0,326,1.0,6.989562511444092,0.28003957867622375,nan,nan,False,0.0,0.0,0.0,0.0,0,0,0,0,0,0.0,0.0,0.0,0.0,0.0,0.0,0.0,0.0,0.0,0.0,0.0,0.0,0.0,0.0,6.717280757428556,0.3421130735612401,-1.9013375446062906,0.0,0.0,0.0,0.0,0.0,0.0,0.0,0.0,0.0,0.0,0.0,False,DISABLED,0,nan,nan,nan,nan,nan,nan,nan,nan,nan,nan,nan,nan,nan,nan,nan,nan,nan,nan,nan,nan,nan,nan,nan,nan,nan,nan,nan,nan,nan,nan,nan,nan,nan,nan,30.934180750856974,-15.432316343849493,0.09659667260665655,0.02246869896166612,0.02246869896166612,0.02246869896166612,30.88272919522351,-15.470703499976308,0.10937059079490934,0.05145155563346293,0.03838715612681476,-0.012773918188252784,0.06419374060301972,0.06545234387314146,0.017935991287231445,False,DISABLED,none,MODEL_ORIGIN_FRAME_NOT_ESTABLISHED,nan,nan,nan,nan,nan,nan,nan,nan,nan,nan,nan,nan,nan,NOT_EVALUATED,nan,nan,nan,nan,DISABLED,nan,nan,nan,nan,nan,nan
1791471059.7841563,1791471059.8054879,1791471059.8090782,1791471059.8091004,front_rgbd_red_sphere,True,True,True,,68.6,68.6,1791471059.8054879,1791471059.804469,1791471059.7841563,1791471059.7841563,1791471059.7841563,0.0,1791471058.7721584,1791471059.78817,1791471059.779712,1791471059.78817,1791471059.783712,1791471059.7921658,1791471058.7721584,1791471059.78817,1791471058.7721584,1791471059.7921658,1791470991.1841564,GAZEBO_CLOCK_SYSTEM_INTERPOLATION,MAPPED_EXACT,0,68.6,1791471059.7841563,0.0015716552734375,0.0,RGB,0.0,0,1,0,UNCALIBRATED,PREPARATION,MID,STRAIGHT,1.0,330,1.0,6.989892482757568,0.2783426344394684,nan,nan,False,0.0,0.0,0.0,0.0,0,0,0,0,0,0.0,0.0,0.0,0.0,0.0,0.0,0.0,0.0,0.0,0.0,0.0,0.0,0.0,0.0,6.720866644536213,0.34905243095274585,-1.8885744609802266,0.0,0.0,0.0,0.0,0.0,0.0,0.0,0.0,0.0,0.0,0.0,False,DISABLED,0,nan,nan,nan,nan,nan,nan,nan,nan,nan,nan,nan,nan,nan,nan,nan,nan,nan,nan,nan,nan,nan,nan,nan,nan,nan,nan,nan,nan,nan,nan,nan,nan,nan,nan,30.770399035180773,-15.546707197828901,0.08732539672315648,0.02246968822790083,0.02246968822790083,0.02246968822790083,30.72533270000421,-15.580607579485067,0.10134442555059059,0.04506633517656411,0.03390038165616538,-0.01401902882743411,0.05639335459679708,0.05810975487768402,0.0213315486907959,False,DISABLED,none,MODEL_ORIGIN_FRAME_NOT_ESTABLISHED,nan,nan,nan,nan,nan,nan,nan,nan,nan,nan,nan,nan,nan,NOT_EVALUATED,nan,nan,nan,nan,DISABLED,nan,nan,nan,nan,nan,nan
1791471059.8361588,1791471059.8656352,1791471059.8688188,1791471059.8688405,front_rgbd_red_sphere,True,True,True,,68.652,68.652,1791471059.8567035,1791471059.8656352,1791471059.8361588,1791471059.8361588,1791471059.8361588,0.0,1791471058.852196,1791471059.8522053,1791471059.8437119,1791471059.8522053,1791471059.8437119,1791471059.8522053,1791471058.852196,1791471059.8522053,1791471058.852196,1791471059.8522053,1791470991.1841588,GAZEBO_CLOCK_SYSTEM_INTERPOLATION,MAPPED_EXACT,0,68.652,1791471059.8361588,0.00168609619140625,0.0,RGB,0.0,0,1,0,UNCALIBRATED,PREPARATION,MID,STRAIGHT,1.0,330,1.0,6.978512763977051,0.2782461941242218,nan,nan,False,0.0,0.0,0.0,0.0,0,0,0,0,0,0.0,0.0,0.0,0.0,0.0,0.0,0.0,0.0,0.0,0.0,0.0,0.0,0.0,0.0,6.710109559534018,0.3554274570961109,-1.8835446556290503,0.0,0.0,0.0,0.0,0.0,0.0,0.0,0.0,0.0,0.0,0.0,False,DISABLED,0,nan,nan,nan,nan,nan,nan,nan,nan,nan,nan,nan,nan,nan,nan,nan,nan,nan,nan,nan,nan,nan,nan,nan,nan,nan,nan,nan,nan,nan,nan,nan,nan,nan,nan,30.606495192810634,-15.660011644231275,0.07742208073054085,0.022435584258363905,0.022435584258363905,0.022435584258363905,30.554255877418065,-15.698947634052363,0.09198124717528043,0.0522393153925691,0.0389359898210877,-0.014559166444739577,0.06515333741284594,0.06676021797146697,0.029476404190063477,False,DISABLED,none,MODEL_ORIGIN_FRAME_NOT_ESTABLISHED,nan,nan,nan,nan,nan,nan,nan,nan,nan,nan,nan,nan,nan,NOT_EVALUATED,nan,nan,nan,nan,DISABLED,nan,nan,nan,nan,nan,nan
1791471059.8841603,1791471059.9068816,1791471059.9106321,1791471059.9106522,front_rgbd_red_sphere,True,True,True,,68.7,68.7,1791471059.9068816,1791471059.905809,1791471059.8841603,1791471059.8841603,1791471059.8841603,0.0,1791471058.892167,1791471059.8921762,1791471059.8837118,1791471059.8921762,1791471059.8837118,1791471059.8921762,1791471058.892167,1791471059.8921762,1791471058.892167,1791471059.8921762,1791470991.1841602,GAZEBO_CLOCK_SYSTEM_INTERPOLATION,MAPPED_EXACT,0,68.7,1791471059.8841603,0.0029401779174804688,0.0,RGB,0.0,0,1,0,UNCALIBRATED,PREPARATION,MID,STRAIGHT,1.0,330,1.0,6.977867603302002,0.2768719494342804,nan,nan,False,0.0,0.0,0.0,0.0,0,0,0,0,0,0.0,0.0,0.0,0.0,0.0,0.0,0.0,0.0,0.0,0.0,0.0,0.0,0.0,0.0,6.712116662732708,0.36284134678806623,-1.872556964051027,0.0,0.0,0.0,0.0,0.0,0.0,0.0,0.0,0.0,0.0,0.0,False,DISABLED,0,nan,nan,nan,nan,nan,nan,nan,nan,nan,nan,nan,nan,nan,nan,nan,nan,nan,nan,nan,nan,nan,nan,nan,nan,nan,nan,nan,nan,nan,nan,nan,nan,nan,nan,30.44181132940379,-15.772671306667322,0.06681852093344626,0.02243365119994595,0.02243365119994595,0.02243365119994595,30.3958456422907,-15.807530879473864,0.08280516391373904,0.04596568711309246,0.034859572806542616,-0.015986642980292787,0.05768911689420596,0.05986323547731699,0.022721290588378906,False,DISABLED,none,MODEL_ORIGIN_FRAME_NOT_ESTABLISHED,nan,nan,nan,nan,nan,nan,nan,nan,nan,nan,nan,nan,nan,NOT_EVALUATED,nan,nan,nan,nan,DISABLED,nan,nan,nan,nan,nan,nan
1791471059.9361694,1791471059.9521937,1791471059.960779,1791471059.9607983,front_rgbd_red_sphere,True,True,True,,68.752,68.752,1791471059.9521937,1791471059.9512987,1791471059.9361694,1791471059.9361694,1791471059.9361694,0.0,1791471058.9521654,1791471059.9482071,1791471059.9397118,1791471059.9482071,1791471059.943712,1791471059.9521747,1791471058.9481688,1791471059.9482071,1791471058.9521654,1791471059.9521747,1791470991.1841693,GAZEBO_CLOCK_SYSTEM_INTERPOLATION,MAPPED_EXACT,0,68.752,1791471059.9361694,0.0010704994201660156,0.0,RGB,0.0,0,1,0,UNCALIBRATED,PREPARATION,MID,STRAIGHT,1.0,327,1.0,6.965888977050781,0.2770080864429474,nan,nan,False,0.0,0.0,0.0,0.0,0,0,0,0,0,0.0,0.0,0.0,0.0,0.0,0.0,0.0,0.0,0.0,0.0,0.0,0.0,0.0,0.0,6.70033526996464,0.36949351144031617,-1.8688480553321458,0.0,0.0,0.0,0.0,0.0,0.0,0.0,0.0,0.0,0.0,0.0,False,DISABLED,0,nan,nan,nan,nan,nan,nan,nan,nan,nan,nan,nan,nan,nan,nan,nan,nan,nan,nan,nan,nan,nan,nan,nan,nan,nan,nan,nan,nan,nan,nan,nan,nan,nan,nan,30.27642519080898,-15.884549124689835,0.05554567663673554,0.022397783716655694,0.022397783716655694,0.022397783716655694,30.22373957713836,-15.924341715113185,0.0723234716665621,0.052685613670618636,0.039792590423349594,-0.016777795029826556,0.06602442078844865,0.06812281957254121,0.016024351119995117,False,DISABLED,none,MODEL_ORIGIN_FRAME_NOT_ESTABLISHED,nan,nan,nan,nan,nan,nan,nan,nan,nan,nan,nan,nan,nan,NOT_EVALUATED,nan,nan,nan,nan,DISABLED,nan,nan,nan,nan,nan,nan
1791471059.9841616,1791471060.0041854,1791471060.0093906,1791471060.009425,front_rgbd_red_sphere,True,True,True,,68.8,68.8,1791471060.0041854,1791471060.0027936,1791471059.9841616,1791471059.9841616,1791471059.9841616,0.0,1791471058.9921796,1791471059.9881716,1791471059.979712,1791471059.9881716,1791471059.983712,1791471059.9922233,1791471058.9721637,1791471059.9881716,1791471058.9921796,1791471059.9922233,1791470991.1841617,GAZEBO_CLOCK_SYSTEM_INTERPOLATION,MAPPED_EXACT,0,68.8,1791471059.9841616,0.0004343986511230469,0.0,RGB,0.0,0,1,0,UNCALIBRATED,PREPARATION,MID,STRAIGHT,1.0,329,1.0,6.964473724365234,0.27506327629089355,nan,nan,False,0.0,0.0,0.0,0.0,0,0,0,0,0,0.0,0.0,0.0,0.0,0.0,0.0,0.0,0.0,0.0,0.0,0.0,0.0,0.0,0.0,6.702665205488454,0.37710167721130716,-1.8536358476857693,0.0,0.0,0.0,0.0,0.0,0.0,0.0,0.0,0.0,0.0,0.0,False,DISABLED,0,nan,nan,nan,nan,nan,nan,nan,nan,nan,nan,nan,nan,nan,nan,nan,nan,nan,nan,nan,nan,nan,nan,nan,nan,nan,nan,nan,nan,nan,nan,nan,nan,nan,nan,30.11027831682404,-15.995790430364469,0.04363456219910594,0.022393546982975982,0.022393546982975982,0.022393546982975982,30.06448579948919,-16.03139709784985,0.0622359102422055,0.045792517334849236,0.035606667485382104,-0.018601348043099555,0.05800680488767706,0.06091633247576186,0.020023822784423828,False,DISABLED,none,MODEL_ORIGIN_FRAME_NOT_ESTABLISHED,nan,nan,nan,nan,nan,nan,nan,nan,nan,nan,nan,nan,nan,NOT_EVALUATED,nan,nan,nan,nan,DISABLED,nan,nan,nan,nan,nan,nan
1791471060.0361714,1791471060.066387,1791471060.071278,1791471060.0713,front_rgbd_red_sphere,True,True,True,,68.852,68.852,1791471060.066387,1791471060.065325,1791471060.0361714,1791471060.0361714,1791471060.0361714,0.0,1791471059.0521667,1791471060.0521715,1791471060.043712,1791471060.0521715,1791471060.043712,1791471060.0521715,1791471059.0521667,1791471060.0521715,1791471059.0521667,1791471060.0521715,1791470991.1841714,GAZEBO_CLOCK_SYSTEM_INTERPOLATION,MAPPED_EXACT,0,68.852,1791471060.0361714,0.0025327205657958984,0.0,RGB,0.0,0,1,0,UNCALIBRATED,PREPARATION,MID,STRAIGHT,1.0,330,1.0,6.951676845550537,0.27465763688087463,nan,nan,False,0.0,0.0,0.0,0.0,0,0,0,0,0,0.0,0.0,0.0,0.0,0.0,0.0,0.0,0.0,0.0,0.0,0.0,0.0,0.0,0.0,6.691115049422276,0.38400276282186496,-1.8458969318893086,0.0,0.0,0.0,0.0,0.0,0.0,0.0,0.0,0.0,0.0,0.0,False,DISABLED,0,nan,nan,nan,nan,nan,nan,nan,nan,nan,nan,nan,nan,nan,nan,nan,nan,nan,nan,nan,nan,nan,nan,nan,nan,nan,nan,nan,nan,nan,nan,nan,nan,nan,nan,29.943769461044344,-16.105830088315695,0.0315919847010005,0.022355264747238073,0.022355264747238073,0.022355264747238073,29.891304610844056,-16.146607569879905,0.05089335181601286,0.05246485020028757,0.04077748156420924,-0.01930136711501236,0.06644820170070849,0.06919469836458947,0.03021550178527832,False,DISABLED,none,MODEL_ORIGIN_FRAME_NOT_ESTABLISHED,nan,nan,nan,nan,nan,nan,nan,nan,nan,nan,nan,nan,nan,NOT_EVALUATED,nan,nan,nan,nan,DISABLED,nan,nan,nan,nan,nan,nan
1791471060.0841644,1791471060.1048942,1791471060.1082983,1791471060.1083255,front_rgbd_red_sphere,True,True,True,,68.9,68.9,1791471060.1048942,1791471060.1041183,1791471060.0841644,1791471060.0841644,1791471060.0841644,0.0,1791471059.0721784,1791471060.0921743,1791471060.0837119,1791471060.0921743,1791471060.0837119,1791471060.0921743,1791471059.0681598,1791471060.0921743,1791471059.0721784,1791471060.0921743,1791470991.1841643,GAZEBO_CLOCK_SYSTEM_INTERPOLATION,MAPPED_EXACT,0,68.9,1791471060.0841644,0.000904083251953125,0.0,RGB,0.0,0,1,0,UNCALIBRATED,PREPARATION,MID,STRAIGHT,1.0,333,1.0,6.949791431427002,0.27289071679115295,nan,nan,False,0.0,0.0,0.0,0.0,0,0,0,0,0,0.0,0.0,0.0,0.0,0.0,0.0,0.0,0.0,0.0,0.0,0.0,0.0,0.0,0.0,6.692620148059759,0.3918068901427407,-1.8316452493365052,0.0,0.0,0.0,0.0,0.0,0.0,0.0,0.0,0.0,0.0,0.0,False,DISABLED,0,nan,nan,nan,nan,nan,nan,nan,nan,nan,nan,nan,nan,nan,nan,nan,nan,nan,nan,nan,nan,nan,nan,nan,nan,nan,nan,nan,nan,nan,nan,nan,nan,nan,nan,29.776356761598713,-16.21531197018991,0.019070541586593548,0.022349626484227357,0.022349626484227357,0.022349626484227357,29.731176346984263,-16.25206336419167,0.04014399245680191,0.04518041461444966,0.03675139400176164,-0.021073450870208364,0.05824031958880633,0.06193565336206104,0.020729780197143555,False,DISABLED,none,MODEL_ORIGIN_FRAME_NOT_ESTABLISHED,nan,nan,nan,nan,nan,nan,nan,nan,nan,nan,nan,nan,nan,NOT_EVALUATED,nan,nan,nan,nan,DISABLED,nan,nan,nan,nan,nan,nan
1791471060.1361585,1791471060.154547,1791471060.1616974,1791471060.1617205,front_rgbd_red_sphere,True,True,True,,68.952,68.952,1791471060.154547,1791471060.1537094,1791471060.1361585,1791471060.1361585,1791471060.1361585,0.0,1791471059.152166,1791471060.148182,1791471060.1397119,1791471060.148182,1791471060.1437118,1791471060.1521688,1791471059.1481664,1791471060.148182,1791471059.152166,1791471060.1521688,1791470991.1841586,GAZEBO_CLOCK_SYSTEM_INTERPOLATION,MAPPED_EXACT,0,68.952,1791471060.1361585,0.0017321109771728516,0.0,RGB,0.0,0,1,0,UNCALIBRATED,PREPARATION,MID,TURNING,1.0,333,1.0,6.936671733856201,0.27272483706474304,nan,nan,False,0.0,0.0,0.0,0.0,0,0,0,0,0,0.0,0.0,0.0,0.0,0.0,0.0,0.0,0.0,0.0,0.0,0.0,0.0,0.0,0.0,6.680295932011299,0.3984350485952408,-1.8254617115110872,0.0,0.0,0.0,0.0,0.0,0.0,0.0,0.0,0.0,0.0,0.0,False,DISABLED,0,nan,nan,nan,nan,nan,nan,nan,nan,nan,nan,nan,nan,nan,nan,nan,nan,nan,nan,nan,nan,nan,nan,nan,nan,nan,nan,nan,nan,nan,nan,nan,nan,nan,nan,29.608555853074918,-16.32354044235526,0.0065091263855619474,0.02231041623646297,0.02231041623646297,0.02231041623646297,29.55668227239646,-16.36572094042093,0.028205927982149635,0.05187358067845693,0.042180498065668814,-0.021696801596587687,0.066858528173093,0.07029092394465988,0.01838850975036621,False,DISABLED,none,MODEL_ORIGIN_FRAME_NOT_ESTABLISHED,nan,nan,nan,nan,nan,nan,nan,nan,nan,nan,nan,nan,nan,NOT_EVALUATED,nan,nan,nan,nan,DISABLED,nan,nan,nan,nan,nan,nan
1791471060.1841557,1791471060.201893,1791471060.206182,1791471060.2062166,front_rgbd_red_sphere,True,True,True,,69.0,69.0,1791471060.201893,1791471060.200857,1791471060.1841557,1791471060.1841557,1791471060.1841557,0.0,1791471059.1721618,1791471060.1881664,1791471060.1797118,1791471060.1881664,1791471060.183712,1791471060.192166,1791471059.1721618,1791471060.1881664,1791471059.1721618,1791471060.192166,1791470991.1841557,GAZEBO_CLOCK_SYSTEM_INTERPOLATION,MAPPED_EXACT,0,69.0,1791471060.1841557,0.00206756591796875,0.0,RGB,0.0,0,1,0,UNCALIBRATED,PREPARATION,MID,TURNING,1.0,333,1.0,6.934048652648926,0.27037420868873596,nan,nan,False,0.0,0.0,0.0,0.0,0,0,0,0,0,0.0,0.0,0.0,0.0,0.0,0.0,0.0,0.0,0.0,0.0,0.0,0.0,0.0,0.0,6.68214158553988,0.4060601783905664,-1.8069664746634277,0.0,0.0,0.0,0.0,0.0,0.0,0.0,0.0,0.0,0.0,0.0,False,DISABLED,0,nan,nan,nan,nan,nan,nan,nan,nan,nan,nan,nan,nan,nan,nan,nan,nan,nan,nan,nan,nan,nan,nan,nan,nan,nan,nan,nan,nan,nan,nan,nan,nan,nan,nan,29.44014904585145,-16.43109688183272,-0.006542882227429325,0.02230258051988328,0.02230258051988328,0.02230258051988328,29.395279735132622,-16.469731533991474,0.01703394595533316,0.04486931071882694,0.0386346521587555,-0.023576828182762487,0.059210568244281093,0.06373192464511152,0.017737388610839844,False,DISABLED,none,MODEL_ORIGIN_FRAME_NOT_ESTABLISHED,nan,nan,nan,nan,nan,nan,nan,nan,nan,nan,nan,nan,nan,NOT_EVALUATED,nan,nan,nan,nan,DISABLED,nan,nan,nan,nan,nan,nan
1791471060.236169,1791471060.2560422,1791471060.261541,1791471060.2615645,front_rgbd_red_sphere,True,True,True,,69.052,69.052,1791471060.2560422,1791471060.25517,1791471060.236169,1791471060.236169,1791471060.236169,0.0,1791471059.2521656,1791471060.2521706,1791471060.243712,1791471060.2521706,1791471060.243712,1791471060.2521706,1791471059.2521656,1791471060.2521706,1791471059.2521656,1791471060.2521706,1791470991.184169,GAZEBO_CLOCK_SYSTEM_INTERPOLATION,MAPPED_EXACT,0,69.052,1791471060.236169,0.002063274383544922,0.0,RGB,0.0,0,1,0,UNCALIBRATED,PREPARATION,MID,TURNING,1.0,336,1.0,6.92056941986084,0.26952534914016724,nan,nan,False,0.0,0.0,0.0,0.0,0,0,0,0,0,0.0,0.0,0.0,0.0,0.0,0.0,0.0,0.0,0.0,0.0,0.0,0.0,0.0,0.0,6.6707187154949015,0.412630085888102,-1.795975439573965,0.0,0.0,0.0,0.0,0.0,0.0,0.0,0.0,0.0,0.0,0.0,False,DISABLED,0,nan,nan,nan,nan,nan,nan,nan,nan,nan,nan,nan,nan,nan,nan,nan,nan,nan,nan,nan,nan,nan,nan,nan,nan,nan,nan,nan,nan,nan,nan,nan,nan,nan,nan,29.270594392546368,-16.53772612027897,-0.019665670499478816,0.022262338847861593,0.022262338847861593,0.022262338847861593,29.21982195516759,-16.581493767536198,0.0048201606927584465,0.05077243737877879,0.043767647257229925,-0.02448583119223726,0.06703318091673198,0.07136528058510005,0.01987314224243164,False,DISABLED,none,MODEL_ORIGIN_FRAME_NOT_ESTABLISHED,nan,nan,nan,nan,nan,nan,nan,nan,nan,nan,nan,nan,nan,NOT_EVALUATED,nan,nan,nan,nan,DISABLED,nan,nan,nan,nan,nan,nan
1791471060.2841582,1791471060.3025768,1791471060.3081238,1791471060.3081696,front_rgbd_red_sphere,True,True,True,,69.1,69.1,1791471060.3025768,1791471060.3008318,1791471060.2841582,1791471060.2841582,1791471060.2841582,0.0,1791471059.2921674,1791471060.2921743,1791471060.283712,1791471060.2921743,1791471060.2877119,1791471060.2961693,1791471059.2921674,1791471060.2921743,1791471059.2921674,1791471060.2961693,1791470991.1841583,GAZEBO_CLOCK_SYSTEM_INTERPOLATION,MAPPED_EXACT,0,69.1,1791471060.2841582,0.0026998519897460938,0.0,RGB,0.0,0,1,0,UNCALIBRATED,PREPARATION,MID,TURNING,1.0,336,1.0,6.918069839477539,0.2675527036190033,nan,nan,False,0.0,0.0,0.0,0.0,0,0,0,0,0,0.0,0.0,0.0,0.0,0.0,0.0,0.0,0.0,0.0,0.0,0.0,0.0,0.0,0.0,6.671930127332865,0.42021798749862427,-1.780014829525344,0.0,0.0,0.0,0.0,0.0,0.0,0.0,0.0,0.0,0.0,0.0,False,DISABLED,0,nan,nan,nan,nan,nan,nan,nan,nan,nan,nan,nan,nan,nan,nan,nan,nan,nan,nan,nan,nan,nan,nan,nan,nan,nan,nan,nan,nan,nan,nan,nan,nan,nan,nan,29.100874859762637,-16.643317611560782,-0.03274580419665435,0.022254880184959448,0.022254880184959448,0.022254880184959448,29.057303341732457,-16.683847895506684,-0.0064861044526721865,0.043571518030180556,0.04053028394590186,-0.02625969974398216,0.05950782385694993,0.06504423826007863,0.018418550491333008,False,DISABLED,none,MODEL_ORIGIN_FRAME_NOT_ESTABLISHED,nan,nan,nan,nan,nan,nan,nan,nan,nan,nan,nan,nan,nan,NOT_EVALUATED,nan,nan,nan,nan,DISABLED,nan,nan,nan,nan,nan,nan
1791471060.3361568,1791471060.352215,1791471060.360142,1791471060.3601635,front_rgbd_red_sphere,True,True,True,,69.152,69.152,1791471060.352215,1791471060.3509846,1791471060.3361568,1791471060.3361568,1791471060.3361568,0.0,1791471059.3521688,1791471060.3481698,1791471060.339712,1791471060.3481698,1791471060.3437119,1791471060.3521738,1791471059.332159,1791471060.3481698,1791471059.3521688,1791471060.3521738,1791470991.184157,GAZEBO_CLOCK_SYSTEM_INTERPOLATION,MAPPED_EXACT,0,69.152,1791471060.3361568,0.001077413558959961,0.0,RGB,0.0,0,1,0,UNCALIBRATED,PREPARATION,MID,TURNING,1.0,336,1.0,6.904386520385742,0.26724159717559814,nan,nan,False,0.0,0.0,0.0,0.0,0,0,0,0,0,0.0,0.0,0.0,0.0,0.0,0.0,0.0,0.0,0.0,0.0,0.0,0.0,0.0,0.0,6.659301237256853,0.4264769532097592,-1.7726745854626742,0.0,0.0,0.0,0.0,0.0,0.0,0.0,0.0,0.0,0.0,0.0,False,DISABLED,0,nan,nan,nan,nan,nan,nan,nan,nan,nan,nan,nan,nan,nan,nan,nan,nan,nan,nan,nan,nan,nan,nan,nan,nan,nan,nan,nan,nan,nan,nan,nan,nan,nan,nan,28.930690497077702,-16.747980871683882,-0.04585856230998514,0.02221407322024515,0.02221407322024515,0.02221407322024515,28.88072398438128,-16.79369736542696,-0.018683150229209036,0.04996651269642172,0.045716493743078956,-0.027175412080776104,0.06772481222714943,0.07297364738700295,0.01605820655822754,False,DISABLED,none,MODEL_ORIGIN_FRAME_NOT_ESTABLISHED,nan,nan,nan,nan,nan,nan,nan,nan,nan,nan,nan,nan,nan,NOT_EVALUATED,nan,nan,nan,nan,DISABLED,nan,nan,nan,nan,nan,nan
1791471060.3841627,1791471060.401362,1791471060.4050682,1791471060.4050953,front_rgbd_red_sphere,True,True,True,,69.2,69.2,1791471060.401362,1791471060.4001153,1791471060.3841627,1791471060.3841627,1791471060.3841627,0.0,1791471059.3721607,1791471060.388173,1791471060.3797119,1791471060.388173,1791471060.3837118,1791471060.3921766,1791471059.3721607,1791471060.388173,1791471059.3721607,1791471060.3921766,1791470991.1841626,GAZEBO_CLOCK_SYSTEM_INTERPOLATION,MAPPED_EXACT,0,69.2,1791471060.3841627,0.001443624496459961,0.0,RGB,0.0,0,1,0,UNCALIBRATED,PREPARATION,MID,TURNING,1.0,334,1.0,6.90202522277832,0.2652054727077484,nan,nan,False,0.0,0.0,0.0,0.0,0,0,0,0,0,0.0,0.0,0.0,0.0,0.0,0.0,0.0,0.0,0.0,0.0,0.0,0.0,0.0,0.0,6.660721174781205,0.4340562935456962,-1.7562289098663122,0.0,0.0,0.0,0.0,0.0,0.0,0.0,0.0,0.0,0.0,0.0,False,DISABLED,0,nan,nan,nan,nan,nan,nan,nan,nan,nan,nan,nan,nan,nan,nan,nan,nan,nan,nan,nan,nan,nan,nan,nan,nan,nan,nan,nan,nan,nan,nan,nan,nan,nan,nan,28.759889092707635,-16.852056085637837,-0.05884885633815168,0.022207035410401366,0.022207035410401366,0.022207035410401366,28.717203221780103,-16.89421148773482,-0.029835432955431094,0.04268587092753151,0.04215540209698432,-0.029013423382720584,0.05999301211641494,0.06664037994478503,0.017199277877807617,False,DISABLED,none,MODEL_ORIGIN_FRAME_NOT_ESTABLISHED,nan,nan,nan,nan,nan,nan,nan,nan,nan,nan,nan,nan,nan,NOT_EVALUATED,nan,nan,nan,nan,DISABLED,nan,nan,nan,nan,nan,nan
1791471060.4361613,1791471060.451984,1791471060.4615078,1791471060.4615598,front_rgbd_red_sphere,True,True,True,,69.252,69.252,1791471060.451984,1791471060.4509645,1791471060.4361613,1791471060.4361613,1791471060.4361613,0.0,1791471059.4321563,1791471060.452175,1791471060.443712,1791471060.452175,1791471060.443712,1791471060.452175,1791471059.428162,1791471060.452175,1791471059.4321563,1791471060.452175,1791470991.1841612,GAZEBO_CLOCK_SYSTEM_INTERPOLATION,MAPPED_EXACT,0,69.252,1791471060.4361613,0.001173257827758789,0.0,RGB,0.0,0,1,0,UNCALIBRATED,PREPARATION,MID,TURNING,1.0,338,1.0,6.888665199279785,0.2647935152053833,nan,nan,False,0.0,0.0,0.0,0.0,0,0,0,0,0,0.0,0.0,0.0,0.0,0.0,0.0,0.0,0.0,0.0,0.0,0.0,0.0,0.0,0.0,6.6485715540082575,0.4406654980761662,-1.7481473731488766,0.0,0.0,0.0,0.0,0.0,0.0,0.0,0.0,0.0,0.0,0.0,False,DISABLED,0,nan,nan,nan,nan,nan,nan,nan,nan,nan,nan,nan,nan,nan,nan,nan,nan,nan,nan,nan,nan,nan,nan,nan,nan,nan,nan,nan,nan,nan,nan,nan,nan,nan,nan,28.58852568796381,-16.95502159781814,-0.07160311164915795,0.02216723531462614,0.02216723531462614,0.02216723531462614,28.539372161460296,-17.002104042337645,-0.041722021152816396,0.049153526503513234,0.04708244451950705,-0.02988109049634155,0.0680648642815369,0.07433508807363176,0.015822649002075195,False,DISABLED,none,MODEL_ORIGIN_FRAME_NOT_ESTABLISHED,nan,nan,nan,nan,nan,nan,nan,nan,nan,nan,nan,nan,nan,NOT_EVALUATED,nan,nan,nan,nan,DISABLED,nan,nan,nan,nan,nan,nan
1791471060.4841583,1791471060.4994614,1791471060.5028086,1791471060.5028327,front_rgbd_red_sphere,True,True,True,,69.3,69.3,1791471060.4994614,1791471060.498477,1791471060.4841583,1791471060.4841583,1791471060.4841583,0.0,1791471059.4921687,1791471060.4921784,1791471060.483712,1791471060.4921784,1791471060.483712,1791471060.4921784,1791471059.4921687,1791471060.4921784,1791471059.4921687,1791471060.4921784,1791470991.1841583,GAZEBO_CLOCK_SYSTEM_INTERPOLATION,MAPPED_EXACT,0,69.3,1791471060.4841583,0.003495931625366211,0.0,RGB,0.0,0,1,0,UNCALIBRATED,PREPARATION,MID,TURNING,1.0,333,1.0,6.8864426612854,0.2629171907901764,nan,nan,False,0.0,0.0,0.0,0.0,0,0,0,0,0,0.0,0.0,0.0,0.0,0.0,0.0,0.0,0.0,0.0,0.0,0.0,0.0,0.0,0.0,6.6497962420385095,0.44882092773265114,-1.7325879352324751,0.0,0.0,0.0,0.0,0.0,0.0,0.0,0.0,0.0,0.0,0.0,False,DISABLED,0,nan,nan,nan,nan,nan,nan,nan,nan,nan,nan,nan,nan,nan,nan,nan,nan,nan,nan,nan,nan,nan,nan,nan,nan,nan,nan,nan,nan,nan,nan,nan,nan,nan,nan,28.416813051284404,-17.056997915859952,-0.08435179621119987,0.022160617232333906,0.022160617232333906,0.022160617232333906,28.374569261519348,-17.100826609343454,-0.05246183704100984,0.04224378976505605,0.04382869348350127,-0.03188995917019003,0.06087275372598944,0.0687201691067575,0.01530313491821289,False,DISABLED,none,MODEL_ORIGIN_FRAME_NOT_ESTABLISHED,nan,nan,nan,nan,nan,nan,nan,nan,nan,nan,nan,nan,nan,NOT_EVALUATED,nan,nan,nan,nan,DISABLED,nan,nan,nan,nan,nan,nan
1791471060.53616,1791471060.5658553,1791471060.5692027,1791471060.5692217,front_rgbd_red_sphere,True,True,True,,69.352,69.352,1791471060.5561225,1791471060.5658553,1791471060.53616,1791471060.53616,1791471060.53616,0.0,1791471059.5521712,1791471060.5481853,1791471060.539712,1791471060.5481853,1791471060.543712,1791471060.5521753,1791471059.5481653,1791471060.5481853,1791471059.5521712,1791471060.5521753,1791470991.18416,GAZEBO_CLOCK_SYSTEM_INTERPOLATION,MAPPED_EXACT,0,69.352,1791471060.53616,0.001970052719116211,0.0,RGB,0.0,0,1,0,UNCALIBRATED,PREPARATION,MID,TURNING,1.0,334,1.0,6.873246192932129,0.26257646083831787,nan,nan,False,0.0,0.0,0.0,0.0,0,0,0,0,0,0.0,0.0,0.0,0.0,0.0,0.0,0.0,0.0,0.0,0.0,0.0,0.0,0.0,0.0,6.637661849741283,0.4562727676919174,-1.7247540906464476,0.0,0.0,0.0,0.0,0.0,0.0,0.0,0.0,0.0,0.0,0.0,False,DISABLED,0,nan,nan,nan,nan,nan,nan,nan,nan,nan,nan,nan,nan,nan,nan,nan,nan,nan,nan,nan,nan,nan,nan,nan,nan,nan,nan,nan,nan,nan,nan,nan,nan,nan,nan,28.244213863382456,-17.157828635487245,-0.09696466615757243,0.022121345905534318,0.022121345905534318,0.022121345905534318,28.195508645876238,-17.206613725732208,-0.06374123735282557,0.04870521750621748,0.04878509024496225,-0.033223428804746866,0.06893608084694883,0.07652437170000907,0.02969527244567871,False,DISABLED,none,MODEL_ORIGIN_FRAME_NOT_ESTABLISHED,nan,nan,nan,nan,nan,nan,nan,nan,nan,nan,nan,nan,nan,NOT_EVALUATED,nan,nan,nan,nan,DISABLED,nan,nan,nan,nan,nan,nan
1791471060.5841606,1791471060.6077712,1791471060.6128664,1791471060.612893,front_rgbd_red_sphere,True,True,True,,69.4,69.4,1791471060.5990295,1791471060.6077712,1791471060.5841606,1791471060.5841606,1791471060.5841606,0.0,1791471059.572161,1791471060.5881674,1791471060.579712,1791471060.5881674,1791471060.5837119,1791471060.59217,1791471059.572161,1791471060.5881674,1791471059.572161,1791471060.59217,1791470991.1841605,GAZEBO_CLOCK_SYSTEM_INTERPOLATION,MAPPED_EXACT,0,69.4,1791471060.5841606,0.003998517990112305,0.0,RGB,0.0,0,1,0,UNCALIBRATED,PREPARATION,MID,TURNING,1.0,336,1.0,6.871299743652344,0.2605319619178772,nan,nan,False,0.0,0.0,0.0,0.0,0,0,0,0,0,0.0,0.0,0.0,0.0,0.0,0.0,0.0,0.0,0.0,0.0,0.0,0.0,0.0,0.0,6.63941434614935,0.46538645080961594,-1.7077322745723507,0.0,0.0,0.0,0.0,0.0,0.0,0.0,0.0,0.0,0.0,0.0,False,DISABLED,0,nan,nan,nan,nan,nan,nan,nan,nan,nan,nan,nan,nan,nan,nan,nan,nan,nan,nan,nan,nan,nan,nan,nan,nan,nan,nan,nan,nan,nan,nan,nan,nan,nan,nan,28.071134978805713,-17.25754049546232,-0.10910594738946683,0.022115554905972723,0.022115554905972723,0.022115554905972723,28.029611119877142,-17.303304824792804,-0.07378960133147622,0.04152385892857069,0.0457643293304848,-0.03531634605799061,0.06179485981365206,0.07117477782386582,0.023610591888427734,False,DISABLED,none,MODEL_ORIGIN_FRAME_NOT_ESTABLISHED,nan,nan,nan,nan,nan,nan,nan,nan,nan,nan,nan,nan,nan,NOT_EVALUATED,nan,nan,nan,nan,DISABLED,nan,nan,nan,nan,nan,nan
1791471060.6361558,1791471060.655382,1791471060.6638103,1791471060.6638463,front_rgbd_red_sphere,True,True,True,,69.452,69.452,1791471060.655382,1791471060.6544595,1791471060.6361558,1791471060.6361558,1791471060.6361558,0.0,1791471059.6321652,1791471060.6521714,1791471060.6437118,1791471060.6521714,1791471060.6437118,1791471060.6521714,1791471059.628158,1791471060.6521714,1791471059.6321652,1791471060.6521714,1791470991.184156,GAZEBO_CLOCK_SYSTEM_INTERPOLATION,MAPPED_EXACT,0,69.452,1791471060.6361558,0.002506256103515625,0.0,RGB,0.0,0,1,0,UNCALIBRATED,PREPARATION,MID,TURNING,1.0,337,1.0,6.858699321746826,0.2600782811641693,nan,nan,False,0.0,0.0,0.0,0.0,0,0,0,0,0,0.0,0.0,0.0,0.0,0.0,0.0,0.0,0.0,0.0,0.0,0.0,0.0,0.0,0.0,6.628040154973473,0.47385632388849785,-1.6989112503714097,0.0,0.0,0.0,0.0,0.0,0.0,0.0,0.0,0.0,0.0,0.0,False,DISABLED,0,nan,nan,nan,nan,nan,nan,nan,nan,nan,nan,nan,nan,nan,nan,nan,nan,nan,nan,nan,nan,nan,nan,nan,nan,nan,nan,nan,nan,nan,nan,nan,nan,nan,nan,27.897111488819085,-17.356139153613732,-0.12069858725104149,0.02207809437189339,0.02207809437189339,0.02207809437189339,27.84927368513296,-17.406873988178393,-0.08418512564061308,0.04783780368612511,0.05073483456466121,-0.03651346161042841,0.06973147710909175,0.07871284379687991,0.01922607421875,False,DISABLED,none,MODEL_ORIGIN_FRAME_NOT_ESTABLISHED,nan,nan,nan,nan,nan,nan,nan,nan,nan,nan,nan,nan,nan,NOT_EVALUATED,nan,nan,nan,nan,DISABLED,nan,nan,nan,nan,nan,nan
1791471060.6841607,1791471060.7130487,1791471060.7175076,1791471060.7175326,front_rgbd_red_sphere,True,True,True,,69.5,69.5,1791471060.7130487,1791471060.701187,1791471060.6841607,1791471060.6841607,1791471060.6841607,0.0,1791471059.6721613,1791471060.6921806,1791471060.683712,1791471060.6921806,1791471060.683712,1791471060.6921806,1791471059.6681604,1791471060.6921806,1791471059.6721613,1791471060.6921806,1791470991.1841607,GAZEBO_CLOCK_SYSTEM_INTERPOLATION,MAPPED_EXACT,0,69.5,1791471060.6841607,0.001275777816772461,0.0,RGB,0.0,0,1,0,UNCALIBRATED,PREPARATION,MID,TURNING,1.0,332,1.0,6.857515335083008,0.2579662799835205,nan,nan,False,0.0,0.0,0.0,0.0,0,0,0,0,0,0.0,0.0,0.0,0.0,0.0,0.0,0.0,0.0,0.0,0.0,0.0,0.0,0.0,0.0,6.630605799627858,0.4843479713361436,-1.6810686502792311,0.0,0.0,0.0,0.0,0.0,0.0,0.0,0.0,0.0,0.0,0.0,False,DISABLED,0,nan,nan,nan,nan,nan,nan,nan,nan,nan,nan,nan,nan,nan,nan,nan,nan,nan,nan,nan,nan,nan,nan,nan,nan,nan,nan,nan,nan,nan,nan,nan,nan,nan,nan,27.722692308819294,-17.453786219189443,-0.1317784363684646,0.02207457651029403,0.02207457651029403,0.02207457651029403,27.68217253819699,-17.50146567668214,-0.09330010292908854,0.0405197706223035,0.04767945749269842,-0.03847833343937605,0.06257141901924652,0.07345586853583537,0.02888798713684082,False,DISABLED,none,MODEL_ORIGIN_FRAME_NOT_ESTABLISHED,nan,nan,nan,nan,nan,nan,nan,nan,nan,nan,nan,nan,nan,NOT_EVALUATED,nan,nan,nan,nan,DISABLED,nan,nan,nan,nan,nan,nan
1791471060.7361586,1791471060.7666745,1791471060.769961,1791471060.7699814,front_rgbd_red_sphere,True,True,True,,69.552,69.552,1791471060.7666745,1791471060.765391,1791471060.7361586,1791471060.7361586,1791471060.7361586,0.0,1791471059.7521708,1791471060.7481768,1791471060.7397418,1791471060.7481768,1791471060.743742,1791471060.7521763,1791471059.7481718,1791471060.7481768,1791471059.7521708,1791471060.7521763,1791470991.1841586,GAZEBO_CLOCK_SYSTEM_INTERPOLATION,MAPPED_EXACT,0,69.552,1791471060.7361586,0.0027124881744384766,0.0,RGB,0.0,0,1,0,UNCALIBRATED,PREPARATION,MID,TURNING,1.0,339,1.0,6.8455681800842285,0.25704556703567505,nan,nan,False,0.0,0.0,0.0,0.0,0,0,0,0,0,0.0,0.0,0.0,0.0,0.0,0.0,0.0,0.0,0.0,0.0,0.0,0.0,0.0,0.0,6.620658961440665,0.49406631409977386,-1.6687050909531385,0.0,0.0,0.0,0.0,0.0,0.0,0.0,0.0,0.0,0.0,0.0,False,DISABLED,0,nan,nan,nan,nan,nan,nan,nan,nan,nan,nan,nan,nan,nan,nan,nan,nan,nan,nan,nan,nan,nan,nan,nan,nan,nan,nan,nan,nan,nan,nan,nan,nan,nan,nan,27.547322978452787,-17.550284776086,-0.14225632477378974,0.02203908936761504,0.02203908936761504,0.02203908936761504,27.50056950806105,-17.602661966298278,-0.10255363534846719,0.046753470391735164,0.0523771902122796,-0.039702689425322554,0.07020866789937105,0.08065705546204742,0.03051590919494629,False,DISABLED,none,MODEL_ORIGIN_FRAME_NOT_ESTABLISHED,nan,nan,nan,nan,nan,nan,nan,nan,nan,nan,nan,nan,nan,NOT_EVALUATED,nan,nan,nan,nan,DISABLED,nan,nan,nan,nan,nan,nan
1791471060.7841556,1791471060.7998037,1791471060.8032475,1791471060.8032703,front_rgbd_red_sphere,True,True,True,,69.6,69.6,1791471060.7998037,1791471060.7972689,1791471060.7841556,1791471060.7841556,1791471060.7841556,0.0,1791471059.7921658,1791471060.788179,1791471060.779742,1791471060.788179,1791471060.783742,1791471060.7921832,1791471059.78817,1791471060.788179,1791471059.7921658,1791471060.7921832,1791470991.1841557,GAZEBO_CLOCK_SYSTEM_INTERPOLATION,MAPPED_EXACT,0,69.6,1791471060.7841556,0.0038073062896728516,0.0,RGB,0.0,0,1,0,UNCALIBRATED,PREPARATION,MID,TURNING,1.0,335,1.0,6.844785690307617,0.25479358434677124,nan,nan,False,0.0,0.0,0.0,0.0,0,0,0,0,0,0.0,0.0,0.0,0.0,0.0,0.0,0.0,0.0,0.0,0.0,0.0,0.0,0.0,0.0,6.623804305651543,0.5053374970920146,-1.6495284981904756,0.0,0.0,0.0,0.0,0.0,0.0,0.0,0.0,0.0,0.0,0.0,False,DISABLED,0,nan,nan,nan,nan,nan,nan,nan,nan,nan,nan,nan,nan,nan,nan,nan,nan,nan,nan,nan,nan,nan,nan,nan,nan,nan,nan,nan,nan,nan,nan,nan,nan,nan,nan,27.37196454809247,-17.645617867148314,-0.15233692492141587,0.022036766779882283,0.022036766779882283,0.022036766779882283,27.3321465192278,-17.695076615543304,-0.11051446247874121,0.03981802886467278,0.04945874839498998,-0.041822462442674666,0.06349522198927128,0.07603131973230355,0.01564812660217285,False,DISABLED,none,MODEL_ORIGIN_FRAME_NOT_ESTABLISHED,nan,nan,nan,nan,nan,nan,nan,nan,nan,nan,nan,nan,nan,NOT_EVALUATED,nan,nan,nan,nan,DISABLED,nan,nan,nan,nan,nan,nan
1791471060.8361638,1791471060.861242,1791471060.867436,1791471060.8674686,front_rgbd_red_sphere,True,True,True,,69.652,69.652,1791471060.861242,1791471060.8592126,1791471060.8361638,1791471060.8361638,1791471060.8361638,0.0,1791471059.8321762,1791471060.852193,1791471060.843742,1791471060.852193,1791471060.843742,1791471060.852193,1791471059.8281593,1791471060.852193,1791471059.8321762,1791471060.852193,1791470991.1841638,GAZEBO_CLOCK_SYSTEM_INTERPOLATION,MAPPED_EXACT,0,69.652,1791471060.8361638,0.006665468215942383,0.0,RGB,0.0,0,1,0,UNCALIBRATED,PREPARATION,MID,TURNING,1.0,339,1.0,6.83358907699585,0.254198282957077,nan,nan,False,0.0,0.0,0.0,0.0,0,0,0,0,0,0.0,0.0,0.0,0.0,0.0,0.0,0.0,0.0,0.0,0.0,0.0,0.0,0.0,0.0,6.613993139802994,0.5158681154680469,-1.6391809980644103,0.0,0.0,0.0,0.0,0.0,0.0,0.0,0.0,0.0,0.0,0.0,False,DISABLED,0,nan,nan,nan,nan,nan,nan,nan,nan,nan,nan,nan,nan,nan,nan,nan,nan,nan,nan,nan,nan,nan,nan,nan,nan,nan,nan,nan,nan,nan,nan,nan,nan,nan,nan,27.195598776871314,-17.740053914306554,-0.16152286289212542,0.022003536455155702,0.022003536455155702,0.022003536455155702,27.149138622623386,-17.793817872063777,-0.11840275195064846,0.04646015424792793,0.05376395775722287,-0.043120110941476955,0.07105708329548646,0.08311710446151852,0.025078296661376953,False,DISABLED,none,MODEL_ORIGIN_FRAME_NOT_ESTABLISHED,nan,nan,nan,nan,nan,nan,nan,nan,nan,nan,nan,nan,nan,NOT_EVALUATED,nan,nan,nan,nan,DISABLED,nan,nan,nan,nan,nan,nan
1791471060.884158,1791471060.9119158,1791471060.9174664,1791471060.9175014,front_rgbd_red_sphere,True,True,True,,69.7,69.7,1791471060.9119158,1791471060.9005632,1791471060.884158,1791471060.884158,1791471060.884158,0.0,1791471059.8921762,1791471060.8922238,1791471060.8837419,1791471060.8922238,1791471060.8837419,1791471060.8922238,1791471059.8921762,1791471060.8922238,1791471059.8921762,1791471060.8922238,1791470991.1841578,GAZEBO_CLOCK_SYSTEM_INTERPOLATION,MAPPED_EXACT,0,69.7,1791471060.884158,0.004105091094970703,0.0,RGB,0.0,0,1,0,UNCALIBRATED,PREPARATION,MID,TURNING,1.0,334,1.0,6.83376407623291,0.25225764513015747,nan,nan,False,0.0,0.0,0.0,0.0,0,0,0,0,0,0.0,0.0,0.0,0.0,0.0,0.0,0.0,0.0,0.0,0.0,0.0,0.0,0.0,0.0,6.617485213573064,0.5282783940140483,-1.6217723199650305,0.0,0.0,0.0,0.0,0.0,0.0,0.0,0.0,0.0,0.0,0.0,False,DISABLED,0,nan,nan,nan,nan,nan,nan,nan,nan,nan,nan,nan,nan,nan,nan,nan,nan,nan,nan,nan,nan,nan,nan,nan,nan,nan,nan,nan,nan,nan,nan,nan,nan,nan,nan,27.018811250116144,-17.83317089584129,-0.1701274986329419,0.022004056236000755,0.022004056236000755,0.022004056236000755,26.979592548453034,-17.883798923590113,-0.12500389887717034,0.03921870166310981,0.05062802774882513,-0.04512359975577157,0.06404142217249567,0.07834183434663046,0.027757883071899414,False,DISABLED,none,MODEL_ORIGIN_FRAME_NOT_ESTABLISHED,nan,nan,nan,nan,nan,nan,nan,nan,nan,nan,nan,nan,nan,NOT_EVALUATED,nan,nan,nan,nan,DISABLED,nan,nan,nan,nan,nan,nan
1791471060.9361575,1791471060.9628236,1791471060.9669607,1791471060.9669816,front_rgbd_red_sphere,True,True,True,,69.752,69.752,1791471060.9628236,1791471060.952282,1791471060.9361575,1791471060.9361575,1791471060.9361575,0.0,1791471059.9321582,1791471060.9481704,1791471060.9397418,1791471060.9481704,1791471060.943742,1791471060.9521666,1791471059.9321582,1791471060.9481704,1791471059.9321582,1791471060.9521666,1791470991.1841574,GAZEBO_CLOCK_SYSTEM_INTERPOLATION,MAPPED_EXACT,0,69.752,1791471060.9361575,0.0029764175415039062,0.0,RGB,0.0,0,1,0,UNCALIBRATED,PREPARATION,MID,TURNING,1.0,338,1.0,6.8234734535217285,0.25235089659690857,nan,nan,False,0.0,0.0,0.0,0.0,0,0,0,0,0,0.0,0.0,0.0,0.0,0.0,0.0,0.0,0.0,0.0,0.0,0.0,0.0,0.0,0.0,6.607361410727814,0.539784724726097,-1.6159208099144982,0.0,0.0,0.0,0.0,0.0,0.0,0.0,0.0,0.0,0.0,0.0,False,DISABLED,0,nan,nan,nan,nan,nan,nan,nan,nan,nan,nan,nan,nan,nan,nan,nan,nan,nan,nan,nan,nan,nan,nan,nan,nan,nan,nan,nan,nan,nan,nan,nan,nan,nan,nan,26.841022997377053,-17.925057870035793,-0.17740860026862032,0.021973537055843744,0.021973537055843744,0.021973537055843744,26.79515255529135,-17.979932081972443,-0.13133232225524274,0.0458704420857039,0.05487421193664943,-0.046076278013377575,0.07152116185302246,0.08507819925440534,0.02666616439819336,False,DISABLED,none,MODEL_ORIGIN_FRAME_NOT_ESTABLISHED,nan,nan,nan,nan,nan,nan,nan,nan,nan,nan,nan,nan,nan,NOT_EVALUATED,nan,nan,nan,nan,DISABLED,nan,nan,nan,nan,nan,nan
1791471060.984157,1791471061.0115588,1791471061.0158858,1791471061.015908,front_rgbd_red_sphere,True,True,True,,69.8,69.8,1791471061.0115588,1791471061.0004413,1791471060.984157,1791471060.984157,1791471060.984157,0.0,1791471059.9721575,1791471060.9881637,1791471060.9797418,1791471060.9881637,1791471060.983742,1791471060.9921873,1791471059.9721575,1791471060.9881637,1791471059.9721575,1791471060.9921873,1791470991.1841571,GAZEBO_CLOCK_SYSTEM_INTERPOLATION,MAPPED_EXACT,0,69.8,1791471060.984157,0.0038340091705322266,0.0,RGB,0.0,0,1,0,UNCALIBRATED,PREPARATION,MID,TURNING,1.0,335,1.0,6.824863910675049,0.2512882351875305,nan,nan,False,0.0,0.0,0.0,0.0,0,0,0,0,0,0.0,0.0,0.0,0.0,0.0,0.0,0.0,0.0,0.0,0.0,0.0,0.0,0.0,0.0,6.610514511083777,0.5529783407883109,-1.6043930430454978,0.0,0.0,0.0,0.0,0.0,0.0,0.0,0.0,0.0,0.0,0.0,False,DISABLED,0,nan,nan,nan,nan,nan,nan,nan,nan,nan,nan,nan,nan,nan,nan,nan,nan,nan,nan,nan,nan,nan,nan,nan,nan,nan,nan,nan,nan,nan,nan,nan,nan,nan,nan,26.662748772176244,-18.015952249680215,-0.1840776549954714,0.0219776582984221,0.0219776582984221,0.0219776582984221,26.624250569514352,-18.067445097557616,-0.13641962170647864,0.03849820266189141,0.051492847877401715,-0.04765803328899276,0.06429327329294486,0.08003070115709371,0.02740168571472168,False,DISABLED,none,MODEL_ORIGIN_FRAME_NOT_ESTABLISHED,nan,nan,nan,nan,nan,nan,nan,nan,nan,nan,nan,nan,nan,NOT_EVALUATED,nan,nan,nan,nan,DISABLED,nan,nan,nan,nan,nan,nan
1791471061.0361567,1791471061.062507,1791471061.065985,1791471061.0660079,front_rgbd_red_sphere,True,True,True,,69.852,69.852,1791471061.062507,1791471061.061836,1791471061.0361567,1791471061.0361567,1791471061.0361567,0.0,1791471060.0521715,1791471061.05219,1791471061.043742,1791471061.05219,1791471061.043742,1791471061.05219,1791471060.0521715,1791471061.05219,1791471060.0521715,1791471061.05219,1791470991.1841567,GAZEBO_CLOCK_SYSTEM_INTERPOLATION,MAPPED_EXACT,0,69.852,1791471061.0361567,0.0025069713592529297,0.0,RGB,0.0,0,1,0,UNCALIBRATED,PREPARATION,MID,TURNING,1.0,338,1.0,6.815258026123047,0.25185060501098633,nan,nan,False,0.0,0.0,0.0,0.0,0,0,0,0,0,0.0,0.0,0.0,0.0,0.0,0.0,0.0,0.0,0.0,0.0,0.0,0.0,0.0,0.0,6.600256374089045,0.5653197458448957,-1.6014897709207832,0.0,0.0,0.0,0.0,0.0,0.0,0.0,0.0,0.0,0.0,0.0,False,DISABLED,0,nan,nan,nan,nan,nan,nan,nan,nan,nan,nan,nan,nan,nan,nan,nan,nan,nan,nan,nan,nan,nan,nan,nan,nan,nan,nan,nan,nan,nan,nan,nan,nan,nan,nan,26.483910987331836,-18.105270409605687,-0.18967184455472536,0.021949186634264622,0.021949186634264622,0.021949186634264622,26.438367313336965,-18.16079644825937,-0.1410306158054522,0.045543673994870915,0.05552603865368155,-0.04864122874927315,0.07181481190897335,0.08673716817927789,0.02635025978088379,False,DISABLED,none,MODEL_ORIGIN_FRAME_NOT_ESTABLISHED,nan,nan,nan,nan,nan,nan,nan,nan,nan,nan,nan,nan,nan,NOT_EVALUATED,nan,nan,nan,nan,DISABLED,nan,nan,nan,nan,nan,nan
1791471061.0841622,1791471061.1117568,1791471061.1161168,1791471061.1161435,front_rgbd_red_sphere,True,True,True,,69.9,69.9,1791471061.1117568,1791471061.0998008,1791471061.0841622,1791471061.0841622,1791471061.0841622,0.0,1791471060.0921743,1791471061.0921755,1791471061.083742,1791471061.0921755,1791471061.083742,1791471061.0921755,1791471060.0921743,1791471061.0921755,1791471060.0921743,1791471061.0921755,1791470991.1841621,GAZEBO_CLOCK_SYSTEM_INTERPOLATION,MAPPED_EXACT,0,69.9,1791471061.0841622,0.0040912628173828125,0.0,RGB,0.0,0,1,0,UNCALIBRATED,PREPARATION,MID,TURNING,1.0,336,1.0,6.817778587341309,0.25118157267570496,nan,nan,False,0.0,0.0,0.0,0.0,0,0,0,0,0,0.0,0.0,0.0,0.0,0.0,0.0,0.0,0.0,0.0,0.0,0.0,0.0,0.0,0.0,6.603832644125289,0.5798631981032649,-1.5922490134084137,0.0,0.0,0.0,0.0,0.0,0.0,0.0,0.0,0.0,0.0,0.0,False,DISABLED,0,nan,nan,nan,nan,nan,nan,nan,nan,nan,nan,nan,nan,nan,nan,nan,nan,nan,nan,nan,nan,nan,nan,nan,nan,nan,nan,nan,nan,nan,nan,nan,nan,nan,nan,26.30410189937702,-18.19336982984667,-0.19428555379495988,0.02195665600353411,0.02195665600353411,0.02195665600353411,26.266119361220255,-18.245664623278003,-0.1444760308662509,0.03798253815676489,0.05229479343133292,-0.049809522928708966,0.06463295308784739,0.08159906371547082,0.027594566345214844,False,DISABLED,none,MODEL_ORIGIN_FRAME_NOT_ESTABLISHED,nan,nan,nan,nan,nan,nan,nan,nan,nan,nan,nan,nan,nan,NOT_EVALUATED,nan,nan,nan,nan,DISABLED,nan,nan,nan,nan,nan,nan
1791471061.1361573,1791471061.1654823,1791471061.1698856,1791471061.1699116,front_rgbd_red_sphere,True,True,True,,69.952,69.952,1791471061.1654823,1791471061.1540625,1791471061.1361573,1791471061.1361573,1791471061.1361573,0.0,1791471060.1521688,1791471061.1481812,1791471061.139742,1791471061.1481812,1791471061.1437418,1791471061.1521702,1791471060.1321568,1791471061.1481812,1791471060.1521688,1791471061.1521702,1791470991.1841574,GAZEBO_CLOCK_SYSTEM_INTERPOLATION,MAPPED_EXACT,0,69.952,1791471061.1361573,0.0017180442810058594,0.0,RGB,0.0,0,1,0,UNCALIBRATED,PREPARATION,MID,TURNING,1.0,343,1.0,6.809494495391846,0.25218555331230164,nan,nan,False,0.0,0.0,0.0,0.0,0,0,0,0,0,0.0,0.0,0.0,0.0,0.0,0.0,0.0,0.0,0.0,0.0,0.0,0.0,0.0,0.0,6.594106146997388,0.5934246820236329,-1.5921141631093274,0.0,0.0,0.0,0.0,0.0,0.0,0.0,0.0,0.0,0.0,0.0,False,DISABLED,0,nan,nan,nan,nan,nan,nan,nan,nan,nan,nan,nan,nan,nan,nan,nan,nan,nan,nan,nan,nan,nan,nan,nan,nan,nan,nan,nan,nan,nan,nan,nan,nan,nan,nan,26.123349187950655,-18.28015761466876,-0.19819088361152998,0.021932112928971237,0.021932112928971237,0.021932112928971237,26.078883900752576,-18.33600496622755,-0.14725531731692304,0.044465287198079295,0.05584735155878917,-0.05093556629460694,0.07138689264661031,0.08769561195117441,0.029325008392333984,False,DISABLED,none,MODEL_ORIGIN_FRAME_NOT_ESTABLISHED,nan,nan,nan,nan,nan,nan,nan,nan,nan,nan,nan,nan,nan,NOT_EVALUATED,nan,nan,nan,nan,DISABLED,nan,nan,nan,nan,nan,nan
1791471061.1841614,1791471061.2097204,1791471061.216159,1791471061.216193,front_rgbd_red_sphere,True,True,True,,70.0,70.0,1791471061.2097204,1791471061.1982784,1791471061.1841614,1791471061.1841614,1791471061.1841614,0.0,1791471060.192166,1791471061.1881716,1791471061.1797419,1791471061.1881716,1791471061.1837418,1791471061.1921742,1791471060.1881664,1791471061.1881716,1791471060.192166,1791471061.1921742,1791470991.1841614,GAZEBO_CLOCK_SYSTEM_INTERPOLATION,MAPPED_EXACT,0,70.0,1791471061.1841614,0.0020132064819335938,0.0,RGB,0.0,0,1,0,UNCALIBRATED,PREPARATION,MID,TURNING,1.0,341,1.0,6.813385963439941,0.2518027424812317,nan,nan,False,0.0,0.0,0.0,0.0,0,0,0,0,0,0.0,0.0,0.0,0.0,0.0,0.0,0.0,0.0,0.0,0.0,0.0,0.0,0.0,0.0,6.598524605462305,0.6089151443356791,-1.5845887987515583,0.0,0.0,0.0,0.0,0.0,0.0,0.0,0.0,0.0,0.0,0.0,False,DISABLED,0,nan,nan,nan,nan,nan,nan,nan,nan,nan,nan,nan,nan,nan,nan,nan,nan,nan,nan,nan,nan,nan,nan,nan,nan,nan,nan,nan,nan,nan,nan,nan,nan,nan,nan,25.94152830223937,-18.365301139914624,-0.2010726787509291,0.021943639934530555,0.021943639934530555,0.021943639934530555,25.905516187956167,-18.417949723038912,-0.14897459725394305,0.036012114283202834,0.052648583124287995,-0.052098081496986054,0.0637867202491359,0.08235870188272837,0.025558948516845703,False,DISABLED,none,MODEL_ORIGIN_FRAME_NOT_ESTABLISHED,nan,nan,nan,nan,nan,nan,nan,nan,nan,nan,nan,nan,nan,NOT_EVALUATED,nan,nan,nan,nan,DISABLED,nan,nan,nan,nan,nan,nan
1791471061.2361772,1791471061.2653852,1791471061.270728,1791471061.2707613,front_rgbd_red_sphere,True,True,True,,70.052,70.052,1791471061.2653852,1791471061.254291,1791471061.2361772,1791471061.2361772,1791471061.2361772,0.0,1791471060.232161,1791471061.2521703,1791471061.243742,1791471061.2521703,1791471061.243742,1791471061.2521703,1791471060.2281582,1791471061.2521703,1791471060.232161,1791471061.2521703,1791470991.1841772,GAZEBO_CLOCK_SYSTEM_INTERPOLATION,MAPPED_EXACT,0,70.052,1791471061.2361772,0.0016674995422363281,0.0,RGB,0.0,0,1,0,UNCALIBRATED,PREPARATION,MID,TURNING,1.0,338,1.0,6.805419921875,0.25340017676353455,nan,nan,False,0.0,0.0,0.0,0.0,0,0,0,0,0,0.0,0.0,0.0,0.0,0.0,0.0,0.0,0.0,0.0,0.0,0.0,0.0,0.0,0.0,6.588093111029292,0.6231221674884164,-1.588234971600551,0.0,0.0,0.0,0.0,0.0,0.0,0.0,0.0,0.0,0.0,0.0,False,DISABLED,0,nan,nan,nan,nan,nan,nan,nan,nan,nan,nan,nan,nan,nan,nan,nan,nan,nan,nan,nan,nan,nan,nan,nan,nan,nan,nan,nan,nan,nan,nan,nan,nan,nan,nan,25.76028054661011,-18.4484329479928,-0.20306370706382543,0.021920046360375943,0.021920046360375943,0.021920046360375943,25.71631273157728,-18.505362696127197,-0.14985531014203549,0.04396781503283265,0.05692974813439733,-0.05320839692178994,0.0719316688351334,0.08947233362550709,0.029207944869995117,False,DISABLED,none,MODEL_ORIGIN_FRAME_NOT_ESTABLISHED,nan,nan,nan,nan,nan,nan,nan,nan,nan,nan,nan,nan,nan,NOT_EVALUATED,nan,nan,nan,nan,DISABLED,nan,nan,nan,nan,nan,nan
1791471061.2841613,1791471061.311066,1791471061.3161685,1791471061.3162096,front_rgbd_red_sphere,True,True,True,,70.1,70.1,1791471061.311066,1791471061.2999365,1791471061.2841613,1791471061.2841613,1791471061.2841613,0.0,1791471060.2921743,1791471061.2921765,1791471061.283742,1791471061.2921765,1791471061.283742,1791471061.2921765,1791471060.2921743,1791471061.2921765,1791471060.27216,1791471061.2921765,1791470991.1841614,GAZEBO_CLOCK_SYSTEM_INTERPOLATION,MAPPED_EXACT,0,70.1,1791471061.2841613,0.0032341480255126953,0.0,RGB,0.0,0,1,0,UNCALIBRATED,PREPARATION,MID,TURNING,1.0,341,1.0,6.810001850128174,0.25356319546699524,nan,nan,False,0.0,0.0,0.0,0.0,0,0,0,0,0,0.0,0.0,0.0,0.0,0.0,0.0,0.0,0.0,0.0,0.0,0.0,0.0,0.0,0.0,6.5922499869199065,0.639535414912423,-1.5840951095150375,0.0,0.0,0.0,0.0,0.0,0.0,0.0,0.0,0.0,0.0,0.0,False,DISABLED,0,nan,nan,nan,nan,nan,nan,nan,nan,nan,nan,nan,nan,nan,nan,nan,nan,nan,nan,nan,nan,nan,nan,nan,nan,nan,nan,nan,nan,nan,nan,nan,nan,nan,nan,25.577632656546385,-18.530324326178288,-0.20400346827212962,0.021933614948184257,0.021933614948184257,0.021933614948184257,25.54133124232244,-18.584415998245575,-0.1498046577803313,0.03630141422394573,0.05409167206728682,-0.05419881049179831,0.06514370009213007,0.08474203632447862,0.026904582977294922,False,DISABLED,none,MODEL_ORIGIN_FRAME_NOT_ESTABLISHED,nan,nan,nan,nan,nan,nan,nan,nan,nan,nan,nan,nan,nan,NOT_EVALUATED,nan,nan,nan,nan,DISABLED,nan,nan,nan,nan,nan,nan
1791471061.3361588,1791471061.3617823,1791471061.3663125,1791471061.3663323,front_rgbd_red_sphere,True,True,True,,70.152,70.152,1791471061.3617823,1791471061.3513052,1791471061.3361588,1791471061.3361588,1791471061.3361588,0.0,1791471060.3321567,1791471061.3481658,1791471061.339742,1791471061.3481658,1791471061.343742,1791471061.3521683,1791471060.3321567,1791471061.3481658,1791471060.3321567,1791471061.3521683,1791470991.1841588,GAZEBO_CLOCK_SYSTEM_INTERPOLATION,MAPPED_EXACT,0,70.152,1791471061.3361588,0.001939535140991211,0.0,RGB,0.0,0,1,0,UNCALIBRATED,PREPARATION,MID,TURNING,1.0,340,1.0,6.803880214691162,0.2552925646305084,nan,nan,False,0.0,0.0,0.0,0.0,0,0,0,0,0,0.0,0.0,0.0,0.0,0.0,0.0,0.0,0.0,0.0,0.0,0.0,0.0,0.0,0.0,6.583362568629555,0.6546208716020381,-1.5885818712911002,0.0,0.0,0.0,0.0,0.0,0.0,0.0,0.0,0.0,0.0,0.0,False,DISABLED,0,nan,nan,nan,nan,nan,nan,nan,nan,nan,nan,nan,nan,nan,nan,nan,nan,nan,nan,nan,nan,nan,nan,nan,nan,nan,nan,nan,nan,nan,nan,nan,nan,nan,nan,25.393953252093873,-18.61082851875841,-0.2037963945951224,0.021915486414874993,0.021915486414874993,0.021915486414874993,25.351120657754382,-18.66825496279138,-0.14876454973964132,0.04283259433949027,0.057426444032969926,-0.05503184485548107,0.07164096322721493,0.09033787445097931,0.025623559951782227,False,DISABLED,none,MODEL_ORIGIN_FRAME_NOT_ESTABLISHED,nan,nan,nan,nan,nan,nan,nan,nan,nan,nan,nan,nan,nan,NOT_EVALUATED,nan,nan,nan,nan,DISABLED,nan,nan,nan,nan,nan,nan
1791471061.3841584,1791471061.4074721,1791471061.4107888,1791471061.4108098,front_rgbd_red_sphere,True,True,True,,70.2,70.2,1791471061.3990388,1791471061.4074721,1791471061.3841584,1791471061.3841584,1791471061.3841584,0.0,1791471060.3721595,1791471061.3881626,1791471061.379742,1791471061.3881626,1791471061.3837419,1791471061.392164,1791471060.3721595,1791471061.3881626,1791471060.3721595,1791471061.392164,1791470991.1841583,GAZEBO_CLOCK_SYSTEM_INTERPOLATION,MAPPED_EXACT,0,70.2,1791471061.3841584,0.0035283565521240234,0.0,RGB,0.0,0,1,0,UNCALIBRATED,PREPARATION,MID,TURNING,1.0,339,1.0,6.809531211853027,0.2554885745048523,nan,nan,False,0.0,0.0,0.0,0.0,0,0,0,0,0,0.0,0.0,0.0,0.0,0.0,0.0,0.0,0.0,0.0,0.0,0.0,0.0,0.0,0.0,6.58849363024626,0.6715633073801737,-1.5844471891554015,0.0,0.0,0.0,0.0,0.0,0.0,0.0,0.0,0.0,0.0,0.0,False,DISABLED,0,nan,nan,nan,nan,nan,nan,nan,nan,nan,nan,nan,nan,nan,nan,nan,nan,nan,nan,nan,nan,nan,nan,nan,nan,nan,nan,nan,nan,nan,nan,nan,nan,nan,nan,25.20962632847194,-18.689729966166986,-0.2028700116013437,0.021932222159085232,0.021932222159085232,0.021932222159085232,25.17473483251048,-18.744126383136393,-0.14694735968991599,0.03489149596146035,0.05439641696940711,-0.05592265191142773,0.06462496939680673,0.08546186088744451,0.02331376075744629,False,DISABLED,none,MODEL_ORIGIN_FRAME_NOT_ESTABLISHED,nan,nan,nan,nan,nan,nan,nan,nan,nan,nan,nan,nan,nan,NOT_EVALUATED,nan,nan,nan,nan,DISABLED,nan,nan,nan,nan,nan,nan
1791471061.4361618,1791471061.4529853,1791471061.462478,1791471061.4625137,front_rgbd_red_sphere,True,True,True,,70.252,70.252,1791471061.4529853,1791471061.4517796,1791471061.4361618,1791471061.4361618,1791471061.4361618,0.0,1791471060.452175,1791471061.4521775,1791471061.443742,1791471061.4521775,1791471061.443742,1791471061.4521775,1791471060.452175,1791471061.4521775,1791471060.452175,1791471061.4521775,1791470991.1841617,GAZEBO_CLOCK_SYSTEM_INTERPOLATION,MAPPED_EXACT,0,70.252,1791471061.4361618,0.0016551017761230469,0.0,RGB,0.0,0,1,0,UNCALIBRATED,PREPARATION,MID,TURNING,1.0,342,1.0,6.804593563079834,0.25751709938049316,nan,nan,False,0.0,0.0,0.0,0.0,0,0,0,0,0,0.0,0.0,0.0,0.0,0.0,0.0,0.0,0.0,0.0,0.0,0.0,0.0,0.0,0.0,6.58021422504318,0.6872829000133471,-1.590885778657844,0.0,0.0,0.0,0.0,0.0,0.0,0.0,0.0,0.0,0.0,0.0,False,DISABLED,0,nan,nan,nan,nan,nan,nan,nan,nan,nan,nan,nan,nan,nan,nan,nan,nan,nan,nan,nan,nan,nan,nan,nan,nan,nan,nan,nan,nan,nan,nan,nan,nan,nan,nan,25.02456638452348,-18.766573616232822,-0.2004963069092262,0.021917599281793803,0.021917599281793803,0.021917599281793803,24.9828597720005,-18.82446315444561,-0.14401105780572074,0.04170661252298302,0.05788953821278753,-0.05648524910350547,0.07134872222143877,0.09100122817257521,0.016823530197143555,False,DISABLED,none,MODEL_ORIGIN_FRAME_NOT_ESTABLISHED,nan,nan,nan,nan,nan,nan,nan,nan,nan,nan,nan,nan,nan,NOT_EVALUATED,nan,nan,nan,nan,DISABLED,nan,nan,nan,nan,nan,nan
1791471061.4841573,1791471061.5097823,1791471061.5139277,1791471061.5139523,front_rgbd_red_sphere,True,True,True,,70.3,70.3,1791471061.5097823,1791471061.5088327,1791471061.4841573,1791471061.4841573,1791471061.4841573,0.0,1791471060.4721608,1791471061.492175,1791471061.483742,1791471061.492175,1791471061.483742,1791471061.492175,1791471060.4681594,1791471061.492175,1791471060.4721608,1791471061.492175,1791470991.1841574,GAZEBO_CLOCK_SYSTEM_INTERPOLATION,MAPPED_EXACT,0,70.3,1791471061.4841573,0.0018885135650634766,0.0,RGB,0.0,0,1,0,UNCALIBRATED,PREPARATION,MID,TURNING,1.0,342,1.0,6.811559200286865,0.25849875807762146,nan,nan,False,0.0,0.0,0.0,0.0,0,0,0,0,0,0.0,0.0,0.0,0.0,0.0,0.0,0.0,0.0,0.0,0.0,0.0,0.0,0.0,0.0,6.585244168428967,0.7050412002635866,-1.5921109183710058,0.0,0.0,0.0,0.0,0.0,0.0,0.0,0.0,0.0,0.0,0.0,False,DISABLED,0,nan,nan,nan,nan,nan,nan,nan,nan,nan,nan,nan,nan,nan,nan,nan,nan,nan,nan,nan,nan,nan,nan,nan,nan,nan,nan,nan,nan,nan,nan,nan,nan,nan,nan,24.839066221025266,-18.84161170016438,-0.1975007432188986,0.02193822909215834,0.02193822909215834,0.02193822909215834,24.805059291180648,-18.896942367874306,-0.14047082158117374,0.03400692984461884,0.055330667709927894,-0.057029921637724856,0.06494577789728355,0.08643127922626347,0.025624990463256836,False,DISABLED,none,MODEL_ORIGIN_FRAME_NOT_ESTABLISHED,nan,nan,nan,nan,nan,nan,nan,nan,nan,nan,nan,nan,nan,NOT_EVALUATED,nan,nan,nan,nan,DISABLED,nan,nan,nan,nan,nan,nan
1791471061.5361605,1791471061.560849,1791471061.5641806,1791471061.564211,front_rgbd_red_sphere,True,True,True,,70.352,70.352,1791471061.560849,1791471061.549717,1791471061.5361605,1791471061.5361605,1791471061.5361605,0.0,1791471060.532158,1791471061.5481718,1791471061.539742,1791471061.5481718,1791471061.543742,1791471061.552174,1791471060.532158,1791471061.5481718,1791471060.532158,1791471061.552174,1791470991.1841605,GAZEBO_CLOCK_SYSTEM_INTERPOLATION,MAPPED_EXACT,0,70.352,1791471061.5361605,0.0008802413940429688,0.0,RGB,0.0,0,1,0,UNCALIBRATED,PREPARATION,MID,TURNING,1.0,342,1.0,6.807519435882568,0.26131314039230347,nan,nan,False,0.0,0.0,0.0,0.0,0,0,0,0,0,0.0,0.0,0.0,0.0,0.0,0.0,0.0,0.0,0.0,0.0,0.0,0.0,0.0,0.0,6.576414839379078,0.7212223642721334,-1.6040348284825194,0.0,0.0,0.0,0.0,0.0,0.0,0.0,0.0,0.0,0.0,0.0,False,DISABLED,0,nan,nan,nan,nan,nan,nan,nan,nan,nan,nan,nan,nan,nan,nan,nan,nan,nan,nan,nan,nan,nan,nan,nan,nan,nan,nan,nan,nan,nan,nan,nan,nan,nan,nan,24.653096417695956,-18.914634105433443,-0.19370099599385243,0.02192626333653496,0.02192626333653496,0.02192626333653496,24.611651038210525,-18.97348108645446,-0.13571090720135665,0.04144537948543103,0.058846981021016376,-0.057990088792495786,0.0719769869887539,0.09243125582907978,0.0246884822845459,False,DISABLED,none,MODEL_ORIGIN_FRAME_NOT_ESTABLISHED,nan,nan,nan,nan,nan,nan,nan,nan,nan,nan,nan,nan,nan,NOT_EVALUATED,nan,nan,nan,nan,DISABLED,nan,nan,nan,nan,nan,nan
1791471061.5841558,1791471061.6092453,1791471061.6127794,1791471061.612814,front_rgbd_red_sphere,True,True,True,,70.4,70.4,1791471061.6092453,1791471061.5984986,1791471061.5841558,1791471061.5841558,1791471061.5841558,0.0,1791471060.59217,1791471061.588167,1791471061.579742,1791471061.588167,1791471061.583742,1791471061.5921817,1791471060.5721629,1791471061.588167,1791471060.59217,1791471061.5921817,1791470991.1841557,GAZEBO_CLOCK_SYSTEM_INTERPOLATION,MAPPED_EXACT,0,70.4,1791471061.5841558,0.0013325214385986328,0.0,RGB,0.0,0,1,0,UNCALIBRATED,PREPARATION,MID,TURNING,1.0,342,1.0,6.815521240234375,0.262742280960083,nan,nan,False,0.0,0.0,0.0,0.0,0,0,0,0,0,0.0,0.0,0.0,0.0,0.0,0.0,0.0,0.0,0.0,0.0,0.0,0.0,0.0,0.0,6.58162164684669,0.7395324099771479,-1.6083146719464994,0.0,0.0,0.0,0.0,0.0,0.0,0.0,0.0,0.0,0.0,0.0,False,DISABLED,0,nan,nan,nan,nan,nan,nan,nan,nan,nan,nan,nan,nan,nan,nan,nan,nan,nan,nan,nan,nan,nan,nan,nan,nan,nan,nan,nan,nan,nan,nan,nan,nan,nan,nan,24.466285758418593,-18.98574126878163,-0.18918758555689313,0.02194996652626015,0.02194996652626015,0.02194996652626015,24.432448297770478,-19.042339597723522,-0.13053563691860334,0.033837460648115325,0.05659832894189165,-0.05865194863828979,0.06594197890666706,0.08825188757865696,0.025089502334594727,False,DISABLED,none,MODEL_ORIGIN_FRAME_NOT_ESTABLISHED,nan,nan,nan,nan,nan,nan,nan,nan,nan,nan,nan,nan,nan,NOT_EVALUATED,nan,nan,nan,nan,DISABLED,nan,nan,nan,nan,nan,nan
1791471061.636159,1791471061.6636908,1791471061.6668594,1791471061.66688,front_rgbd_red_sphere,True,True,True,,70.452,70.452,1791471061.6636908,1791471061.6524985,1791471061.636159,1791471061.636159,1791471061.636159,0.0,1791471060.6321561,1791471061.6521633,1791471061.6437418,1791471061.6521633,1791471061.6437418,1791471061.6521633,1791471060.628158,1791471061.6521633,1791471060.6321561,1791471061.6521633,1791470991.184159,GAZEBO_CLOCK_SYSTEM_INTERPOLATION,MAPPED_EXACT,0,70.452,1791471061.636159,0.0037822723388671875,0.0,RGB,0.0,0,1,0,UNCALIBRATED,PREPARATION,MID,TURNING,1.0,344,1.0,6.8128461837768555,0.2657657265663147,nan,nan,False,0.0,0.0,0.0,0.0,0,0,0,0,0,0.0,0.0,0.0,0.0,0.0,0.0,0.0,0.0,0.0,0.0,0.0,0.0,0.0,0.0,6.573658340326051,0.7567219452385299,-1.6214987831678194,0.0,0.0,0.0,0.0,0.0,0.0,0.0,0.0,0.0,0.0,0.0,False,DISABLED,0,nan,nan,nan,nan,nan,nan,nan,nan,nan,nan,nan,nan,nan,nan,nan,nan,nan,nan,nan,nan,nan,nan,nan,nan,nan,nan,nan,nan,nan,nan,nan,nan,nan,nan,24.278564121185834,-19.0550473589074,-0.1838446560835693,0.02194204061019017,0.02194204061019017,0.02194204061019017,24.237535644637692,-19.114823277043733,-0.12407178603316435,0.04102847654814212,0.05977591813633154,-0.059772870050404964,0.07250169844150452,0.09396431381628591,0.027531862258911133,False,DISABLED,none,MODEL_ORIGIN_FRAME_NOT_ESTABLISHED,nan,nan,nan,nan,nan,nan,nan,nan,nan,nan,nan,nan,nan,NOT_EVALUATED,nan,nan,nan,nan,DISABLED,nan,nan,nan,nan,nan,nan
1791471061.6841705,1791471061.7039802,1791471061.7079701,1791471061.7079933,front_rgbd_red_sphere,True,True,True,,70.5,70.5,1791471061.7039802,1791471061.7023866,1791471061.6841705,1791471061.6841705,1791471061.6841705,0.0,1791471060.6721628,1791471061.6921768,1791471061.6837418,1791471061.6921768,1791471061.6837418,1791471061.6921768,1791471060.6681607,1791471061.6921768,1791471060.6721628,1791471061.6921768,1791470991.1841705,GAZEBO_CLOCK_SYSTEM_INTERPOLATION,MAPPED_EXACT,0,70.5,1791471061.6841705,0.004051685333251953,0.0,RGB,0.0,0,1,0,UNCALIBRATED,PREPARATION,MID,TURNING,1.0,344,1.0,6.821745872497559,0.26736342906951904,nan,nan,False,0.0,0.0,0.0,0.0,0,0,0,0,0,0.0,0.0,0.0,0.0,0.0,0.0,0.0,0.0,0.0,0.0,0.0,0.0,0.0,0.0,6.579374527014974,0.7763442755574506,-1.626448509569193,0.0,0.0,0.0,0.0,0.0,0.0,0.0,0.0,0.0,0.0,0.0,False,DISABLED,0,nan,nan,nan,nan,nan,nan,nan,nan,nan,nan,nan,nan,nan,nan,nan,nan,nan,nan,nan,nan,nan,nan,nan,nan,nan,nan,nan,nan,nan,nan,nan,nan,nan,nan,24.090581647281425,-19.122413007007644,-0.1776585965937833,0.02196841455079854,0.02196841455079854,0.02196841455079854,24.056838714260127,-19.179858497093647,-0.1173860744339287,0.033742933021297716,0.057445490086003304,-0.0602725221598546,0.06662259271524103,0.08984067446102044,0.019809722900390625,False,DISABLED,none,MODEL_ORIGIN_FRAME_NOT_ESTABLISHED,nan,nan,nan,nan,nan,nan,nan,nan,nan,nan,nan,nan,nan,NOT_EVALUATED,nan,nan,nan,nan,DISABLED,nan,nan,nan,nan,nan,nan
1791471061.736158,1791471061.7658446,1791471061.7690725,1791471061.769096,front_rgbd_red_sphere,True,True,True,,70.552,70.552,1791471061.758349,1791471061.7658446,1791471061.736158,1791471061.736158,1791471061.736158,0.0,1791471060.7481768,1791471061.74818,1791471061.7397718,1791471061.74818,1791471061.743772,1791471061.7521763,1791471060.7481768,1791471061.74818,1791471060.732158,1791471061.7521763,1791470991.1841578,GAZEBO_CLOCK_SYSTEM_INTERPOLATION,MAPPED_EXACT,0,70.552,1791471061.736158,0.0018863677978515625,0.0,RGB,0.0,0,1,0,UNCALIBRATED,PREPARATION,MID,TURNING,1.0,341,1.0,6.820216178894043,0.27035319805145264,nan,nan,False,0.0,0.0,0.0,0.0,0,0,0,0,0,0.0,0.0,0.0,0.0,0.0,0.0,0.0,0.0,0.0,0.0,0.0,0.0,0.0,0.0,6.572482892062389,0.7947849023705871,-1.638942881493377,0.0,0.0,0.0,0.0,0.0,0.0,0.0,0.0,0.0,0.0,0.0,False,DISABLED,0,nan,nan,nan,nan,nan,nan,nan,nan,nan,nan,nan,nan,nan,nan,nan,nan,nan,nan,nan,nan,nan,nan,nan,nan,nan,nan,nan,nan,nan,nan,nan,nan,nan,nan,23.901478427225758,-19.187980744611046,-0.17048258606552652,0.021963880639279232,0.021963880639279232,0.021963880639279232,23.860488465947736,-19.248001660833204,-0.10938045776205428,0.040989961278022236,0.06002091622215744,-0.06110212830347224,0.07268209758751466,0.09495344855735882,0.029686689376831055,False,DISABLED,none,MODEL_ORIGIN_FRAME_NOT_ESTABLISHED,nan,nan,nan,nan,nan,nan,nan,nan,nan,nan,nan,nan,nan,NOT_EVALUATED,nan,nan,nan,nan,DISABLED,nan,nan,nan,nan,nan,nan
1791471061.7841578,1791471061.8026338,1791471061.8080423,1791471061.8080812,front_rgbd_red_sphere,True,True,True,,70.6,70.6,1791471061.8026338,1791471061.8004084,1791471061.7841578,1791471061.7841578,1791471061.7841578,0.0,1791471060.7721605,1791471061.7881713,1791471061.7797718,1791471061.7881713,1791471061.783772,1791471061.7921708,1791471060.7721605,1791471061.7881713,1791471060.7721605,1791471061.7921708,1791470991.1841578,GAZEBO_CLOCK_SYSTEM_INTERPOLATION,MAPPED_EXACT,0,70.6,1791471061.7841578,0.0028231143951416016,0.0,RGB,0.0,0,1,0,UNCALIBRATED,PREPARATION,MID,TURNING,1.0,337,1.0,6.829939842224121,0.27177080512046814,nan,nan,False,0.0,0.0,0.0,0.0,0,0,0,0,0,0.0,0.0,0.0,0.0,0.0,0.0,0.0,0.0,0.0,0.0,0.0,0.0,0.0,0.0,6.579261117361685,0.8158184219929705,-1.641902587027901,0.0,0.0,0.0,0.0,0.0,0.0,0.0,0.0,0.0,0.0,0.0,False,DISABLED,0,nan,nan,nan,nan,nan,nan,nan,nan,nan,nan,nan,nan,nan,nan,nan,nan,nan,nan,nan,nan,nan,nan,nan,nan,nan,nan,nan,nan,nan,nan,nan,nan,nan,nan,23.71208556793063,-19.25120434556818,-0.16287558537100283,0.02199271209459492,0.02199271209459492,0.02199271209459492,23.678279155339258,-19.308966456962004,-0.10134697234991305,0.03380641259137107,0.057762111393824256,-0.06152861302108978,0.0669278346054209,0.09091262434485979,0.018476009368896484,False,DISABLED,none,MODEL_ORIGIN_FRAME_NOT_ESTABLISHED,nan,nan,nan,nan,nan,nan,nan,nan,nan,nan,nan,nan,nan,NOT_EVALUATED,nan,nan,nan,nan,DISABLED,nan,nan,nan,nan,nan,nan
1791471061.836157,1791471061.85955,1791471061.864065,1791471061.8640885,front_rgbd_red_sphere,True,True,True,,70.652,70.652,1791471061.85955,1791471061.85634,1791471061.836157,1791471061.836157,1791471061.836157,0.0,1791471060.8321671,1791471061.8521645,1791471061.843772,1791471061.8521645,1791471061.843772,1791471061.8521645,1791471060.8281596,1791471061.8521645,1791471060.8321671,1791471061.8521645,1791470991.1841571,GAZEBO_CLOCK_SYSTEM_INTERPOLATION,MAPPED_EXACT,0,70.652,1791471061.836157,0.003937482833862305,0.0,RGB,0.0,0,1,0,UNCALIBRATED,PREPARATION,MID,TURNING,1.0,343,1.0,6.829036235809326,0.2749169170856476,nan,nan,False,0.0,0.0,0.0,0.0,0,0,0,0,0,0.0,0.0,0.0,0.0,0.0,0.0,0.0,0.0,0.0,0.0,0.0,0.0,0.0,0.0,6.5725906033405135,0.8357531803921106,-1.6547825091900084,0.0,0.0,0.0,0.0,0.0,0.0,0.0,0.0,0.0,0.0,0.0,False,DISABLED,0,nan,nan,nan,nan,nan,nan,nan,nan,nan,nan,nan,nan,nan,nan,nan,nan,nan,nan,nan,nan,nan,nan,nan,nan,nan,nan,nan,nan,nan,nan,nan,nan,nan,nan,23.521798809454037,-19.312142175876595,-0.15433213756265912,0.021990031537976545,0.021990031537976545,0.021990031537976545,23.480193801053655,-19.37258686024276,-0.09198236211376493,0.041605008400381394,0.060444684366164125,-0.062349775448894196,0.0733794016882191,0.09629138637826616,0.023392915725708008,False,DISABLED,none,MODEL_ORIGIN_FRAME_NOT_ESTABLISHED,nan,nan,nan,nan,nan,nan,nan,nan,nan,nan,nan,nan,nan,NOT_EVALUATED,nan,nan,nan,nan,DISABLED,nan,nan,nan,nan,nan,nan
1791471061.8841581,1791471061.9022624,1791471061.9055557,1791471061.9055755,front_rgbd_red_sphere,True,True,True,,70.7,70.7,1791471061.9022624,1791471061.9009356,1791471061.8841581,1791471061.8841581,1791471061.8841581,0.0,1791471060.8721592,1791471061.8921642,1791471061.883772,1791471061.8921642,1791471061.883772,1791471061.8921642,1791471060.8681624,1791471061.8921642,1791471060.8721592,1791471061.8921642,1791470991.184158,GAZEBO_CLOCK_SYSTEM_INTERPOLATION,MAPPED_EXACT,0,70.7,1791471061.8841581,0.002299070358276367,0.0,RGB,0.0,0,1,0,UNCALIBRATED,PREPARATION,MID,TURNING,1.0,345,1.0,6.83991003036499,0.27678924798965454,nan,nan,False,0.0,0.0,0.0,0.0,0,0,0,0,0,0.0,0.0,0.0,0.0,0.0,0.0,0.0,0.0,0.0,0.0,0.0,0.0,0.0,0.0,6.579567757021428,0.8587353740275958,-1.6601891264640232,0.0,0.0,0.0,0.0,0.0,0.0,0.0,0.0,0.0,0.0,0.0,False,DISABLED,0,nan,nan,nan,nan,nan,nan,nan,nan,nan,nan,nan,nan,nan,nan,nan,nan,nan,nan,nan,nan,nan,nan,nan,nan,nan,nan,nan,nan,nan,nan,nan,nan,nan,nan,23.33070167386218,-19.37071606828818,-0.14523570992312246,0.022022292325254527,0.022022292325254527,0.022022292325254527,23.296765132003504,-19.429122104933256,-0.08281151552174926,0.033936541858675895,0.05840603664507782,-0.0624241944013732,0.06754964093103556,0.09197681249408607,0.01810431480407715,False,DISABLED,none,MODEL_ORIGIN_FRAME_NOT_ESTABLISHED,nan,nan,nan,nan,nan,nan,nan,nan,nan,nan,nan,nan,nan,NOT_EVALUATED,nan,nan,nan,nan,DISABLED,nan,nan,nan,nan,nan,nan
1791471061.9361572,1791471061.9506123,1791471061.9611964,1791471061.9612155,front_rgbd_red_sphere,True,True,True,,70.752,70.752,1791471061.9506123,1791471061.9495587,1791471061.9361572,1791471061.9361572,1791471061.9361572,0.0,1791471060.9521666,1791471061.948163,1791471061.939772,1791471061.948163,1791471061.9437718,1791471061.9521697,1791471060.932157,1791471061.948163,1791471060.9521666,1791471061.9521697,1791470991.1841571,GAZEBO_CLOCK_SYSTEM_INTERPOLATION,MAPPED_EXACT,0,70.752,1791471061.9361572,0.0010497570037841797,0.0,RGB,0.0,0,1,0,UNCALIBRATED,PREPARATION,MID,TURNING,1.0,344,1.0,6.839912414550781,0.28005149960517883,nan,nan,False,0.0,0.0,0.0,0.0,0,0,0,0,0,0.0,0.0,0.0,0.0,0.0,0.0,0.0,0.0,0.0,0.0,0.0,0.0,0.0,0.0,6.573437588786692,0.8803456543342971,-1.6731141164264995,0.0,0.0,0.0,0.0,0.0,0.0,0.0,0.0,0.0,0.0,0.0,False,DISABLED,0,nan,nan,nan,nan,nan,nan,nan,nan,nan,nan,nan,nan,nan,nan,nan,nan,nan,nan,nan,nan,nan,nan,nan,nan,nan,nan,nan,nan,nan,nan,nan,nan,nan,nan,23.138775519115846,-19.426833689078858,-0.13539872988617135,0.02202229987632751,0.02202229987632751,0.02202229987632751,23.097279133808687,-19.487820708659925,-0.07233319048643752,0.041496385307159045,0.06098701958106645,-0.06306553939973383,0.07376561903042357,0.09704962035330673,0.014455080032348633,False,DISABLED,none,MODEL_ORIGIN_FRAME_NOT_ESTABLISHED,nan,nan,nan,nan,nan,nan,nan,nan,nan,nan,nan,nan,nan,NOT_EVALUATED,nan,nan,nan,nan,DISABLED,nan,nan,nan,nan,nan,nan
1791471061.984159,1791471062.0024066,1791471062.0073187,1791471062.007338,front_rgbd_red_sphere,True,True,True,,70.8,70.8,1791471062.0024066,1791471062.000487,1791471061.984159,1791471061.984159,1791471061.984159,0.0,1791471060.9881637,1791471061.9881704,1791471061.9797719,1791471061.9881704,1791471061.9837718,1791471061.992167,1791471060.9881637,1791471061.9881704,1791471060.9721591,1791471061.992167,1791470991.184159,GAZEBO_CLOCK_SYSTEM_INTERPOLATION,MAPPED_EXACT,0,70.8,1791471061.984159,0.0025615692138671875,0.0,RGB,0.0,0,1,0,UNCALIBRATED,PREPARATION,MID,TURNING,1.0,344,1.0,6.85146951675415,0.2820320725440979,nan,nan,False,0.0,0.0,0.0,0.0,0,0,0,0,0,0.0,0.0,0.0,0.0,0.0,0.0,0.0,0.0,0.0,0.0,0.0,0.0,0.0,0.0,6.580780797139392,0.9046442445427552,-1.6785638464261563,0.0,0.0,0.0,0.0,0.0,0.0,0.0,0.0,0.0,0.0,0.0,False,DISABLED,0,nan,nan,nan,nan,nan,nan,nan,nan,nan,nan,nan,nan,nan,nan,nan,nan,nan,nan,nan,nan,nan,nan,nan,nan,nan,nan,nan,nan,nan,nan,nan,nan,nan,nan,22.946358899265938,-19.480677772683144,-0.1252342537496975,0.02205661449791142,0.02205661449791142,0.02205661449791142,22.91242162759015,-19.539718685029538,-0.06223966696209609,0.033937271675789304,0.059040912346393526,-0.06299458678760139,0.06809968971655345,0.09276791311672102,0.018247604370117188,False,DISABLED,none,MODEL_ORIGIN_FRAME_NOT_ESTABLISHED,nan,nan,nan,nan,nan,nan,nan,nan,nan,nan,nan,nan,nan,NOT_EVALUATED,nan,nan,nan,nan,DISABLED,nan,nan,nan,nan,nan,nan
1791471062.0361624,1791471062.0541453,1791471062.0621681,1791471062.062205,front_rgbd_red_sphere,True,True,True,,70.852,70.852,1791471062.0541453,1791471062.0524108,1791471062.0361624,1791471062.0361624,1791471062.0361624,0.0,1791471061.0321681,1791471062.0521762,1791471062.043772,1791471062.0521762,1791471062.043772,1791471062.0521762,1791471061.02816,1791471062.0521762,1791471061.0321681,1791471062.0521762,1791470991.1841624,GAZEBO_CLOCK_SYSTEM_INTERPOLATION,MAPPED_EXACT,0,70.852,1791471062.0361624,0.0013060569763183594,0.0,RGB,0.0,0,1,0,UNCALIBRATED,PREPARATION,MID,TURNING,1.0,345,1.0,6.852323055267334,0.2857992351055145,nan,nan,False,0.0,0.0,0.0,0.0,0,0,0,0,0,0.0,0.0,0.0,0.0,0.0,0.0,0.0,0.0,0.0,0.0,0.0,0.0,0.0,0.0,6.5743700278673,0.9276211435576869,-1.6945537002827393,0.0,0.0,0.0,0.0,0.0,0.0,0.0,0.0,0.0,0.0,0.0,False,DISABLED,0,nan,nan,nan,nan,nan,nan,nan,nan,nan,nan,nan,nan,nan,nan,nan,nan,nan,nan,nan,nan,nan,nan,nan,nan,nan,nan,nan,nan,nan,nan,nan,nan,nan,nan,22.7530453899735,-19.531770253733512,-0.11450046195317659,0.022059150715784234,0.022059150715784234,0.022059150715784234,22.711438663157594,-19.59321852705363,-0.05089852942159989,0.041606726815906825,0.06144827332011715,-0.0636019325315767,0.07420923130148514,0.09773543795424747,0.017982959747314453,False,DISABLED,none,MODEL_ORIGIN_FRAME_NOT_ESTABLISHED,nan,nan,nan,nan,nan,nan,nan,nan,nan,nan,nan,nan,nan,NOT_EVALUATED,nan,nan,nan,nan,DISABLED,nan,nan,nan,nan,nan,nan
1791471062.0841606,1791471062.10052,1791471062.1050167,1791471062.10504,front_rgbd_red_sphere,True,True,True,,70.9,70.9,1791471062.10052,1791471062.099027,1791471062.0841606,1791471062.0841606,1791471062.0841606,0.0,1791471061.072162,1791471062.0921698,1791471062.083772,1791471062.0921698,1791471062.083772,1791471062.0921698,1791471061.0681646,1791471062.0921698,1791471061.072162,1791471062.0921698,1791470991.1841605,GAZEBO_CLOCK_SYSTEM_INTERPOLATION,MAPPED_EXACT,0,70.9,1791471062.0841606,0.0007538795471191406,0.0,RGB,0.0,0,1,0,UNCALIBRATED,PREPARATION,MID,TURNING,1.0,344,1.0,6.864361763000488,0.28844529390335083,nan,nan,False,0.0,0.0,0.0,0.0,0,0,0,0,0,0.0,0.0,0.0,0.0,0.0,0.0,0.0,0.0,0.0,0.0,0.0,0.0,0.0,0.0,6.5807762893011175,0.953352486743773,-1.7041021385772002,0.0,0.0,0.0,0.0,0.0,0.0,0.0,0.0,0.0,0.0,0.0,False,DISABLED,0,nan,nan,nan,nan,nan,nan,nan,nan,nan,nan,nan,nan,nan,nan,nan,nan,nan,nan,nan,nan,nan,nan,nan,nan,nan,nan,nan,nan,nan,nan,nan,nan,nan,nan,22.559685112555464,-19.580265756878276,-0.1036322140088694,0.022094924893050743,0.022094924893050743,0.022094924893050743,22.52529649454482,-19.640144606856726,-0.040135417675173056,0.03438861801064519,0.05987884997844972,-0.06349679633369634,0.06905109501972984,0.09380776549980642,0.016359329223632812,False,DISABLED,none,MODEL_ORIGIN_FRAME_NOT_ESTABLISHED,nan,nan,nan,nan,nan,nan,nan,nan,nan,nan,nan,nan,nan,NOT_EVALUATED,nan,nan,nan,nan,DISABLED,nan,nan,nan,nan,nan,nan
1791471062.136162,1791471062.1605318,1791471062.1660857,1791471062.1661189,front_rgbd_red_sphere,True,True,True,,70.952,70.952,1791471062.1605318,1791471062.1570354,1791471062.136162,1791471062.136162,1791471062.136162,0.0,1791471061.1321585,1791471062.1481764,1791471062.139772,1791471062.1481764,1791471062.143772,1791471062.15217,1791471061.1321585,1791471062.1481764,1791471061.1321585,1791471062.15217,1791470991.1841621,GAZEBO_CLOCK_SYSTEM_INTERPOLATION,MAPPED_EXACT,0,70.952,1791471062.136162,0.0007395744323730469,0.0,RGB,0.0,0,1,0,UNCALIBRATED,PREPARATION,MID,TURNING,1.0,346,1.0,6.865470886230469,0.2924638092517853,nan,nan,False,0.0,0.0,0.0,0.0,0,0,0,0,0,0.0,0.0,0.0,0.0,0.0,0.0,0.0,0.0,0.0,0.0,0.0,0.0,0.0,0.0,6.573938741038409,0.9772867042301598,-1.72131745983934,0.0,0.0,0.0,0.0,0.0,0.0,0.0,0.0,0.0,0.0,0.0,False,DISABLED,0,nan,nan,nan,nan,nan,nan,nan,nan,nan,nan,nan,nan,nan,nan,nan,nan,nan,nan,nan,nan,nan,nan,nan,nan,nan,nan,nan,nan,nan,nan,nan,nan,nan,nan,22.365482636931016,-19.62618458542748,-0.0925004438001355,0.02209822315571611,0.02209822315571611,0.02209822315571611,22.322909816183945,-19.68809450067373,-0.028211910019183065,0.042572820747071916,0.061909915246250335,-0.06428853378095244,0.07513509614128551,0.09888527821604629,0.02436971664428711,False,DISABLED,none,MODEL_ORIGIN_FRAME_NOT_ESTABLISHED,nan,nan,nan,nan,nan,nan,nan,nan,nan,nan,nan,nan,nan,NOT_EVALUATED,nan,nan,nan,nan,DISABLED,nan,nan,nan,nan,nan,nan
1791471062.1841652,1791471062.200528,1791471062.2042081,1791471062.204231,front_rgbd_red_sphere,True,True,True,,71.0,71.0,1791471062.200528,1791471062.19885,1791471062.1841652,1791471062.1841652,1791471062.1841652,0.0,1791471061.1721609,1791471062.1881664,1791471062.179772,1791471062.1881664,1791471062.1837718,1791471062.1921687,1791471061.1721609,1791471062.1881664,1791471061.1721609,1791471062.1921687,1791470991.1841652,GAZEBO_CLOCK_SYSTEM_INTERPOLATION,MAPPED_EXACT,0,71.0,1791471062.1841652,0.000713348388671875,0.0,RGB,0.0,0,1,0,UNCALIBRATED,PREPARATION,MID,TURNING,1.0,347,1.0,6.878044128417969,0.29489865899086,nan,nan,False,0.0,0.0,0.0,0.0,0,0,0,0,0,0.0,0.0,0.0,0.0,0.0,0.0,0.0,0.0,0.0,0.0,0.0,0.0,0.0,0.0,6.581129941755341,1.0042721662331644,-1.7284838147067374,0.0,0.0,0.0,0.0,0.0,0.0,0.0,0.0,0.0,0.0,0.0,False,DISABLED,0,nan,nan,nan,nan,nan,nan,nan,nan,nan,nan,nan,nan,nan,nan,nan,nan,nan,nan,nan,nan,nan,nan,nan,nan,nan,nan,nan,nan,nan,nan,nan,nan,nan,nan,22.170488937557185,-19.669639473753335,-0.08124882226699087,0.022135619526878404,0.022135619526878404,0.022135619526878404,22.135354166183443,-19.7297751857479,-0.017032863370926354,0.0351347713737411,0.060135711994565355,-0.06421595889606452,0.0696473690571178,0.09473354946120945,0.016362667083740234,False,DISABLED,none,MODEL_ORIGIN_FRAME_NOT_ESTABLISHED,nan,nan,nan,nan,nan,nan,nan,nan,nan,nan,nan,nan,nan,NOT_EVALUATED,nan,nan,nan,nan,DISABLED,nan,nan,nan,nan,nan,nan
1791471062.2361722,1791471062.2553253,1791471062.2610896,1791471062.2611241,front_rgbd_red_sphere,True,True,True,,71.052,71.052,1791471062.2553253,1791471062.2544932,1791471062.2361722,1791471062.2361722,1791471062.2361722,0.0,1791471061.2521703,1791471062.2521758,1791471062.243772,1791471062.2521758,1791471062.243772,1791471062.2521758,1791471061.2521703,1791471062.2521758,1791471061.2521703,1791471062.2521758,1791470991.1841722,GAZEBO_CLOCK_SYSTEM_INTERPOLATION,MAPPED_EXACT,0,71.052,1791471062.2361722,0.0012993812561035156,0.0,RGB,0.0,0,1,0,UNCALIBRATED,PREPARATION,MID,TURNING,1.0,343,1.0,6.879525184631348,0.29888975620269775,nan,nan,False,0.0,0.0,0.0,0.0,0,0,0,0,0,0.0,0.0,0.0,0.0,0.0,0.0,0.0,0.0,0.0,0.0,0.0,0.0,0.0,0.0,6.574514736879778,1.0295727182912664,-1.7445932970064515,0.0,0.0,0.0,0.0,0.0,0.0,0.0,0.0,0.0,0.0,0.0,False,DISABLED,0,nan,nan,nan,nan,nan,nan,nan,nan,nan,nan,nan,nan,nan,nan,nan,nan,nan,nan,nan,nan,nan,nan,nan,nan,nan,nan,nan,nan,nan,nan,nan,nan,nan,nan,21.9750976343219,-19.710339576013247,-0.07003759966150097,0.022140027623828353,0.022140027623828353,0.022140027623828353,21.93165547895153,-19.77181691123396,-0.0048209752991376555,0.04344215537037144,0.06147733522071164,-0.06521662436236332,0.07527737780411352,0.09959865311481297,0.019153118133544922,False,DISABLED,none,MODEL_ORIGIN_FRAME_NOT_ESTABLISHED,nan,nan,nan,nan,nan,nan,nan,nan,nan,nan,nan,nan,nan,NOT_EVALUATED,nan,nan,nan,nan,DISABLED,nan,nan,nan,nan,nan,nan
1791471062.2841713,1791471062.300988,1791471062.3043406,1791471062.304364,front_rgbd_red_sphere,True,True,True,,71.1,71.1,1791471062.300988,1791471062.2989683,1791471062.2841713,1791471062.2841713,1791471062.2841713,0.0,1791471061.2721667,1791471062.2921746,1791471062.283772,1791471062.2921746,1791471062.283772,1791471062.2921746,1791471061.2681696,1791471062.2921746,1791471061.2721667,1791471062.2921746,1791470991.1841714,GAZEBO_CLOCK_SYSTEM_INTERPOLATION,MAPPED_EXACT,0,71.1,1791471062.2841713,0.0010077953338623047,0.0,RGB,0.0,0,1,0,UNCALIBRATED,PREPARATION,MID,TURNING,1.0,342,1.0,6.8923492431640625,0.30149462819099426,nan,nan,False,0.0,0.0,0.0,0.0,0,0,0,0,0,0.0,0.0,0.0,0.0,0.0,0.0,0.0,0.0,0.0,0.0,0.0,0.0,0.0,0.0,6.581460980575808,1.0585848210097772,-1.7516409707954068,0.0,0.0,0.0,0.0,0.0,0.0,0.0,0.0,0.0,0.0,0.0,False,DISABLED,0,nan,nan,nan,nan,nan,nan,nan,nan,nan,nan,nan,nan,nan,nan,nan,nan,nan,nan,nan,nan,nan,nan,nan,nan,nan,nan,nan,nan,nan,nan,nan,nan,nan,nan,21.778969987161833,-19.74817040960703,-0.05906384762678746,0.022178206265923036,0.022178206265923036,0.022178206265923036,21.74303671642474,-19.807857426300473,0.0064835935127996736,0.03593327073709318,0.059687016693441564,-0.06554744113958713,0.06966878718356169,0.09565671407473733,0.01681661605834961,False,DISABLED,none,MODEL_ORIGIN_FRAME_NOT_ESTABLISHED,nan,nan,nan,nan,nan,nan,nan,nan,nan,nan,nan,nan,nan,NOT_EVALUATED,nan,nan,nan,nan,DISABLED,nan,nan,nan,nan,nan,nan
1791471062.3361588,1791471062.3512983,1791471062.360406,1791471062.3604295,front_rgbd_red_sphere,True,True,True,,71.152,71.152,1791471062.3512983,1791471062.349801,1791471062.3361588,1791471062.3361588,1791471062.3361588,0.0,1791471061.3521683,1791471062.3481646,1791471062.339772,1791471062.3481646,1791471062.343772,1791471062.3521721,1791471061.332158,1791471062.3481646,1791471061.3521683,1791471062.3521721,1791470991.1841588,GAZEBO_CLOCK_SYSTEM_INTERPOLATION,MAPPED_EXACT,0,71.152,1791471062.3361588,0.0013599395751953125,0.0,RGB,0.0,0,1,0,UNCALIBRATED,PREPARATION,MID,TURNING,1.0,345,1.0,6.893798351287842,0.3054081201553345,nan,nan,False,0.0,0.0,0.0,0.0,0,0,0,0,0,0.0,0.0,0.0,0.0,0.0,0.0,0.0,0.0,0.0,0.0,0.0,0.0,0.0,0.0,6.57478297634563,1.0857524777559888,-1.7657361080899152,0.0,0.0,0.0,0.0,0.0,0.0,0.0,0.0,0.0,0.0,0.0,False,DISABLED,0,nan,nan,nan,nan,nan,nan,nan,nan,nan,nan,nan,nan,nan,nan,nan,nan,nan,nan,nan,nan,nan,nan,nan,nan,nan,nan,nan,nan,nan,nan,nan,nan,nan,nan,21.582468795217327,-19.78288010095992,-0.048319215483777656,0.022182522484411552,0.022182522484411552,0.022182522484411552,21.53821564083501,-19.843609284653304,0.01867856410615639,0.044253154382317916,0.06072918369338609,-0.06699777958993405,0.07514236770857234,0.10067312399459788,0.015139579772949219,False,DISABLED,none,MODEL_ORIGIN_FRAME_NOT_ESTABLISHED,nan,nan,nan,nan,nan,nan,nan,nan,nan,nan,nan,nan,nan,NOT_EVALUATED,nan,nan,nan,nan,DISABLED,nan,nan,nan,nan,nan,nan
1791471062.3841588,1791471062.3999207,1791471062.4055746,1791471062.405608,front_rgbd_red_sphere,True,True,True,,71.2,71.2,1791471062.3999207,1791471062.398498,1791471062.3841588,1791471062.3841588,1791471062.3841588,0.0,1791471061.3881626,1791471062.3881922,1791471062.379772,1791471062.3881922,1791471062.383772,1791471062.3921638,1791471061.3881626,1791471062.3881922,1791471061.3721564,1791471062.3921638,1791470991.1841588,GAZEBO_CLOCK_SYSTEM_INTERPOLATION,MAPPED_EXACT,0,71.2,1791471062.3841588,0.004052400588989258,0.0,RGB,0.0,0,1,0,UNCALIBRATED,PREPARATION,MID,TURNING,1.0,346,1.0,6.906511306762695,0.30808496475219727,nan,nan,False,0.0,0.0,0.0,0.0,0,0,0,0,0,0.0,0.0,0.0,0.0,0.0,0.0,0.0,0.0,0.0,0.0,0.0,0.0,0.0,0.0,6.581325149911516,1.1162282002406911,-1.7720301670896141,0.0,0.0,0.0,0.0,0.0,0.0,0.0,0.0,0.0,0.0,0.0,False,DISABLED,0,nan,nan,nan,nan,nan,nan,nan,nan,nan,nan,nan,nan,nan,nan,nan,nan,nan,nan,nan,nan,nan,nan,nan,nan,nan,nan,nan,nan,nan,nan,nan,nan,nan,nan,21.385248809403702,-19.814533844848576,-0.037551622701347875,0.022220407633102606,0.022220407633102606,0.022220407633102606,21.3485462280177,-19.873684814906234,0.029836611635020518,0.036702581386002464,0.059150970057658014,-0.0673882343363684,0.0696126191085933,0.09688700050126121,0.015761852264404297,False,DISABLED,none,MODEL_ORIGIN_FRAME_NOT_ESTABLISHED,nan,nan,nan,nan,nan,nan,nan,nan,nan,nan,nan,nan,nan,NOT_EVALUATED,nan,nan,nan,nan,DISABLED,nan,nan,nan,nan,nan,nan
1791471062.436161,1791471062.4523258,1791471062.4635842,1791471062.463619,front_rgbd_red_sphere,True,True,True,,71.252,71.252,1791471062.4523258,1791471062.451023,1791471062.436161,1791471062.436161,1791471062.436161,0.0,1791471061.4321837,1791471062.4521682,1791471062.4437718,1791471062.4521682,1791471062.4437718,1791471062.4521682,1791471061.428161,1791471062.4521682,1791471061.4321837,1791471062.4521682,1791470991.184161,GAZEBO_CLOCK_SYSTEM_INTERPOLATION,MAPPED_EXACT,0,71.252,1791471062.436161,0.0016870498657226562,0.0,RGB,0.0,0,1,0,UNCALIBRATED,PREPARATION,MID,TURNING,1.0,351,1.0,6.908069610595703,0.31235378980636597,nan,nan,False,0.0,0.0,0.0,0.0,0,0,0,0,0,0.0,0.0,0.0,0.0,0.0,0.0,0.0,0.0,0.0,0.0,0.0,0.0,0.0,0.0,6.573808298582216,1.1449839422524661,-1.7875919164361411,0.0,0.0,0.0,0.0,0.0,0.0,0.0,0.0,0.0,0.0,0.0,False,DISABLED,0,nan,nan,nan,nan,nan,nan,nan,nan,nan,nan,nan,nan,nan,nan,nan,nan,nan,nan,nan,nan,nan,nan,nan,nan,nan,nan,nan,nan,nan,nan,nan,nan,nan,nan,21.187548356959667,-19.84312541241369,-0.02665584235804358,0.022225054574987493,0.022225054574987493,0.022225054574987493,21.142610187567435,-19.90278729932052,0.04172236696783751,0.04493816939223194,0.05966188690682728,-0.0683782093258811,0.07469256869065342,0.10126479807031658,0.016164779663085938,False,DISABLED,none,MODEL_ORIGIN_FRAME_NOT_ESTABLISHED,nan,nan,nan,nan,nan,nan,nan,nan,nan,nan,nan,nan,nan,NOT_EVALUATED,nan,nan,nan,nan,DISABLED,nan,nan,nan,nan,nan,nan
1791471062.4841595,1791471062.5084538,1791471062.511604,1791471062.5116227,front_rgbd_red_sphere,True,True,True,,71.3,71.3,1791471062.5084538,1791471062.4970386,1791471062.4841595,1791471062.4841595,1791471062.4841595,0.0,1791471061.492175,1791471062.4921768,1791471062.4837718,1791471062.4921768,1791471062.4837718,1791471062.4921768,1791471061.492175,1791471062.4921768,1791471061.492175,1791471062.4921768,1791470991.1841595,GAZEBO_CLOCK_SYSTEM_INTERPOLATION,MAPPED_EXACT,0,71.3,1791471062.4841595,0.0006251335144042969,0.0,RGB,0.0,0,1,0,UNCALIBRATED,PREPARATION,MID,TURNING,1.0,344,1.0,6.9206318855285645,0.3154759109020233,nan,nan,False,0.0,0.0,0.0,0.0,0,0,0,0,0,0.0,0.0,0.0,0.0,0.0,0.0,0.0,0.0,0.0,0.0,0.0,0.0,0.0,0.0,6.579090694535101,1.1775875318075473,-1.795550114275625,0.0,0.0,0.0,0.0,0.0,0.0,0.0,0.0,0.0,0.0,0.0,False,DISABLED,0,nan,nan,nan,nan,nan,nan,nan,nan,nan,nan,nan,nan,nan,nan,nan,nan,nan,nan,nan,nan,nan,nan,nan,nan,nan,nan,nan,nan,nan,nan,nan,nan,nan,nan,20.989386612593666,-19.868285281516233,-0.016201873988332005,0.022262525862279968,0.022262525862279968,0.022262525862279968,20.952079249665406,-19.926534912276107,0.05245679446850168,0.03730736292826009,0.05824963075987455,-0.06865866845683369,0.06917267388443675,0.09746215453491702,0.024294376373291016,False,DISABLED,none,MODEL_ORIGIN_FRAME_NOT_ESTABLISHED,nan,nan,nan,nan,nan,nan,nan,nan,nan,nan,nan,nan,nan,NOT_EVALUATED,nan,nan,nan,nan,DISABLED,nan,nan,nan,nan,nan,nan
1791471062.5361583,1791471062.5520036,1791471062.562762,1791471062.562796,front_rgbd_red_sphere,True,True,True,,71.352,71.352,1791471062.5520036,1791471062.5507634,1791471062.5361583,1791471062.5361583,1791471062.5361583,0.0,1791471061.552174,1791471062.5481706,1791471062.539772,1791471062.5481706,1791471062.543772,1791471062.5521758,1791471061.5321593,1791471062.5481706,1791471061.552174,1791471062.5521758,1791470991.1841583,GAZEBO_CLOCK_SYSTEM_INTERPOLATION,MAPPED_EXACT,0,71.352,1791471062.5361583,0.0017375946044921875,0.0,RGB,0.0,0,1,0,UNCALIBRATED,PREPARATION,MID,TURNING,1.0,348,1.0,6.922030448913574,0.3198448717594147,nan,nan,False,0.0,0.0,0.0,0.0,0,0,0,0,0,0.0,0.0,0.0,0.0,0.0,0.0,0.0,0.0,0.0,0.0,0.0,0.0,0.0,0.0,6.570973957618653,1.20817404873966,-1.8102815678949993,0.0,0.0,0.0,0.0,0.0,0.0,0.0,0.0,0.0,0.0,0.0,False,DISABLED,0,nan,nan,nan,nan,nan,nan,nan,nan,nan,nan,nan,nan,nan,nan,nan,nan,nan,nan,nan,nan,nan,nan,nan,nan,nan,nan,nan,nan,nan,nan,nan,nan,nan,nan,20.790504118115358,-19.890119284741704,-0.006210019072764916,0.02226669864734211,0.02226669864734211,0.02226669864734211,20.7452173940013,-19.94859475858102,0.06373997464883426,0.04528672411405665,0.05847547383931584,-0.06994999372159917,0.07396126298080091,0.10180014756063448,0.015845298767089844,False,DISABLED,none,MODEL_ORIGIN_FRAME_NOT_ESTABLISHED,nan,nan,nan,nan,nan,nan,nan,nan,nan,nan,nan,nan,nan,NOT_EVALUATED,nan,nan,nan,nan,DISABLED,nan,nan,nan,nan,nan,nan
1791471062.5841568,1791471062.6113513,1791471062.6152089,1791471062.615228,front_rgbd_red_sphere,True,True,True,,71.4,71.4,1791471062.6113513,1791471062.6002142,1791471062.5841568,1791471062.5841568,1791471062.5841568,0.0,1791471061.5921817,1791471062.5881734,1791471062.579772,1791471062.5881734,1791471062.583772,1791471062.592207,1791471061.588167,1791471062.5881734,1791471061.5921817,1791471062.592207,1791470991.1841567,GAZEBO_CLOCK_SYSTEM_INTERPOLATION,MAPPED_EXACT,0,71.4,1791471062.5841568,0.0033948421478271484,0.0,RGB,0.0,0,1,0,UNCALIBRATED,PREPARATION,MID,TURNING,1.0,349,1.0,6.933844566345215,0.32272303104400635,nan,nan,False,0.0,0.0,0.0,0.0,0,0,0,0,0,0.0,0.0,0.0,0.0,0.0,0.0,0.0,0.0,0.0,0.0,0.0,0.0,0.0,0.0,6.575887330313068,1.242602023280253,-1.8143455159608517,0.0,0.0,0.0,0.0,0.0,0.0,0.0,0.0,0.0,0.0,0.0,False,DISABLED,0,nan,nan,nan,nan,nan,nan,nan,nan,nan,nan,nan,nan,nan,nan,nan,nan,nan,nan,nan,nan,nan,nan,nan,nan,nan,nan,nan,nan,nan,nan,nan,nan,nan,nan,20.591427551142484,-19.90819676854839,0.0034014193719463237,0.022301972031671814,0.022301972031671814,0.022301972031671814,20.554069335031567,-19.965648095257553,0.07378319727440232,0.03735821611091694,0.0574513267091632,-0.07038177790245599,0.06852949183842663,0.09823383282934461,0.027194499969482422,False,DISABLED,none,MODEL_ORIGIN_FRAME_NOT_ESTABLISHED,nan,nan,nan,nan,nan,nan,nan,nan,nan,nan,nan,nan,nan,NOT_EVALUATED,nan,nan,nan,nan,DISABLED,nan,nan,nan,nan,nan,nan
1791471062.636162,1791471062.6621482,1791471062.66509,1791471062.665109,front_rgbd_red_sphere,True,True,True,,71.452,71.452,1791471062.6621482,1791471062.661164,1791471062.636162,1791471062.636162,1791471062.636162,0.0,1791471061.6521633,1791471062.652174,1791471062.643772,1791471062.652174,1791471062.643772,1791471062.652174,1791471061.6521633,1791471062.652174,1791471061.6521633,1791471062.652174,1791470991.1841621,GAZEBO_CLOCK_SYSTEM_INTERPOLATION,MAPPED_EXACT,0,71.452,1791471062.636162,0.002146482467651367,0.0,RGB,0.0,0,1,0,UNCALIBRATED,PREPARATION,MID,TURNING,1.0,344,1.0,6.934554100036621,0.3268249034881592,nan,nan,False,0.0,0.0,0.0,0.0,0,0,0,0,0,0.0,0.0,0.0,0.0,0.0,0.0,0.0,0.0,0.0,0.0,0.0,0.0,0.0,0.0,6.567483521248004,1.2752432353342824,-1.8248168423186222,0.0,0.0,0.0,0.0,0.0,0.0,0.0,0.0,0.0,0.0,0.0,False,DISABLED,0,nan,nan,nan,nan,nan,nan,nan,nan,nan,nan,nan,nan,nan,nan,nan,nan,nan,nan,nan,nan,nan,nan,nan,nan,nan,nan,nan,nan,nan,nan,nan,nan,nan,nan,20.391707565902003,-19.922699889170328,0.012707550088097597,0.022304090843428666,0.022304090843428666,0.022304090843428666,20.346621674261574,-19.980259295796333,0.0841791721876224,0.04508589164042931,0.05755940662600523,-0.0714716220995248,0.07311513465863513,0.10224488095590718,0.025986194610595703,False,DISABLED,none,MODEL_ORIGIN_FRAME_NOT_ESTABLISHED,nan,nan,nan,nan,nan,nan,nan,nan,nan,nan,nan,nan,nan,NOT_EVALUATED,nan,nan,nan,nan,DISABLED,nan,nan,nan,nan,nan,nan
1791471062.6841583,1791471062.6993053,1791471062.7026515,1791471062.7026713,front_rgbd_red_sphere,True,True,True,,71.5,71.5,1791471062.6993053,1791471062.6973758,1791471062.6841583,1791471062.6841583,1791471062.6841583,0.0,1791471061.6721733,1791471062.6921678,1791471062.6837718,1791471062.6921678,1791471062.6837718,1791471062.6921678,1791471061.6681662,1791471062.6921678,1791471061.6721733,1791471062.6921678,1791470991.1841583,GAZEBO_CLOCK_SYSTEM_INTERPOLATION,MAPPED_EXACT,0,71.5,1791471062.6841583,0.0033974647521972656,0.0,RGB,0.0,0,1,0,UNCALIBRATED,PREPARATION,MID,TURNING,1.0,350,1.0,6.9456095695495605,0.3298080265522003,nan,nan,False,0.0,0.0,0.0,0.0,0,0,0,0,0,0.0,0.0,0.0,0.0,0.0,0.0,0.0,0.0,0.0,0.0,0.0,0.0,0.0,0.0,6.5712725299921715,1.3119011872017285,-1.827233447197223,0.0,0.0,0.0,0.0,0.0,0.0,0.0,0.0,0.0,0.0,0.0,False,DISABLED,0,nan,nan,nan,nan,nan,nan,nan,nan,nan,nan,nan,nan,nan,nan,nan,nan,nan,nan,nan,nan,nan,nan,nan,nan,nan,nan,nan,nan,nan,nan,nan,nan,nan,nan,20.192195559360442,-19.933211000283727,0.021542847684186184,0.02233712393079416,0.02233712393079416,0.02233712393079416,20.15484392248736,-19.990279528425564,0.0932958361920822,0.037351636873083294,0.05706852814183705,-0.07175298850789602,0.06820529071394918,0.09899723754321926,0.015146970748901367,False,DISABLED,none,MODEL_ORIGIN_FRAME_NOT_ESTABLISHED,nan,nan,nan,nan,nan,nan,nan,nan,nan,nan,nan,nan,nan,NOT_EVALUATED,nan,nan,nan,nan,DISABLED,nan,nan,nan,nan,nan,nan
1791471062.7361627,1791471062.7562494,1791471062.7634275,1791471062.763465,front_rgbd_red_sphere,True,True,True,,71.552,71.552,1791471062.7562494,1791471062.7553084,1791471062.7361627,1791471062.7361627,1791471062.7361627,0.0,1791471061.74818,1791471062.7481906,1791471062.739801,1791471062.7481906,1791471062.7438009,1791471062.752171,1791471061.74818,1791471062.7481906,1791471061.7321627,1791471062.752171,1791470991.1841626,GAZEBO_CLOCK_SYSTEM_INTERPOLATION,MAPPED_EXACT,0,71.552,1791471062.7361627,0.0019342899322509766,0.0,RGB,0.0,0,1,0,UNCALIBRATED,PREPARATION,MID,TURNING,1.0,351,1.0,6.945653438568115,0.333895206451416,nan,nan,False,0.0,0.0,0.0,0.0,0,0,0,0,0,0.0,0.0,0.0,0.0,0.0,0.0,0.0,0.0,0.0,0.0,0.0,0.0,0.0,0.0,6.562065399941435,1.3461679991902589,-1.8355459252303246,0.0,0.0,0.0,0.0,0.0,0.0,0.0,0.0,0.0,0.0,0.0,False,DISABLED,0,nan,nan,nan,nan,nan,nan,nan,nan,nan,nan,nan,nan,nan,nan,nan,nan,nan,nan,nan,nan,nan,nan,nan,nan,nan,nan,nan,nan,nan,nan,nan,nan,nan,nan,19.99213588870653,-19.939881755175072,0.030078839676992486,0.022337255186442567,0.022337255186442567,0.022337255186442567,19.947024216521452,-19.99706211106555,0.10255108366087354,0.0451116721850795,0.057180355890476875,-0.07247224398388105,0.07283306987279659,0.10274668955813054,0.02008676528930664,False,DISABLED,none,MODEL_ORIGIN_FRAME_NOT_ESTABLISHED,nan,nan,nan,nan,nan,nan,nan,nan,nan,nan,nan,nan,nan,NOT_EVALUATED,nan,nan,nan,nan,DISABLED,nan,nan,nan,nan,nan,nan
1791471062.784156,1791471062.8035102,1791471062.808335,1791471062.8083797,front_rgbd_red_sphere,True,True,True,,71.6,71.6,1791471062.8035102,1791471062.8015149,1791471062.784156,1791471062.784156,1791471062.784156,0.0,1791471061.772176,1791471062.7881713,1791471062.779801,1791471062.7881713,1791471062.7838008,1791471062.792168,1791471061.772176,1791471062.7881713,1791471061.772176,1791471062.792168,1791470991.1841562,GAZEBO_CLOCK_SYSTEM_INTERPOLATION,MAPPED_EXACT,0,71.6,1791471062.784156,0.0035924911499023438,0.0,RGB,0.0,0,1,0,UNCALIBRATED,PREPARATION,MID,TURNING,1.0,354,1.0,6.956011772155762,0.3366478681564331,nan,nan,False,0.0,0.0,0.0,0.0,0,0,0,0,0,0.0,0.0,0.0,0.0,0.0,0.0,0.0,0.0,0.0,0.0,0.0,0.0,0.0,0.0,6.565551583666652,1.3843506888231287,-1.8339036076862127,0.0,0.0,0.0,0.0,0.0,0.0,0.0,0.0,0.0,0.0,0.0,False,DISABLED,0,nan,nan,nan,nan,nan,nan,nan,nan,nan,nan,nan,nan,nan,nan,nan,nan,nan,nan,nan,nan,nan,nan,nan,nan,nan,nan,nan,nan,nan,nan,nan,nan,nan,nan,19.79148181418062,-19.942920061471874,0.03786930137013306,0.02236822818836144,0.02236822818836144,0.02236822818836144,19.75503482143002,-19.99968819465412,0.11050889483570908,0.03644699275060148,0.056768133182245606,-0.07263959346557602,0.0674611312205745,0.09913382250475226,0.01935410499572754,False,DISABLED,none,MODEL_ORIGIN_FRAME_NOT_ESTABLISHED,nan,nan,nan,nan,nan,nan,nan,nan,nan,nan,nan,nan,nan,NOT_EVALUATED,nan,nan,nan,nan,DISABLED,nan,nan,nan,nan,nan,nan
1791471062.8361654,1791471062.8614266,1791471062.8660138,1791471062.866034,front_rgbd_red_sphere,True,True,True,,71.652,71.652,1791471062.8614266,1791471062.856895,1791471062.8361654,1791471062.8361654,1791471062.8361654,0.0,1791471061.8521645,1791471062.852166,1791471062.843801,1791471062.852166,1791471062.843801,1791471062.852166,1791471061.8521645,1791471062.852166,1791471061.8521645,1791471062.852166,1791470991.1841655,GAZEBO_CLOCK_SYSTEM_INTERPOLATION,MAPPED_EXACT,0,71.652,1791471062.8361654,0.0020380020141601562,0.0,RGB,0.0,0,1,0,UNCALIBRATED,PREPARATION,MID,TURNING,1.0,346,1.0,6.955143451690674,0.34106627106666565,nan,nan,False,0.0,0.0,0.0,0.0,0,0,0,0,0,0.0,0.0,0.0,0.0,0.0,0.0,0.0,0.0,0.0,0.0,0.0,0.0,0.0,0.0,6.55451717859651,1.4196644770157576,-1.843062699620888,0.0,0.0,0.0,0.0,0.0,0.0,0.0,0.0,0.0,0.0,0.0,False,DISABLED,0,nan,nan,nan,nan,nan,nan,nan,nan,nan,nan,nan,nan,nan,nan,nan,nan,nan,nan,nan,nan,nan,nan,nan,nan,nan,nan,nan,nan,nan,nan,nan,nan,nan,nan,19.591154635071586,-19.941859381247337,0.045482218038375655,0.02236563207200367,0.02236563207200367,0.02236563207200367,19.547063242879354,-19.998273613795376,0.11839900423286603,0.04409139219223235,0.05641423254803968,-0.07291678619449038,0.07160039454802988,0.10219331782639494,0.02526116371154785,False,DISABLED,none,MODEL_ORIGIN_FRAME_NOT_ESTABLISHED,nan,nan,nan,nan,nan,nan,nan,nan,nan,nan,nan,nan,nan,NOT_EVALUATED,nan,nan,nan,nan,DISABLED,nan,nan,nan,nan,nan,nan
1791471062.8841596,1791471062.9026759,1791471062.9079404,1791471062.9079773,front_rgbd_red_sphere,True,True,True,,71.7,71.7,1791471062.9026759,1791471062.90146,1791471062.8841596,1791471062.8841596,1791471062.8841596,0.0,1791471061.8921642,1791471062.8921804,1791471062.883801,1791471062.8921804,1791471062.883801,1791471062.8921804,1791471061.8921642,1791471062.8921804,1791471061.8921642,1791471062.8921804,1791470991.1841595,GAZEBO_CLOCK_SYSTEM_INTERPOLATION,MAPPED_EXACT,0,71.7,1791471062.8841596,0.002830028533935547,0.0,RGB,0.0,0,1,0,UNCALIBRATED,PREPARATION,MID,TURNING,1.0,355,1.0,6.964512348175049,0.34463685750961304,nan,nan,False,0.0,0.0,0.0,0.0,0,0,0,0,0,0.0,0.0,0.0,0.0,0.0,0.0,0.0,0.0,0.0,0.0,0.0,0.0,0.0,0.0,6.554986627405686,1.459188754110187,-1.8459015944515476,0.0,0.0,0.0,0.0,0.0,0.0,0.0,0.0,0.0,0.0,0.0,False,DISABLED,0,nan,nan,nan,nan,nan,nan,nan,nan,nan,nan,nan,nan,nan,nan,nan,nan,nan,nan,nan,nan,nan,nan,nan,nan,nan,nan,nan,nan,nan,nan,nan,nan,nan,nan,19.3911107844567,-19.936473110126478,0.05221701379144511,0.022393663401743105,0.022393663401743105,0.022393663401743105,19.354973730276157,-19.993161348346938,0.12500720510389696,0.036137054180542805,0.05668823822045965,-0.07279019131245185,0.06722680296866027,0.0990850896386051,0.01851630210876465,False,DISABLED,none,MODEL_ORIGIN_FRAME_NOT_ESTABLISHED,nan,nan,nan,nan,nan,nan,nan,nan,nan,nan,nan,nan,nan,NOT_EVALUATED,nan,nan,nan,nan,DISABLED,nan,nan,nan,nan,nan,nan
1791471062.9361556,1791471062.9524071,1791471062.9611785,1791471062.9611993,front_rgbd_red_sphere,True,True,True,,71.752,71.752,1791471062.9524071,1791471062.9507606,1791471062.9361556,1791471062.9361556,1791471062.9361556,0.0,1791471061.948163,1791471062.948166,1791471062.939801,1791471062.948166,1791471062.943801,1791471062.9521694,1791471061.948163,1791471062.948166,1791471061.9321573,1791471062.9521694,1791470991.1841555,GAZEBO_CLOCK_SYSTEM_INTERPOLATION,MAPPED_EXACT,0,71.752,1791471062.9361556,0.0016117095947265625,0.0,RGB,0.0,0,1,0,UNCALIBRATED,PREPARATION,MID,TURNING,1.0,355,1.0,6.962671279907227,0.3493216633796692,nan,nan,False,0.0,0.0,0.0,0.0,0,0,0,0,0,0.0,0.0,0.0,0.0,0.0,0.0,0.0,0.0,0.0,0.0,0.0,0.0,0.0,0.0,6.54216122483454,1.495499344649624,-1.855369738485423,0.0,0.0,0.0,0.0,0.0,0.0,0.0,0.0,0.0,0.0,0.0,False,DISABLED,0,nan,nan,nan,nan,nan,nan,nan,nan,nan,nan,nan,nan,nan,nan,nan,nan,nan,nan,nan,nan,nan,nan,nan,nan,nan,nan,nan,nan,nan,nan,nan,nan,nan,nan,19.190741389034862,-19.927076385296168,0.05851149042859044,0.02238815260197469,0.02238815260197469,0.02238815260197469,19.147363112075098,-19.9832063982336,0.13133177366155677,0.04337827695976415,0.056130012937433804,-0.07282028323296633,0.07093837652747977,0.10166143277803992,0.016251564025878906,False,DISABLED,none,MODEL_ORIGIN_FRAME_NOT_ESTABLISHED,nan,nan,nan,nan,nan,nan,nan,nan,nan,nan,nan,nan,nan,NOT_EVALUATED,nan,nan,nan,nan,DISABLED,nan,nan,nan,nan,nan,nan
1791471062.9841628,1791471063.004388,1791471063.0092974,1791471063.009317,front_rgbd_red_sphere,True,True,True,,71.8,71.8,1791471063.004388,1791471063.0028694,1791471062.9841628,1791471062.9841628,1791471062.9841628,0.0,1791471061.992167,1791471062.9881704,1791471062.979801,1791471062.9881704,1791471062.983801,1791471062.9921725,1791471061.9721596,1791471062.9881704,1791471061.992167,1791471062.9921725,1791470991.1841629,GAZEBO_CLOCK_SYSTEM_INTERPOLATION,MAPPED_EXACT,0,71.8,1791471062.9841628,0.0006704330444335938,0.0,RGB,0.0,0,1,0,UNCALIBRATED,PREPARATION,MID,TURNING,1.0,357,1.0,6.970987319946289,0.352707177400589,nan,nan,False,0.0,0.0,0.0,0.0,0,0,0,0,0,0.0,0.0,0.0,0.0,0.0,0.0,0.0,0.0,0.0,0.0,0.0,0.0,0.0,0.0,6.541860139177905,1.5361338270026996,-1.8544600903139412,0.0,0.0,0.0,0.0,0.0,0.0,0.0,0.0,0.0,0.0,0.0,False,DISABLED,0,nan,nan,nan,nan,nan,nan,nan,nan,nan,nan,nan,nan,nan,nan,nan,nan,nan,nan,nan,nan,nan,nan,nan,nan,nan,nan,nan,nan,nan,nan,nan,nan,nan,nan,18.99045039023231,-19.91327966405011,0.06379907253231304,0.02241304596733331,0.02241304596733331,0.02241304596733331,18.955784682448414,-19.970065280375824,0.13641947624813255,0.03466570778389766,0.05678561632571544,-0.07262040371581951,0.066530575810299,0.09848878389694207,0.02022528648376465,False,DISABLED,none,MODEL_ORIGIN_FRAME_NOT_ESTABLISHED,nan,nan,nan,nan,nan,nan,nan,nan,nan,nan,nan,nan,nan,NOT_EVALUATED,nan,nan,nan,nan,DISABLED,nan,nan,nan,nan,nan,nan
1791471063.0361593,1791471063.0628119,1791471063.066443,1791471063.0664608,front_rgbd_red_sphere,True,True,True,,71.852,71.852,1791471063.0628119,1791471063.0602853,1791471063.0361593,1791471063.0361593,1791471063.0361593,0.0,1791471062.0321617,1791471063.05217,1791471063.0438008,1791471063.05217,1791471063.0438008,1791471063.05217,1791471062.0281618,1791471063.05217,1791471062.0321617,1791471063.05217,1791470991.1841593,GAZEBO_CLOCK_SYSTEM_INTERPOLATION,MAPPED_EXACT,0,71.852,1791471063.0361593,0.0028231143951416016,0.0,RGB,0.0,0,1,0,UNCALIBRATED,PREPARATION,MID,TURNING,1.0,357,1.0,6.9680891036987305,0.35739433765411377,nan,nan,False,0.0,0.0,0.0,0.0,0,0,0,0,0,0.0,0.0,0.0,0.0,0.0,0.0,0.0,0.0,0.0,0.0,0.0,0.0,0.0,0.0,6.527786535947277,1.5740028437391036,-1.8613935020577586,0.0,0.0,0.0,0.0,0.0,0.0,0.0,0.0,0.0,0.0,0.0,False,DISABLED,0,nan,nan,nan,nan,nan,nan,nan,nan,nan,nan,nan,nan,nan,nan,nan,nan,nan,nan,nan,nan,nan,nan,nan,nan,nan,nan,nan,nan,nan,nan,nan,nan,nan,nan,18.790365390149415,-19.894844028215648,0.06850389255335193,0.022404369576273585,0.022404369576273585,0.022404369576273585,18.748681628915744,-19.95125282181489,0.1410307261541437,0.04168376123367068,0.05640879359924256,-0.07252683360079176,0.07013906148436558,0.10089415016771067,0.02665257453918457,False,DISABLED,none,MODEL_ORIGIN_FRAME_NOT_ESTABLISHED,nan,nan,nan,nan,nan,nan,nan,nan,nan,nan,nan,nan,nan,NOT_EVALUATED,nan,nan,nan,nan,DISABLED,nan,nan,nan,nan,nan,nan
1791471063.084161,1791471063.1034994,1791471063.1068168,1791471063.1068363,front_rgbd_red_sphere,True,True,True,,71.9,71.9,1791471063.1034994,1791471063.102416,1791471063.084161,1791471063.084161,1791471063.084161,0.0,1791471062.0921698,1791471063.0921748,1791471063.083801,1791471063.0921748,1791471063.083801,1791471063.0921748,1791471062.0921698,1791471063.0921748,1791471062.0921698,1791471063.0921748,1791470991.184161,GAZEBO_CLOCK_SYSTEM_INTERPOLATION,MAPPED_EXACT,0,71.9,1791471063.084161,0.0035295486450195312,0.0,RGB,0.0,0,1,0,UNCALIBRATED,PREPARATION,MID,TURNING,1.0,357,1.0,6.975139141082764,0.36125144362449646,nan,nan,False,0.0,0.0,0.0,0.0,0,0,0,0,0,0.0,0.0,0.0,0.0,0.0,0.0,0.0,0.0,0.0,0.0,0.0,0.0,0.0,0.0,6.524930476273287,1.6160983432270601,-1.8617396085799194,0.0,0.0,0.0,0.0,0.0,0.0,0.0,0.0,0.0,0.0,0.0,False,DISABLED,0,nan,nan,nan,nan,nan,nan,nan,nan,nan,nan,nan,nan,nan,nan,nan,nan,nan,nan,nan,nan,nan,nan,nan,nan,nan,nan,nan,nan,nan,nan,nan,nan,nan,nan,18.591409082497677,-19.87222970670439,0.07220196192454159,0.022425479209699593,0.022425479209699593,0.022425479209699593,18.55796178100465,-19.929822957667728,0.14447481190433575,0.03344730149302677,0.05759325096333967,-0.07227284997979416,0.06660108507893589,0.09828056459897598,0.019338369369506836,False,DISABLED,none,MODEL_ORIGIN_FRAME_NOT_ESTABLISHED,nan,nan,nan,nan,nan,nan,nan,nan,nan,nan,nan,nan,nan,NOT_EVALUATED,nan,nan,nan,nan,DISABLED,nan,nan,nan,nan,nan,nan
1791471063.136158,1791471063.153993,1791471063.160864,1791471063.160884,front_rgbd_red_sphere,True,True,True,,71.952,71.952,1791471063.153993,1791471063.152155,1791471063.136158,1791471063.136158,1791471063.136158,0.0,1791471062.15217,1791471063.1481674,1791471063.139801,1791471063.1481674,1791471063.143801,1791471063.1521728,1791471062.1321602,1791471063.1481674,1791471062.15217,1791471063.1521728,1791470991.184158,GAZEBO_CLOCK_SYSTEM_INTERPOLATION,MAPPED_EXACT,0,71.952,1791471063.136158,0.0012018680572509766,0.0,RGB,0.0,0,1,0,UNCALIBRATED,PREPARATION,MID,TURNING,1.0,361,1.0,6.970915794372559,0.3661615252494812,nan,nan,False,0.0,0.0,0.0,0.0,0,0,0,0,0,0.0,0.0,0.0,0.0,0.0,0.0,0.0,0.0,0.0,0.0,0.0,0.0,0.0,0.0,6.50880352805597,1.6545514763348166,-1.8685831231589556,0.0,0.0,0.0,0.0,0.0,0.0,0.0,0.0,0.0,0.0,0.0,False,DISABLED,0,nan,nan,nan,nan,nan,nan,nan,nan,nan,nan,nan,nan,nan,nan,nan,nan,nan,nan,nan,nan,nan,nan,nan,nan,nan,nan,nan,nan,nan,nan,nan,nan,nan,nan,18.392856755077425,-19.845220774339868,0.07514063162971146,0.02241283193583801,0.02241283193583801,0.02241283193583801,18.351841695295214,-19.90188155339675,0.14725519185462702,0.04101505978221098,0.05666077905688027,-0.07211456022491555,0.06994768768351776,0.10046486355290547,0.017834901809692383,False,DISABLED,none,MODEL_ORIGIN_FRAME_NOT_ESTABLISHED,nan,nan,nan,nan,nan,nan,nan,nan,nan,nan,nan,nan,nan,NOT_EVALUATED,nan,nan,nan,nan,DISABLED,nan,nan,nan,nan,nan,nan
1791471063.1841576,1791471063.2034588,1791471063.2065961,1791471063.2066176,front_rgbd_red_sphere,True,True,True,,72.0,72.0,1791471063.2034588,1791471063.2015524,1791471063.1841576,1791471063.1841576,1791471063.1841576,0.0,1791471062.1921687,1791471063.1881695,1791471063.179801,1791471063.1881695,1791471063.183801,1791471063.1921837,1791471062.1881664,1791471063.1881695,1791471062.1921687,1791471063.1921837,1791470991.1841576,GAZEBO_CLOCK_SYSTEM_INTERPOLATION,MAPPED_EXACT,0,72.0,1791471063.1841576,0.0034301280975341797,0.0,RGB,0.0,0,1,0,UNCALIBRATED,PREPARATION,MID,TURNING,1.0,364,1.0,6.976743221282959,0.36978262662887573,nan,nan,False,0.0,0.0,0.0,0.0,0,0,0,0,0,0.0,0.0,0.0,0.0,0.0,0.0,0.0,0.0,0.0,0.0,0.0,0.0,0.0,0.0,6.505156540563447,1.6979205060165627,-1.8641211086127294,0.0,0.0,0.0,0.0,0.0,0.0,0.0,0.0,0.0,0.0,0.0,False,DISABLED,0,nan,nan,nan,nan,nan,nan,nan,nan,nan,nan,nan,nan,nan,nan,nan,nan,nan,nan,nan,nan,nan,nan,nan,nan,nan,nan,nan,nan,nan,nan,nan,nan,nan,nan,18.195021011743062,-19.813780076825783,0.07698859570230182,0.02243028314923647,0.02243028314923647,0.02243028314923647,18.162107782542922,-19.871910295680834,0.14897476046266364,0.03291322920014039,0.05813021885505165,-0.07198616476036182,0.06680122005260965,0.09820596172037181,0.019301176071166992,False,DISABLED,none,MODEL_ORIGIN_FRAME_NOT_ESTABLISHED,nan,nan,nan,nan,nan,nan,nan,nan,nan,nan,nan,nan,nan,NOT_EVALUATED,nan,nan,nan,nan,DISABLED,nan,nan,nan,nan,nan,nan
1791471063.2361677,1791471063.260871,1791471063.2654588,1791471063.265481,front_rgbd_red_sphere,True,True,True,,72.052,72.052,1791471063.260871,1791471063.2587276,1791471063.2361677,1791471063.2361677,1791471063.2361677,0.0,1791471062.2521758,1791471063.252179,1791471063.2438009,1791471063.252179,1791471063.2438009,1791471063.252179,1791471062.2521758,1791471063.252179,1791471062.2521758,1791471063.252179,1791470991.1841676,GAZEBO_CLOCK_SYSTEM_INTERPOLATION,MAPPED_EXACT,0,72.052,1791471063.2361677,0.005060911178588867,0.0,RGB,0.0,0,1,0,UNCALIBRATED,PREPARATION,MID,TURNING,1.0,365,1.0,6.971416473388672,0.3746473491191864,nan,nan,False,0.0,0.0,0.0,0.0,0,0,0,0,0,0.0,0.0,0.0,0.0,0.0,0.0,0.0,0.0,0.0,0.0,0.0,0.0,0.0,0.0,6.48785611580871,1.738149723010899,-1.8674057515301734,0.0,0.0,0.0,0.0,0.0,0.0,0.0,0.0,0.0,0.0,0.0,False,DISABLED,0,nan,nan,nan,nan,nan,nan,nan,nan,nan,nan,nan,nan,nan,nan,nan,nan,nan,nan,nan,nan,nan,nan,nan,nan,nan,nan,nan,nan,nan,nan,nan,nan,nan,nan,17.997964701355126,-19.777738294767126,0.07801907048884976,0.022414330699855562,0.022414330699855562,0.022414330699855562,17.957488727097708,-19.834651077823402,0.14985579674563398,0.04047597425741856,0.05691278305627634,-0.07183672625678422,0.06983816554934691,0.10018924396655629,0.024703264236450195,False,DISABLED,none,MODEL_ORIGIN_FRAME_NOT_ESTABLISHED,nan,nan,nan,nan,nan,nan,nan,nan,nan,nan,nan,nan,nan,NOT_EVALUATED,nan,nan,nan,nan,DISABLED,nan,nan,nan,nan,nan,nan
1791471063.2841566,1791471063.3024995,1791471063.3057299,1791471063.3057504,front_rgbd_red_sphere,True,True,True,,72.1,72.1,1791471063.3024995,1791471063.30076,1791471063.2841566,1791471063.2841566,1791471063.2841566,0.0,1791471062.2721608,1791471063.2921689,1791471063.2838008,1791471063.2921689,1791471063.2838008,1791471063.2921689,1791471062.2681663,1791471063.2921689,1791471062.2721608,1791471063.2921689,1791470991.1841567,GAZEBO_CLOCK_SYSTEM_INTERPOLATION,MAPPED_EXACT,0,72.1,1791471063.2841566,0.0025529861450195312,0.0,RGB,0.0,0,1,0,UNCALIBRATED,PREPARATION,MID,TURNING,1.0,368,1.0,6.97595739364624,0.3787648379802704,nan,nan,False,0.0,0.0,0.0,0.0,0,0,0,0,0,0.0,0.0,0.0,0.0,0.0,0.0,0.0,0.0,0.0,0.0,0.0,0.0,0.0,0.0,6.481515761701905,1.7832270350730397,-1.8638758775898507,0.0,0.0,0.0,0.0,0.0,0.0,0.0,0.0,0.0,0.0,0.0,False,DISABLED,0,nan,nan,nan,nan,nan,nan,nan,nan,nan,nan,nan,nan,nan,nan,nan,nan,nan,nan,nan,nan,nan,nan,nan,nan,nan,nan,nan,nan,nan,nan,nan,nan,nan,nan,17.80244598924915,-19.737122415600627,0.0779323553663343,0.022427929332339103,0.022427929332339103,0.022427929332339103,17.76943584590115,-19.796020713844243,0.14980543068970398,0.03301014334800101,0.0588982982436157,-0.07187307532336967,0.06751799093463519,0.09861246400069441,0.018342971801757812,False,DISABLED,none,MODEL_ORIGIN_FRAME_NOT_ESTABLISHED,nan,nan,nan,nan,nan,nan,nan,nan,nan,nan,nan,nan,nan,NOT_EVALUATED,nan,nan,nan,nan,DISABLED,nan,nan,nan,nan,nan,nan
1791471063.3361678,1791471063.366422,1791471063.3697495,1791471063.3697698,front_rgbd_red_sphere,True,True,True,,72.152,72.152,1791471063.366422,1791471063.3544831,1791471063.3361678,1791471063.3361678,1791471063.3361678,0.0,1791471062.3481646,1791471063.3481843,1791471063.3398008,1791471063.3481843,1791471063.343801,1791471063.352172,1791471062.3481646,1791471063.3481843,1791471062.3321605,1791471063.352172,1791470991.1841679,GAZEBO_CLOCK_SYSTEM_INTERPOLATION,MAPPED_EXACT,0,72.152,1791471063.3361678,0.0024716854095458984,0.0,RGB,0.0,0,1,0,UNCALIBRATED,PREPARATION,MID,TURNING,1.0,368,1.0,6.969142913818359,0.3839075267314911,nan,nan,False,0.0,0.0,0.0,0.0,0,0,0,0,0,0.0,0.0,0.0,0.0,0.0,0.0,0.0,0.0,0.0,0.0,0.0,0.0,0.0,0.0,6.461846262074259,1.8244190661264454,-1.866813102304497,0.0,0.0,0.0,0.0,0.0,0.0,0.0,0.0,0.0,0.0,0.0,False,DISABLED,0,nan,nan,nan,nan,nan,nan,nan,nan,nan,nan,nan,nan,nan,nan,nan,nan,nan,nan,nan,nan,nan,nan,nan,nan,nan,nan,nan,nan,nan,nan,nan,nan,nan,nan,17.607642500208975,-19.691947333433063,0.07683796632569889,0.022407524010966497,0.022407524010966497,0.022407524010966497,17.56670009569438,-19.749286287250033,0.14876418707096284,0.04094240451459541,0.05733895381696996,-0.07192622074526395,0.07045591609127921,0.10068474235433,0.030254125595092773,False,DISABLED,none,MODEL_ORIGIN_FRAME_NOT_ESTABLISHED,nan,nan,nan,nan,nan,nan,nan,nan,nan,nan,nan,nan,nan,NOT_EVALUATED,nan,nan,nan,nan,DISABLED,nan,nan,nan,nan,nan,nan
1791471063.3841608,1791471063.4046135,1791471063.4086015,1791471063.4086246,front_rgbd_red_sphere,True,True,True,,72.2,72.2,1791471063.4046135,1791471063.4032905,1791471063.3841608,1791471063.3841608,1791471063.3841608,0.0,1791471062.3921638,1791471063.3881776,1791471063.379801,1791471063.3881776,1791471063.383801,1791471063.392186,1791471062.3721547,1791471063.3881776,1791471062.3921638,1791471063.392186,1791470991.1841607,GAZEBO_CLOCK_SYSTEM_INTERPOLATION,MAPPED_EXACT,0,72.2,1791471063.3841608,0.000728607177734375,0.0,RGB,0.0,0,1,0,UNCALIBRATED,PREPARATION,MID,TURNING,1.0,371,1.0,6.972520351409912,0.3878854215145111,nan,nan,False,0.0,0.0,0.0,0.0,0,0,0,0,0,0.0,0.0,0.0,0.0,0.0,0.0,0.0,0.0,0.0,0.0,0.0,0.0,0.0,0.0,6.454538504113693,1.8706366130316097,-1.858949891918735,0.0,0.0,0.0,0.0,0.0,0.0,0.0,0.0,0.0,0.0,0.0,False,DISABLED,0,nan,nan,nan,nan,nan,nan,nan,nan,nan,nan,nan,nan,nan,nan,nan,nan,nan,nan,nan,nan,nan,nan,nan,nan,nan,nan,nan,nan,nan,nan,nan,nan,nan,nan,17.413567834925598,-19.642295077894083,0.07478512123917819,0.022417637273592608,0.022417637273592608,0.022417637273592608,17.380623082700396,-19.701883171958222,0.14694601713413685,0.03294475222520177,0.05958809406413934,-0.07216089589495867,0.06808889522805209,0.09921336880551793,0.02045273780822754,False,DISABLED,none,MODEL_ORIGIN_FRAME_NOT_ESTABLISHED,nan,nan,nan,nan,nan,nan,nan,nan,nan,nan,nan,nan,nan,NOT_EVALUATED,nan,nan,nan,nan,DISABLED,nan,nan,nan,nan,nan,nan
1791471063.4361563,1791471063.4551096,1791471063.4626155,1791471063.4626453,front_rgbd_red_sphere,True,True,True,,72.252,72.252,1791471063.4551096,1791471063.4534736,1791471063.4361563,1791471063.4361563,1791471063.4361563,0.0,1791471062.4521682,1791471063.4521701,1791471063.443801,1791471063.4521701,1791471063.443801,1791471063.4521701,1791471062.4521682,1791471063.4521701,1791471062.4521682,1791471063.4521701,1791470991.1841562,GAZEBO_CLOCK_SYSTEM_INTERPOLATION,MAPPED_EXACT,0,72.252,1791471063.4361563,0.00226593017578125,0.0,RGB,0.0,0,1,0,UNCALIBRATED,PREPARATION,MID,TURNING,1.0,372,1.0,6.9646897315979,0.39296039938926697,nan,nan,False,0.0,0.0,0.0,0.0,0,0,0,0,0,0.0,0.0,0.0,0.0,0.0,0.0,0.0,0.0,0.0,0.0,0.0,0.0,0.0,0.0,6.433837485075414,1.9130360927741057,-1.8582059709645216,0.0,0.0,0.0,0.0,0.0,0.0,0.0,0.0,0.0,0.0,0.0,False,DISABLED,0,nan,nan,nan,nan,nan,nan,nan,nan,nan,nan,nan,nan,nan,nan,nan,nan,nan,nan,nan,nan,nan,nan,nan,nan,nan,nan,nan,nan,nan,nan,nan,nan,nan,nan,17.220679316488997,-19.587982297350973,0.07215695774220438,0.022394193500225215,0.022394193500225215,0.022394193500225215,17.180506810661562,-19.645689028031562,0.1440116105551634,0.040172505827435145,0.0577067306805894,-0.07185465281295902,0.07031285081901735,0.10053351740175148,0.018953323364257812,False,DISABLED,none,MODEL_ORIGIN_FRAME_NOT_ESTABLISHED,nan,nan,nan,nan,nan,nan,nan,nan,nan,nan,nan,nan,nan,NOT_EVALUATED,nan,nan,nan,nan,DISABLED,nan,nan,nan,nan,nan,nan
1791471063.4841592,1791471063.5050817,1791471063.5104785,1791471063.5105133,front_rgbd_red_sphere,True,True,True,,72.3,72.3,1791471063.5050817,1791471063.503942,1791471063.4841592,1791471063.4841592,1791471063.4841592,0.0,1791471062.472159,1791471063.4921768,1791471063.483801,1791471063.4921768,1791471063.483801,1791471063.4921768,1791471062.468163,1791471063.4921768,1791471062.472159,1791471063.4921768,1791470991.1841593,GAZEBO_CLOCK_SYSTEM_INTERPOLATION,MAPPED_EXACT,0,72.3,1791471063.4841592,0.00522160530090332,0.0,RGB,0.0,0,1,0,UNCALIBRATED,PREPARATION,MID,TURNING,1.0,376,1.0,6.967135906219482,0.39711418747901917,nan,nan,False,0.0,0.0,0.0,0.0,0,0,0,0,0,0.0,0.0,0.0,0.0,0.0,0.0,0.0,0.0,0.0,0.0,0.0,0.0,0.0,0.0,6.42495991449742,1.9608111836277375,-1.8482672158885978,0.0,0.0,0.0,0.0,0.0,0.0,0.0,0.0,0.0,0.0,0.0,False,DISABLED,0,nan,nan,nan,nan,nan,nan,nan,nan,nan,nan,nan,nan,nan,nan,nan,nan,nan,nan,nan,nan,nan,nan,nan,nan,nan,nan,nan,nan,nan,nan,nan,nan,nan,nan,17.028670641955568,-19.529244902560468,0.06834869715170294,0.022401515587397308,0.022401515587397308,0.022401515587397308,16.99682348408328,-19.589492298763204,0.14046999285471515,0.031847157872288534,0.06024739620273678,-0.0721212957030122,0.06814682834697454,0.09922434936865719,0.020922422409057617,False,DISABLED,none,MODEL_ORIGIN_FRAME_NOT_ESTABLISHED,nan,nan,nan,nan,nan,nan,nan,nan,nan,nan,nan,nan,nan,NOT_EVALUATED,nan,nan,nan,nan,DISABLED,nan,nan,nan,nan,nan,nan
1791471063.5361571,1791471063.565261,1791471063.5700471,1791471063.5700748,front_rgbd_red_sphere,True,True,True,,72.352,72.352,1791471063.565261,1791471063.553757,1791471063.5361571,1791471063.5361571,1791471063.5361571,0.0,1791471062.5481706,1791471063.548185,1791471063.539801,1791471063.548185,1791471063.5438008,1791471063.5521698,1791471062.5481706,1791471063.548185,1791471062.5321615,1791471063.5521698,1791470991.1841571,GAZEBO_CLOCK_SYSTEM_INTERPOLATION,MAPPED_EXACT,0,72.352,1791471063.5361571,0.0015349388122558594,0.0,RGB,0.0,0,1,0,UNCALIBRATED,PREPARATION,MID,TURNING,1.0,378,1.0,6.957953453063965,0.40213629603385925,nan,nan,False,0.0,0.0,0.0,0.0,0,0,0,0,0,0.0,0.0,0.0,0.0,0.0,0.0,0.0,0.0,0.0,0.0,0.0,0.0,0.0,0.0,6.402896488893929,2.0037049368148097,-1.8442341863100815,0.0,0.0,0.0,0.0,0.0,0.0,0.0,0.0,0.0,0.0,0.0,False,DISABLED,0,nan,nan,nan,nan,nan,nan,nan,nan,nan,nan,nan,nan,nan,nan,nan,nan,nan,nan,nan,nan,nan,nan,nan,nan,nan,nan,nan,nan,nan,nan,nan,nan,nan,nan,16.838632126544823,-19.46583370994416,0.06382413593338582,0.02237403723644846,0.02237403723644846,0.02237403723644846,16.799592070796262,-19.523809199008653,0.1357120103877413,0.039040055748561286,0.05797548906449279,-0.07188787445435549,0.06989480156004377,0.10026539671633017,0.029103755950927734,False,DISABLED,none,MODEL_ORIGIN_FRAME_NOT_ESTABLISHED,nan,nan,nan,nan,nan,nan,nan,nan,nan,nan,nan,nan,nan,NOT_EVALUATED,nan,nan,nan,nan,DISABLED,nan,nan,nan,nan,nan,nan
1791471063.5841596,1791471063.602727,1791471063.6058981,1791471063.605921,front_rgbd_red_sphere,True,True,True,,72.4,72.4,1791471063.602727,1791471063.6016111,1791471063.5841596,1791471063.5841596,1791471063.5841596,0.0,1791471062.572158,1791471063.5881703,1791471063.5798008,1791471063.5881703,1791471063.583801,1791471063.5921752,1791471062.572158,1791471063.5881703,1791471062.572158,1791471063.5921752,1791470991.1841595,GAZEBO_CLOCK_SYSTEM_INTERPOLATION,MAPPED_EXACT,0,72.4,1791471063.5841596,0.0027570724487304688,0.0,RGB,0.0,0,1,0,UNCALIBRATED,PREPARATION,MID,TURNING,1.0,381,1.0,6.959707736968994,0.4063355624675751,nan,nan,False,0.0,0.0,0.0,0.0,0,0,0,0,0,0.0,0.0,0.0,0.0,0.0,0.0,0.0,0.0,0.0,0.0,0.0,0.0,0.0,0.0,6.393015964281913,2.0515010918036687,-1.832545319213053,0.0,0.0,0.0,0.0,0.0,0.0,0.0,0.0,0.0,0.0,0.0,False,DISABLED,0,nan,nan,nan,nan,nan,nan,nan,nan,nan,nan,nan,nan,nan,nan,nan,nan,nan,nan,nan,nan,nan,nan,nan,nan,nan,nan,nan,nan,nan,nan,nan,nan,nan,nan,16.64916382824092,-19.397574938746175,0.05847138721652284,0.022379285646149705,0.022379285646149705,0.022379285646149705,16.61923580736498,-19.459068454177743,0.13054933881694752,0.029928020875939154,0.06149351543156811,-0.07207795160042468,0.06838961086073787,0.09935980062679432,0.018567323684692383,False,DISABLED,none,MODEL_ORIGIN_FRAME_NOT_ESTABLISHED,nan,nan,nan,nan,nan,nan,nan,nan,nan,nan,nan,nan,nan,NOT_EVALUATED,nan,nan,nan,nan,DISABLED,nan,nan,nan,nan,nan,nan
1791471063.6361635,1791471063.654821,1791471063.6629834,1791471063.663006,front_rgbd_red_sphere,True,True,True,,72.452,72.452,1791471063.654821,1791471063.653698,1791471063.6361635,1791471063.6361635,1791471063.6361635,0.0,1791471062.6321614,1791471063.6521711,1791471063.643801,1791471063.6521711,1791471063.643801,1791471063.6521711,1791471062.6281593,1791471063.6521711,1791471062.6321614,1791471063.6521711,1791470991.1841636,GAZEBO_CLOCK_SYSTEM_INTERPOLATION,MAPPED_EXACT,0,72.452,1791471063.6361635,0.002038717269897461,0.0,RGB,0.0,0,1,0,UNCALIBRATED,PREPARATION,MID,TURNING,1.0,385,1.0,6.949415683746338,0.4116171896457672,nan,nan,False,0.0,0.0,0.0,0.0,0,0,0,0,0,0.0,0.0,0.0,0.0,0.0,0.0,0.0,0.0,0.0,0.0,0.0,0.0,0.0,0.0,6.368965868213879,2.0935443281738726,-1.8296794610543246,0.0,0.0,0.0,0.0,0.0,0.0,0.0,0.0,0.0,0.0,0.0,False,DISABLED,0,nan,nan,nan,nan,nan,nan,nan,nan,nan,nan,nan,nan,nan,nan,nan,nan,nan,nan,nan,nan,nan,nan,nan,nan,nan,nan,nan,nan,nan,nan,nan,nan,nan,nan,16.462945408068226,-19.325058309397885,0.052560373011538764,0.02234850350273744,0.02234850350273744,0.02234850350273744,16.42494360755671,-19.383853734825543,0.1240717248853601,0.03800180051151614,0.05879542542765748,-0.07151135187382134,0.07000742027339887,0.10007453392425962,0.018657445907592773,False,DISABLED,none,MODEL_ORIGIN_FRAME_NOT_ESTABLISHED,nan,nan,nan,nan,nan,nan,nan,nan,nan,nan,nan,nan,nan,NOT_EVALUATED,nan,nan,nan,nan,DISABLED,nan,nan,nan,nan,nan,nan
1791471063.6841617,1791471063.7154605,1791471063.7207813,1791471063.7208042,front_rgbd_red_sphere,True,True,True,,72.5,72.5,1791471063.7154605,1791471063.7050674,1791471063.6841617,1791471063.6841617,1791471063.6841617,0.0,1791471062.6921678,1791471063.6921835,1791471063.683801,1791471063.6921835,1791471063.683801,1791471063.6921835,1791471062.6921678,1791471063.6921835,1791471062.6921678,1791471063.6921835,1791470991.1841617,GAZEBO_CLOCK_SYSTEM_INTERPOLATION,MAPPED_EXACT,0,72.5,1791471063.6841617,0.0036766529083251953,0.0,RGB,0.0,0,1,0,UNCALIBRATED,PREPARATION,MID,TURNING,1.0,386,1.0,6.949707508087158,0.4159875810146332,nan,nan,False,0.0,0.0,0.0,0.0,0,0,0,0,0,0.0,0.0,0.0,0.0,0.0,0.0,0.0,0.0,0.0,0.0,0.0,0.0,0.0,0.0,6.35702018975064,2.141258231885245,-1.8170687751054806,0.0,0.0,0.0,0.0,0.0,0.0,0.0,0.0,0.0,0.0,0.0,False,DISABLED,0,nan,nan,nan,nan,nan,nan,nan,nan,nan,nan,nan,nan,nan,nan,nan,nan,nan,nan,nan,nan,nan,nan,nan,nan,nan,nan,nan,nan,nan,nan,nan,nan,nan,nan,16.27791531519247,-19.24794945310995,0.04578446955932952,0.0223493748111098,0.0223493748111098,0.0223493748111098,16.247525056920907,-19.310389895925127,0.11738704420246629,0.030390258271562942,0.06244044281517702,-0.07160257464313677,0.06944333443007825,0.09974620490170874,0.03129887580871582,False,DISABLED,none,MODEL_ORIGIN_FRAME_NOT_ESTABLISHED,nan,nan,nan,nan,nan,nan,nan,nan,nan,nan,nan,nan,nan,NOT_EVALUATED,nan,nan,nan,nan,DISABLED,nan,nan,nan,nan,nan,nan
1791471063.7361867,1791471063.7529747,1791471063.7640395,1791471063.7640798,front_rgbd_red_sphere,True,True,True,,72.552,72.552,1791471063.7529747,1791471063.7518382,1791471063.7361867,1791471063.7361867,1791471063.7361867,0.0,1791471062.7322414,1791471063.7481728,1791471063.739831,1791471063.7481728,1791471063.743831,1791471063.7521694,1791471062.7322414,1791471063.7481728,1791471062.7322414,1791471063.7521694,1791470991.1841867,GAZEBO_CLOCK_SYSTEM_INTERPOLATION,MAPPED_EXACT,0,72.552,1791471063.7361867,0.0029168128967285156,0.0,RGB,0.0,0,1,0,UNCALIBRATED,PREPARATION,MID,TURNING,1.0,388,1.0,6.938689708709717,0.4211156964302063,nan,nan,False,0.0,0.0,0.0,0.0,0,0,0,0,0,0.0,0.0,0.0,0.0,0.0,0.0,0.0,0.0,0.0,0.0,0.0,0.0,0.0,0.0,6.332480318896848,2.182557449652128,-1.8115054481451476,0.0,0.0,0.0,0.0,0.0,0.0,0.0,0.0,0.0,0.0,0.0,False,DISABLED,0,nan,nan,nan,nan,nan,nan,nan,nan,nan,nan,nan,nan,nan,nan,nan,nan,nan,nan,nan,nan,nan,nan,nan,nan,nan,nan,nan,nan,nan,nan,nan,nan,nan,nan,16.095146734604143,-19.16663712978043,0.03850034045620815,0.022316445263551463,0.022316445263551463,0.022316445263551463,16.05725293943092,-19.226078292753634,0.10936885947097974,0.03789379517322189,0.05944116297320434,-0.07086851901477159,0.07049249299207068,0.0999576838246274,0.016788005828857422,False,DISABLED,none,MODEL_ORIGIN_FRAME_NOT_ESTABLISHED,nan,nan,nan,nan,nan,nan,nan,nan,nan,nan,nan,nan,nan,NOT_EVALUATED,nan,nan,nan,nan,DISABLED,nan,nan,nan,nan,nan,nan
1791471063.7841609,1791471063.8004007,1791471063.8051665,1791471063.8051925,front_rgbd_red_sphere,True,True,True,,72.6,72.6,1791471063.8004007,1791471063.7992063,1791471063.7841609,1791471063.7841609,1791471063.7841609,0.0,1791471062.792168,1791471063.7881856,1791471063.779831,1791471063.7881856,1791471063.783831,1791471063.7921748,1791471062.7881713,1791471063.7881856,1791471062.792168,1791471063.7921748,1791470991.184161,GAZEBO_CLOCK_SYSTEM_INTERPOLATION,MAPPED_EXACT,0,72.6,1791471063.7841609,0.0006895065307617188,0.0,RGB,0.0,0,1,0,UNCALIBRATED,PREPARATION,MID,TURNING,1.0,391,1.0,6.93834924697876,0.42543479800224304,nan,nan,False,0.0,0.0,0.0,0.0,0,0,0,0,0,0.0,0.0,0.0,0.0,0.0,0.0,0.0,0.0,0.0,0.0,0.0,0.0,0.0,0.0,6.319860573369397,2.2282151160380788,-1.7986416591128953,0.0,0.0,0.0,0.0,0.0,0.0,0.0,0.0,0.0,0.0,0.0,False,DISABLED,0,nan,nan,nan,nan,nan,nan,nan,nan,nan,nan,nan,nan,nan,nan,nan,nan,nan,nan,nan,nan,nan,nan,nan,nan,nan,nan,nan,nan,nan,nan,nan,nan,nan,nan,15.914211098966831,-19.08087778773437,0.0304850926870755,0.022315428213246048,0.022315428213246048,0.022315428213246048,15.883666473067983,-19.144317876507376,0.1013460819362516,0.03054462589884821,0.06344008877300666,-0.0708609892491761,0.07041036170072949,0.09989443844478733,0.01623988151550293,False,DISABLED,none,MODEL_ORIGIN_FRAME_NOT_ESTABLISHED,nan,nan,nan,nan,nan,nan,nan,nan,nan,nan,nan,nan,nan,NOT_EVALUATED,nan,nan,nan,nan,DISABLED,nan,nan,nan,nan,nan,nan
1791471063.8361568,1791471063.8627102,1791471063.8683264,1791471063.8683505,front_rgbd_red_sphere,True,True,True,,72.652,72.652,1791471063.8627102,1791471063.8618383,1791471063.8361568,1791471063.8361568,1791471063.8361568,0.0,1791471062.852166,1791471063.8521686,1791471063.8438308,1791471063.8521686,1791471063.8438308,1791471063.8521686,1791471062.852166,1791471063.8521686,1791471062.852166,1791471063.8521686,1791470991.184157,GAZEBO_CLOCK_SYSTEM_INTERPOLATION,MAPPED_EXACT,0,72.652,1791471063.8361568,0.0028734207153320312,0.0,RGB,0.0,0,1,0,UNCALIBRATED,PREPARATION,MID,TURNING,1.0,394,1.0,6.927017688751221,0.4303457736968994,nan,nan,False,0.0,0.0,0.0,0.0,0,0,0,0,0,0.0,0.0,0.0,0.0,0.0,0.0,0.0,0.0,0.0,0.0,0.0,0.0,0.0,0.0,6.29542309956181,2.2683197078186774,-1.7905164901931534,0.0,0.0,0.0,0.0,0.0,0.0,0.0,0.0,0.0,0.0,0.0,False,DISABLED,0,nan,nan,nan,nan,nan,nan,nan,nan,nan,nan,nan,nan,nan,nan,nan,nan,nan,nan,nan,nan,nan,nan,nan,nan,nan,nan,nan,nan,nan,nan,nan,nan,nan,nan,15.734944909970693,-18.990276750742932,0.0216715461293005,0.022281586040046483,0.022281586040046483,0.022281586040046483,15.697751462903986,-19.051184454867126,0.09198658370723506,0.037193447066707463,0.060907704124193884,-0.07031503757793456,0.07136596476181285,0.1001863535416409,0.02655339241027832,False,DISABLED,none,MODEL_ORIGIN_FRAME_NOT_ESTABLISHED,nan,nan,nan,nan,nan,nan,nan,nan,nan,nan,nan,nan,nan,NOT_EVALUATED,nan,nan,nan,nan,DISABLED,nan,nan,nan,nan,nan,nan
1791471063.8841596,1791471063.9015405,1791471063.9048808,1791471063.9048998,front_rgbd_red_sphere,True,True,True,,72.7,72.7,1791471063.9015405,1791471063.9005048,1791471063.8841596,1791471063.8841596,1791471063.8841596,0.0,1791471062.8921804,1791471063.8921936,1791471063.883831,1791471063.8921936,1791471063.883831,1791471063.8921936,1791471062.8921804,1791471063.8921936,1791471062.8921804,1791471063.8921936,1791470991.1841595,GAZEBO_CLOCK_SYSTEM_INTERPOLATION,MAPPED_EXACT,0,72.7,1791471063.8841596,0.0016133785247802734,0.0,RGB,0.0,0,1,0,UNCALIBRATED,PREPARATION,MID,TURNING,1.0,395,1.0,6.925731182098389,0.43456733226776123,nan,nan,False,0.0,0.0,0.0,0.0,0,0,0,0,0,0.0,0.0,0.0,0.0,0.0,0.0,0.0,0.0,0.0,0.0,0.0,0.0,0.0,0.0,6.282000322809463,2.3134265869042134,-1.7749033983806326,0.0,0.0,0.0,0.0,0.0,0.0,0.0,0.0,0.0,0.0,0.0,False,DISABLED,0,nan,nan,nan,nan,nan,nan,nan,nan,nan,nan,nan,nan,nan,nan,nan,nan,nan,nan,nan,nan,nan,nan,nan,nan,nan,nan,nan,nan,nan,nan,nan,nan,nan,nan,15.558499728805739,-18.895781021131167,0.0125306553393561,0.022277745195745907,0.022277745195745907,0.022277745195745907,15.52805971404054,-18.961278891490057,0.0828108750192158,0.030440014765199308,0.06549787035888954,-0.0702802196798597,0.07222579539510418,0.10077636031681632,0.017380952835083008,False,DISABLED,none,MODEL_ORIGIN_FRAME_NOT_ESTABLISHED,nan,nan,nan,nan,nan,nan,nan,nan,nan,nan,nan,nan,nan,NOT_EVALUATED,nan,nan,nan,nan,DISABLED,nan,nan,nan,nan,nan,nan
1791471063.9361567,1791471063.9506624,1791471063.9635324,1791471063.9635677,front_rgbd_red_sphere,True,True,True,,72.752,72.752,1791471063.9506624,1791471063.9498787,1791471063.9361567,1791471063.9361567,1791471063.9361567,0.0,1791471062.948166,1791471063.9481683,1791471063.939831,1791471063.9481683,1791471063.943831,1791471063.9521646,1791471062.948166,1791471063.9481683,1791471062.932158,1791471063.9521646,1791470991.1841567,GAZEBO_CLOCK_SYSTEM_INTERPOLATION,MAPPED_EXACT,0,72.752,1791471063.9361567,0.0016140937805175781,0.0,RGB,0.0,0,1,0,UNCALIBRATED,PREPARATION,MID,TURNING,1.0,399,1.0,6.913601875305176,0.43949905037879944,nan,nan,False,0.0,0.0,0.0,0.0,0,0,0,0,0,0.0,0.0,0.0,0.0,0.0,0.0,0.0,0.0,0.0,0.0,0.0,0.0,0.0,0.0,6.256567279338555,2.3504368755871954,-1.7688145263443213,0.0,0.0,0.0,0.0,0.0,0.0,0.0,0.0,0.0,0.0,0.0,False,DISABLED,0,nan,nan,nan,nan,nan,nan,nan,nan,nan,nan,nan,nan,nan,nan,nan,nan,nan,nan,nan,nan,nan,nan,nan,nan,nan,nan,nan,nan,nan,nan,nan,nan,nan,nan,15.38416009140732,-18.797258636537606,0.0028711389751779337,0.02224155242718775,0.02224155242718775,0.02224155242718775,15.346595372780461,-18.85951936695874,0.07232611971113496,0.03756471862685906,0.06226073042113356,-0.06945498073595703,0.07271524350566501,0.1005559594808797,0.014505624771118164,False,DISABLED,none,MODEL_ORIGIN_FRAME_NOT_ESTABLISHED,nan,nan,nan,nan,nan,nan,nan,nan,nan,nan,nan,nan,nan,NOT_EVALUATED,nan,nan,nan,nan,DISABLED,nan,nan,nan,nan,nan,nan
1791471063.9841616,1791471064.0104227,1791471064.0150433,1791471064.0150647,front_rgbd_red_sphere,True,True,True,,72.8,72.8,1791471064.0104227,1791471064.0003219,1791471063.9841616,1791471063.9841616,1791471063.9841616,0.0,1791471062.9921725,1791471063.9881766,1791471063.979831,1791471063.9881766,1791471063.983831,1791471063.992202,1791471062.9881704,1791471063.9881766,1791471062.9921725,1791471063.992202,1791470991.1841617,GAZEBO_CLOCK_SYSTEM_INTERPOLATION,MAPPED_EXACT,0,72.8,1791471063.9841616,0.002642393112182617,0.0,RGB,0.0,0,1,0,UNCALIBRATED,PREPARATION,MID,TURNING,1.0,405,1.0,6.912311553955078,0.44350460171699524,nan,nan,False,0.0,0.0,0.0,0.0,0,0,0,0,0,0.0,0.0,0.0,0.0,0.0,0.0,0.0,0.0,0.0,0.0,0.0,0.0,0.0,0.0,6.243568849090614,2.392004029134808,-1.753915334837571,0.0,0.0,0.0,0.0,0.0,0.0,0.0,0.0,0.0,0.0,0.0,False,DISABLED,0,nan,nan,nan,nan,nan,nan,nan,nan,nan,nan,nan,nan,nan,nan,nan,nan,nan,nan,nan,nan,nan,nan,nan,nan,nan,nan,nan,nan,nan,nan,nan,nan,nan,nan,15.211447825054208,-18.694470699398227,-0.007625515868030008,0.02223770428538652,0.02223770428538652,0.02223770428538652,15.181352618721021,-18.761946528475946,0.06223780872109545,0.030095206333186297,0.06747582907771843,-0.06986332458912546,0.0738830762351063,0.10168378964519384,0.026261091232299805,False,DISABLED,none,MODEL_ORIGIN_FRAME_NOT_ESTABLISHED,nan,nan,nan,nan,nan,nan,nan,nan,nan,nan,nan,nan,nan,NOT_EVALUATED,nan,nan,nan,nan,DISABLED,nan,nan,nan,nan,nan,nan
1791471064.0361643,1791471064.0709684,1791471064.0750372,1791471064.075057,front_rgbd_red_sphere,True,True,True,,72.852,72.852,1791471064.0709684,1791471064.0600858,1791471064.0361643,1791471064.0361643,1791471064.0361643,0.0,1791471063.05217,1791471064.0521762,1791471064.0438309,1791471064.0521762,1791471064.0438309,1791471064.0521762,1791471063.05217,1791471064.0521762,1791471063.05217,1791471064.0521762,1791470991.1841643,GAZEBO_CLOCK_SYSTEM_INTERPOLATION,MAPPED_EXACT,0,72.852,1791471064.0361643,0.003094196319580078,0.0,RGB,0.0,0,1,0,UNCALIBRATED,PREPARATION,MID,TURNING,1.0,408,1.0,6.9003005027771,0.4481431245803833,nan,nan,False,0.0,0.0,0.0,0.0,0,0,0,0,0,0.0,0.0,0.0,0.0,0.0,0.0,0.0,0.0,0.0,0.0,0.0,0.0,0.0,0.0,6.218918136368738,2.426117170248771,-1.747329553574242,0.0,0.0,0.0,0.0,0.0,0.0,0.0,0.0,0.0,0.0,0.0,False,DISABLED,0,nan,nan,nan,nan,nan,nan,nan,nan,nan,nan,nan,nan,nan,nan,nan,nan,nan,nan,nan,nan,nan,nan,nan,nan,nan,nan,nan,nan,nan,nan,nan,nan,nan,nan,15.041691445182373,-18.587502323980313,-0.01818321823984176,0.022201895691025132,0.022201895691025132,0.022201895691025132,15.004837547484767,-18.652088090542854,0.050900113869772105,0.03685389769760583,0.06458576656254067,-0.06908333210961387,0.07436081641547915,0.10149895464163067,0.03480410575866699,False,DISABLED,none,MODEL_ORIGIN_FRAME_NOT_ESTABLISHED,nan,nan,nan,nan,nan,nan,nan,nan,nan,nan,nan,nan,nan,NOT_EVALUATED,nan,nan,nan,nan,DISABLED,nan,nan,nan,nan,nan,nan
1791471064.0841687,1791471064.1149163,1791471064.1185074,1791471064.1185281,front_rgbd_red_sphere,True,True,True,,72.9,72.9,1791471064.1149163,1791471064.1140015,1791471064.0841687,1791471064.0841687,1791471064.0841687,0.0,1791471063.0722442,1791471064.0921733,1791471064.0838308,1791471064.0921733,1791471064.0838308,1791471064.0921733,1791471063.0681634,1791471064.0921733,1791471063.0722442,1791471064.0921733,1791470991.1841686,GAZEBO_CLOCK_SYSTEM_INTERPOLATION,MAPPED_EXACT,0,72.9,1791471064.0841687,0.0030202865600585938,0.0,RGB,0.0,0,1,0,UNCALIBRATED,PREPARATION,MID,TURNING,1.0,410,1.0,6.898728370666504,0.452122300863266,nan,nan,False,0.0,0.0,0.0,0.0,0,0,0,0,0,0.0,0.0,0.0,0.0,0.0,0.0,0.0,0.0,0.0,0.0,0.0,0.0,0.0,0.0,6.205557654381499,2.4649673823050913,-1.7341985578081776,0.0,0.0,0.0,0.0,0.0,0.0,0.0,0.0,0.0,0.0,0.0,False,DISABLED,0,nan,nan,nan,nan,nan,nan,nan,nan,nan,nan,nan,nan,nan,nan,nan,nan,nan,nan,nan,nan,nan,nan,nan,nan,nan,nan,nan,nan,nan,nan,nan,nan,nan,nan,14.874566090290298,-18.477322798241538,-0.029227774456484334,0.022197211030957984,0.022197211030957984,0.022197211030957984,14.84412833939699,-18.54713557711777,0.040138092873319965,0.03043775089330758,0.0698127788762335,-0.06936586732980429,0.0761595744070627,0.1030140976967761,0.030747652053833008,False,DISABLED,none,MODEL_ORIGIN_FRAME_NOT_ESTABLISHED,nan,nan,nan,nan,nan,nan,nan,nan,nan,nan,nan,nan,nan,NOT_EVALUATED,nan,nan,nan,nan,DISABLED,nan,nan,nan,nan,nan,nan
1791471064.136161,1791471064.1619608,1791471064.1667917,1791471064.166819,front_rgbd_red_sphere,True,True,True,,72.952,72.952,1791471064.1527433,1791471064.1619608,1791471064.136161,1791471064.136161,1791471064.136161,0.0,1791471063.1521728,1791471064.1481802,1791471064.1398308,1791471064.1481802,1791471064.143831,1791471064.1521738,1791471063.1481674,1791471064.1481802,1791471063.1521728,1791471064.1521738,1791470991.1841612,GAZEBO_CLOCK_SYSTEM_INTERPOLATION,MAPPED_EXACT,0,72.952,1791471064.136161,0.0021598339080810547,0.0,RGB,0.0,0,1,0,UNCALIBRATED,PREPARATION,MID,TURNING,1.0,413,1.0,6.886463165283203,0.4562132656574249,nan,nan,False,0.0,0.0,0.0,0.0,0,0,0,0,0,0.0,0.0,0.0,0.0,0.0,0.0,0.0,0.0,0.0,0.0,0.0,0.0,0.0,0.0,6.182165067112514,2.495705657273276,-1.7250105635380493,0.0,0.0,0.0,0.0,0.0,0.0,0.0,0.0,0.0,0.0,0.0,False,DISABLED,0,nan,nan,nan,nan,nan,nan,nan,nan,nan,nan,nan,nan,nan,nan,nan,nan,nan,nan,nan,nan,nan,nan,nan,nan,nan,nan,nan,nan,nan,nan,nan,nan,nan,nan,14.709640015044403,-18.363518897610717,-0.04060097004417956,0.02216067815987519,0.02216067815987519,0.02216067815987519,14.672490437093412,-18.429401914851486,0.028205693106761864,0.037149577950991386,0.06588301724076828,-0.06880666315094143,0.07563506529834,0.10224979215945272,0.02579975128173828,False,DISABLED,none,MODEL_ORIGIN_FRAME_NOT_ESTABLISHED,nan,nan,nan,nan,nan,nan,nan,nan,nan,nan,nan,nan,nan,NOT_EVALUATED,nan,nan,nan,nan,DISABLED,nan,nan,nan,nan,nan,nan
1791471064.1841571,1791471064.1992176,1791471064.2039106,1791471064.203945,front_rgbd_red_sphere,True,True,True,,73.0,73.0,1791471064.1992176,1791471064.1981976,1791471064.1841571,1791471064.1841571,1791471064.1841571,0.0,1791471063.1881695,1791471064.1881704,1791471064.179831,1791471064.1881704,1791471064.183831,1791471064.1921678,1791471063.1881695,1791471064.1881704,1791471063.1721604,1791471064.1921678,1791470991.1841571,GAZEBO_CLOCK_SYSTEM_INTERPOLATION,MAPPED_EXACT,0,73.0,1791471064.1841571,0.003231048583984375,0.0,RGB,0.0,0,1,0,UNCALIBRATED,PREPARATION,MID,TURNING,1.0,414,1.0,6.885020732879639,0.4592280387878418,nan,nan,False,0.0,0.0,0.0,0.0,0,0,0,0,0,0.0,0.0,0.0,0.0,0.0,0.0,0.0,0.0,0.0,0.0,0.0,0.0,0.0,0.0,6.171697857706648,2.5321970421146243,-1.7034190169368555,0.0,0.0,0.0,0.0,0.0,0.0,0.0,0.0,0.0,0.0,0.0,False,DISABLED,0,nan,nan,nan,nan,nan,nan,nan,nan,nan,nan,nan,nan,nan,nan,nan,nan,nan,nan,nan,nan,nan,nan,nan,nan,nan,nan,nan,nan,nan,nan,nan,nan,nan,nan,14.546731830884818,-18.246326457265766,-0.051956833393240254,0.022156384689236516,0.022156384689236516,0.022156384689236516,14.51653124369236,-18.31749773046777,0.01703684735507262,0.030200587192458883,0.07117127320200467,-0.06899368074831287,0.07731381245265104,0.10362216741201574,0.0150604248046875,False,DISABLED,none,MODEL_ORIGIN_FRAME_NOT_ESTABLISHED,nan,nan,nan,nan,nan,nan,nan,nan,nan,nan,nan,nan,nan,NOT_EVALUATED,nan,nan,nan,nan,DISABLED,nan,nan,nan,nan,nan,nan
1791471064.2361648,1791471064.2633517,1791471064.266734,1791471064.2667544,front_rgbd_red_sphere,True,True,True,,73.052,73.052,1791471064.2633517,1791471064.2628646,1791471064.2361648,1791471064.2361648,1791471064.2361648,0.0,1791471063.2321844,1791471064.2521677,1791471064.243831,1791471064.2521677,1791471064.243831,1791471064.2521677,1791471063.2281637,1791471064.2521677,1791471063.2321844,1791471064.2521677,1791470991.1841648,GAZEBO_CLOCK_SYSTEM_INTERPOLATION,MAPPED_EXACT,0,73.052,1791471064.2361648,0.003382444381713867,0.0,RGB,0.0,0,1,0,UNCALIBRATED,PREPARATION,MID,TURNING,1.0,423,1.0,6.872833251953125,0.4625263512134552,nan,nan,False,0.0,0.0,0.0,0.0,0,0,0,0,0,0.0,0.0,0.0,0.0,0.0,0.0,0.0,0.0,0.0,0.0,0.0,0.0,0.0,0.0,6.150691568632778,2.560877698965656,-1.6872279365493732,0.0,0.0,0.0,0.0,0.0,0.0,0.0,0.0,0.0,0.0,0.0,False,DISABLED,0,nan,nan,nan,nan,nan,nan,nan,nan,nan,nan,nan,nan,nan,nan,nan,nan,nan,nan,nan,nan,nan,nan,nan,nan,nan,nan,nan,nan,nan,nan,nan,nan,nan,nan,14.38663294022519,-18.12549286066149,-0.06328946247649098,0.022120117448507667,0.022120117448507667,0.022120117448507667,14.350243827365272,-18.192552489508962,0.004824359568598583,0.036389112859918527,0.06705962884747407,-0.06811382204508956,0.076296535674255,0.10227733917873987,0.027186870574951172,False,DISABLED,none,MODEL_ORIGIN_FRAME_NOT_ESTABLISHED,nan,nan,nan,nan,nan,nan,nan,nan,nan,nan,nan,nan,nan,NOT_EVALUATED,nan,nan,nan,nan,DISABLED,nan,nan,nan,nan,nan,nan
1791471064.284157,1791471064.3020747,1791471064.3053062,1791471064.3053246,front_rgbd_red_sphere,True,True,True,,73.1,73.1,1791471064.3020747,1791471064.3006406,1791471064.284157,1791471064.284157,1791471064.284157,0.0,1791471063.2921689,1791471064.2921734,1791471064.283831,1791471064.2921734,1791471064.283831,1791471064.2921734,1791471063.2921689,1791471064.2921734,1791471063.2921689,1791471064.2921734,1791470991.1841571,GAZEBO_CLOCK_SYSTEM_INTERPOLATION,MAPPED_EXACT,0,73.1,1791471064.284157,0.0021181106567382812,0.0,RGB,0.0,0,1,0,UNCALIBRATED,PREPARATION,MID,TURNING,1.0,422,1.0,6.871560096740723,0.46539464592933655,nan,nan,False,0.0,0.0,0.0,0.0,0,0,0,0,0,0.0,0.0,0.0,0.0,0.0,0.0,0.0,0.0,0.0,0.0,0.0,0.0,0.0,0.0,6.1407321332869165,2.594856895413202,-1.6662728048375275,0.0,0.0,0.0,0.0,0.0,0.0,0.0,0.0,0.0,0.0,0.0,False,DISABLED,0,nan,nan,nan,nan,nan,nan,nan,nan,nan,nan,nan,nan,nan,nan,nan,nan,nan,nan,nan,nan,nan,nan,nan,nan,nan,nan,nan,nan,nan,nan,nan,nan,nan,nan,14.229458958034176,-18.001549893741988,-0.07456082818579718,0.022116330044134647,0.022116330044134647,0.022116330044134647,14.199122231367408,-18.074087958246857,-0.006479770731654135,0.030336726666767788,0.07253806450486877,-0.06808105745414304,0.07862625380219182,0.10400537568337999,0.017917633056640625,False,DISABLED,none,MODEL_ORIGIN_FRAME_NOT_ESTABLISHED,nan,nan,nan,nan,nan,nan,nan,nan,nan,nan,nan,nan,nan,NOT_EVALUATED,nan,nan,nan,nan,DISABLED,nan,nan,nan,nan,nan,nan
1791471064.3361578,1791471064.3541145,1791471064.3614564,1791471064.3614826,front_rgbd_red_sphere,True,True,True,,73.152,73.152,1791471064.3541145,1791471064.3529685,1791471064.3361578,1791471064.3361578,1791471064.3361578,0.0,1791471063.3321662,1791471064.3481688,1791471064.3398309,1791471064.3481688,1791471064.3438308,1791471064.3521712,1791471063.3321662,1791471064.3481688,1791471063.3321662,1791471064.3521712,1791470991.1841578,GAZEBO_CLOCK_SYSTEM_INTERPOLATION,MAPPED_EXACT,0,73.152,1791471064.3361578,0.0015420913696289062,0.0,RGB,0.0,0,1,0,UNCALIBRATED,PREPARATION,MID,TURNING,1.0,431,1.0,6.8601155281066895,0.4685754179954529,nan,nan,False,0.0,0.0,0.0,0.0,0,0,0,0,0,0.0,0.0,0.0,0.0,0.0,0.0,0.0,0.0,0.0,0.0,0.0,0.0,0.0,0.0,6.120681159165873,2.618443434797997,-1.6559591330271015,0.0,0.0,0.0,0.0,0.0,0.0,0.0,0.0,0.0,0.0,0.0,False,DISABLED,0,nan,nan,nan,nan,nan,nan,nan,nan,nan,nan,nan,nan,nan,nan,nan,nan,nan,nan,nan,nan,nan,nan,nan,nan,nan,nan,nan,nan,nan,nan,nan,nan,nan,nan,14.07507556750847,-17.874350635291012,-0.08550266719983929,0.02208230323491102,0.02208230323491102,0.02208230323491102,14.038262730526112,-17.942388396164805,-0.018673696455660048,0.03681283698235838,0.06803776087379276,-0.06682897074417923,0.07735839884207207,0.10222736034025069,0.01795673370361328,False,DISABLED,none,MODEL_ORIGIN_FRAME_NOT_ESTABLISHED,nan,nan,nan,nan,nan,nan,nan,nan,nan,nan,nan,nan,nan,NOT_EVALUATED,nan,nan,nan,nan,DISABLED,nan,nan,nan,nan,nan,nan
1791471064.3841572,1791471064.4028141,1791471064.4088027,1791471064.4088383,front_rgbd_red_sphere,True,True,True,,73.2,73.2,1791471064.4028141,1791471064.4012735,1791471064.3841572,1791471064.3841572,1791471064.3841572,0.0,1791471063.3721676,1791471064.388166,1791471064.3798308,1791471064.388166,1791471064.383831,1791471064.3921685,1791471063.3721676,1791471064.388166,1791471063.3721676,1791471064.3921685,1791470991.1841571,GAZEBO_CLOCK_SYSTEM_INTERPOLATION,MAPPED_EXACT,0,73.2,1791471064.3841572,0.0030317306518554688,0.0,RGB,0.0,0,1,0,UNCALIBRATED,PREPARATION,MID,TURNING,1.0,421,1.0,6.859446048736572,0.4710167646408081,nan,nan,False,0.0,0.0,0.0,0.0,0,0,0,0,0,0.0,0.0,0.0,0.0,0.0,0.0,0.0,0.0,0.0,0.0,0.0,0.0,0.0,0.0,6.112502953102384,2.6464745640790035,-1.638744346541048,0.0,0.0,0.0,0.0,0.0,0.0,0.0,0.0,0.0,0.0,0.0,False,DISABLED,0,nan,nan,nan,nan,nan,nan,nan,nan,nan,nan,nan,nan,nan,nan,nan,nan,nan,nan,nan,nan,nan,nan,nan,nan,nan,nan,nan,nan,nan,nan,nan,nan,nan,nan,13.923357694005418,-17.74405651862986,-0.09684572492283555,0.022080314317439627,0.022080314317439627,0.022080314317439627,13.892180197373724,-17.81790086630118,-0.029825784717011593,0.031177496631693558,0.07384434767131864,-0.06701994020582396,0.08015624728754364,0.10448299557542397,0.01865696907043457,False,DISABLED,none,MODEL_ORIGIN_FRAME_NOT_ESTABLISHED,nan,nan,nan,nan,nan,nan,nan,nan,nan,nan,nan,nan,nan,NOT_EVALUATED,nan,nan,nan,nan,DISABLED,nan,nan,nan,nan,nan,nan
1791471064.4361737,1791471064.4565265,1791471064.463331,1791471064.463353,front_rgbd_red_sphere,True,True,True,,73.252,73.252,1791471064.4565265,1791471064.4553788,1791471064.4361737,1791471064.4361737,1791471064.4361737,0.0,1791471063.4521701,1791471064.4521713,1791471064.443831,1791471064.4521713,1791471064.443831,1791471064.4521713,1791471063.4521701,1791471064.4521713,1791471063.4521701,1791471064.4521713,1791470991.1841736,GAZEBO_CLOCK_SYSTEM_INTERPOLATION,MAPPED_EXACT,0,73.252,1791471064.4361737,0.0023283958435058594,0.0,RGB,0.0,0,1,0,UNCALIBRATED,PREPARATION,MID,TURNING,1.0,430,1.0,6.848572254180908,0.47366225719451904,nan,nan,False,0.0,0.0,0.0,0.0,0,0,0,0,0,0.0,0.0,0.0,0.0,0.0,0.0,0.0,0.0,0.0,0.0,0.0,0.0,0.0,0.0,6.094570026777318,2.6649484776425965,-1.6300947805418813,0.0,0.0,0.0,0.0,0.0,0.0,0.0,0.0,0.0,0.0,0.0,False,DISABLED,0,nan,nan,nan,nan,nan,nan,nan,nan,nan,nan,nan,nan,nan,nan,nan,nan,nan,nan,nan,nan,nan,nan,nan,nan,nan,nan,nan,nan,nan,nan,nan,nan,nan,nan,13.774476753386978,-17.610868189907,-0.10768094928747723,0.02204801007467791,0.02204801007467791,0.02204801007467791,13.736795953235728,-17.67992110965998,-0.04170198104852392,0.03768080015125008,0.06905291975298056,-0.06597896823895331,0.07866478517386304,0.10267118717696232,0.020352840423583984,False,DISABLED,none,MODEL_ORIGIN_FRAME_NOT_ESTABLISHED,nan,nan,nan,nan,nan,nan,nan,nan,nan,nan,nan,nan,nan,NOT_EVALUATED,nan,nan,nan,nan,DISABLED,nan,nan,nan,nan,nan,nan
1791471064.484156,1791471064.499618,1791471064.5047972,1791471064.5048351,front_rgbd_red_sphere,True,True,True,,73.3,73.3,1791471064.499618,1791471064.4970956,1791471064.484156,1791471064.484156,1791471064.484156,0.0,1791471063.4721606,1791471064.492171,1791471064.483831,1791471064.492171,1791471064.483831,1791471064.492171,1791471063.4681618,1791471064.492171,1791471063.4721606,1791471064.492171,1791470991.184156,GAZEBO_CLOCK_SYSTEM_INTERPOLATION,MAPPED_EXACT,0,73.3,1791471064.484156,0.003732919692993164,0.0,RGB,0.0,0,1,0,UNCALIBRATED,PREPARATION,MID,TURNING,1.0,435,1.0,6.848562717437744,0.4757417142391205,nan,nan,False,0.0,0.0,0.0,0.0,0,0,0,0,0,0.0,0.0,0.0,0.0,0.0,0.0,0.0,0.0,0.0,0.0,0.0,0.0,0.0,0.0,6.088052105726792,2.688865708208626,-1.6150641945264632,0.0,0.0,0.0,0.0,0.0,0.0,0.0,0.0,0.0,0.0,0.0,False,DISABLED,0,nan,nan,nan,nan,nan,nan,nan,nan,nan,nan,nan,nan,nan,nan,nan,nan,nan,nan,nan,nan,nan,nan,nan,nan,nan,nan,nan,nan,nan,nan,nan,nan,nan,nan,13.628353489610227,-17.475271586943002,-0.11862258689429067,0.022047981108046604,0.022047981108046604,0.022047981108046604,13.595343081909805,-17.549431573106833,-0.0524611997891767,0.03301040770042185,0.07415998616383135,-0.06616138710511396,0.08117506122182926,0.10472210706455665,0.015462160110473633,False,DISABLED,none,MODEL_ORIGIN_FRAME_NOT_ESTABLISHED,nan,nan,nan,nan,nan,nan,nan,nan,nan,nan,nan,nan,nan,NOT_EVALUATED,nan,nan,nan,nan,DISABLED,nan,nan,nan,nan,nan,nan
1791471064.5361648,1791471064.559299,1791471064.562976,1791471064.562998,front_rgbd_red_sphere,True,True,True,,73.352,73.352,1791471064.559299,1791471064.5564542,1791471064.5361648,1791471064.5361648,1791471064.5361648,0.0,1791471063.5521698,1791471064.548184,1791471064.539831,1791471064.548184,1791471064.5438309,1791471064.5521708,1791471063.532158,1791471064.548184,1791471063.5521698,1791471064.5521708,1791470991.1841648,GAZEBO_CLOCK_SYSTEM_INTERPOLATION,MAPPED_EXACT,0,73.352,1791471064.5361648,0.0033919811248779297,0.0,RGB,0.0,0,1,0,UNCALIBRATED,PREPARATION,MID,TURNING,1.0,431,1.0,6.838240623474121,0.47765296697616577,nan,nan,False,0.0,0.0,0.0,0.0,0,0,0,0,0,0.0,0.0,0.0,0.0,0.0,0.0,0.0,0.0,0.0,0.0,0.0,0.0,0.0,0.0,6.07287931115959,2.7022935852177423,-1.6060136136832122,0.0,0.0,0.0,0.0,0.0,0.0,0.0,0.0,0.0,0.0,0.0,False,DISABLED,0,nan,nan,nan,nan,nan,nan,nan,nan,nan,nan,nan,nan,nan,nan,nan,nan,nan,nan,nan,nan,nan,nan,nan,nan,nan,nan,nan,nan,nan,nan,nan,nan,nan,nan,13.48501980192218,-17.336932278647026,-0.1293820690701581,0.022017338187385233,0.022017338187385233,0.022017338187385233,13.44525167990565,-17.40543616301455,-0.06374176459696808,0.039768122016528906,0.06850388436752297,-0.06564030447319001,0.07921038885247622,0.1028733943908413,0.023134231567382812,False,DISABLED,none,MODEL_ORIGIN_FRAME_NOT_ESTABLISHED,nan,nan,nan,nan,nan,nan,nan,nan,nan,nan,nan,nan,nan,NOT_EVALUATED,nan,nan,nan,nan,DISABLED,nan,nan,nan,nan,nan,nan
1791471064.5841634,1791471064.5985663,1791471064.6052198,1791471064.6052434,front_rgbd_red_sphere,True,True,True,,73.4,73.4,1791471064.5985663,1791471064.5971792,1791471064.5841634,1791471064.5841634,1791471064.5841634,0.0,1791471063.5921752,1791471064.5881667,1791471064.579831,1791471064.5881667,1791471064.5838308,1791471064.59218,1791471063.572161,1791471064.5881667,1791471063.5921752,1791471064.59218,1791470991.1841633,GAZEBO_CLOCK_SYSTEM_INTERPOLATION,MAPPED_EXACT,0,73.4,1791471064.5841634,0.0036971569061279297,0.0,RGB,0.0,0,1,0,UNCALIBRATED,PREPARATION,MID,TURNING,1.0,436,1.0,6.839132785797119,0.4787948727607727,nan,nan,False,0.0,0.0,0.0,0.0,0,0,0,0,0,0.0,0.0,0.0,0.0,0.0,0.0,0.0,0.0,0.0,0.0,0.0,0.0,0.0,0.0,6.070077568893589,2.7219867404914737,-1.587035707244513,0.0,0.0,0.0,0.0,0.0,0.0,0.0,0.0,0.0,0.0,0.0,False,DISABLED,0,nan,nan,nan,nan,nan,nan,nan,nan,nan,nan,nan,nan,nan,nan,nan,nan,nan,nan,nan,nan,nan,nan,nan,nan,nan,nan,nan,nan,nan,nan,nan,nan,nan,nan,13.34387737104613,-17.195767505380044,-0.140077199947985,0.022019985875804723,0.022019985875804723,0.022019985875804723,13.30918255847572,-17.270078743890334,-0.07378631479685872,0.034694812570409184,0.07431123851029042,-0.06629088515112629,0.08201152472810815,0.10545317274671685,0.01440286636352539,False,DISABLED,none,MODEL_ORIGIN_FRAME_NOT_ESTABLISHED,nan,nan,nan,nan,nan,nan,nan,nan,nan,nan,nan,nan,nan,NOT_EVALUATED,nan,nan,nan,nan,DISABLED,nan,nan,nan,nan,nan,nan
1791471064.6361575,1791471064.664602,1791471064.669494,1791471064.6695154,front_rgbd_red_sphere,True,True,True,,73.452,73.452,1791471064.664602,1791471064.653274,1791471064.6361575,1791471064.6361575,1791471064.6361575,0.0,1791471063.6321607,1791471064.6521645,1791471064.643831,1791471064.6521645,1791471064.643831,1791471064.6521645,1791471063.628161,1791471064.6521645,1791471063.6321607,1791471064.6521645,1791470991.1841576,GAZEBO_CLOCK_SYSTEM_INTERPOLATION,MAPPED_EXACT,0,73.452,1791471064.6361575,0.0010046958923339844,0.0,RGB,0.0,0,1,0,UNCALIBRATED,PREPARATION,MID,TURNING,1.0,441,1.0,6.829728603363037,0.479908287525177,nan,nan,False,0.0,0.0,0.0,0.0,0,0,0,0,0,0.0,0.0,0.0,0.0,0.0,0.0,0.0,0.0,0.0,0.0,0.0,0.0,0.0,0.0,6.058223977191311,2.7312464995286305,-1.5758837958958722,0.0,0.0,0.0,0.0,0.0,0.0,0.0,0.0,0.0,0.0,0.0,False,DISABLED,0,nan,nan,nan,nan,nan,nan,nan,nan,nan,nan,nan,nan,nan,nan,nan,nan,nan,nan,nan,nan,nan,nan,nan,nan,nan,nan,nan,nan,nan,nan,nan,nan,nan,nan,13.205790394159898,-17.052241395619845,-0.15012372385872647,0.0219920855099512,0.0219920855099512,0.0219920855099512,13.164604087499693,-17.120773905542038,-0.08417601837607493,0.04118630666020451,0.06853250992219273,-0.06594770548265154,0.07995634291626807,0.10364418281297991,0.028444528579711914,False,DISABLED,none,MODEL_ORIGIN_FRAME_NOT_ESTABLISHED,nan,nan,nan,nan,nan,nan,nan,nan,nan,nan,nan,nan,nan,NOT_EVALUATED,nan,nan,nan,nan,DISABLED,nan,nan,nan,nan,nan,nan
1791471064.684205,1791471064.700607,1791471064.7048488,1791471064.7048678,front_rgbd_red_sphere,True,True,True,,73.5,73.5,1791471064.700607,1791471064.698786,1791471064.684205,1791471064.684205,1791471064.684205,0.0,1791471063.6721616,1791471064.6921813,1791471064.683831,1791471064.6921813,1791471064.683831,1791471064.6921813,1791471063.668159,1791471064.6921813,1791471063.6721616,1791471064.6921813,1791470991.184205,GAZEBO_CLOCK_SYSTEM_INTERPOLATION,MAPPED_EXACT,0,73.5,1791471064.684205,0.0007939338684082031,0.0,RGB,0.0,0,1,0,UNCALIBRATED,PREPARATION,MID,TURNING,1.0,434,1.0,6.831392288208008,0.4805195927619934,nan,nan,False,0.0,0.0,0.0,0.0,0,0,0,0,0,0.0,0.0,0.0,0.0,0.0,0.0,0.0,0.0,0.0,0.0,0.0,0.0,0.0,0.0,6.057770395309278,2.746739828793698,-1.5578061088678308,0.0,0.0,0.0,0.0,0.0,0.0,0.0,0.0,0.0,0.0,0.0,False,DISABLED,0,nan,nan,nan,nan,nan,nan,nan,nan,nan,nan,nan,nan,nan,nan,nan,nan,nan,nan,nan,nan,nan,nan,nan,nan,nan,nan,nan,nan,nan,nan,nan,nan,nan,nan,13.070303613817167,-16.906211966562136,-0.16008829326745827,0.021997019965308267,0.021997019965308267,0.021997019965308267,13.033188347610915,-16.980262195265013,-0.09330867541453576,0.03711526620625172,0.07405022870287681,-0.06677961785292251,0.08283102894754653,0.1063978228963904,0.016402006149291992,False,DISABLED,none,MODEL_ORIGIN_FRAME_NOT_ESTABLISHED,nan,nan,nan,nan,nan,nan,nan,nan,nan,nan,nan,nan,nan,NOT_EVALUATED,nan,nan,nan,nan,DISABLED,nan,nan,nan,nan,nan,nan
1791471064.7361667,1791471064.7627494,1791471064.7660172,1791471064.7660365,front_rgbd_red_sphere,True,True,True,,73.552,73.552,1791471064.7627494,1791471064.7618675,1791471064.7361667,1791471064.7361667,1791471064.7361667,0.0,1791471063.7521694,1791471064.7481751,1791471064.7398598,1791471064.7481751,1791471064.74386,1791471064.752175,1791471063.7481728,1791471064.7481751,1791471063.7521694,1791471064.752175,1791470991.1841667,GAZEBO_CLOCK_SYSTEM_INTERPOLATION,MAPPED_EXACT,0,73.552,1791471064.7361667,0.002767801284790039,0.0,RGB,0.0,0,1,0,UNCALIBRATED,PREPARATION,MID,TURNING,1.0,442,1.0,6.822831153869629,0.48086071014404297,nan,nan,False,0.0,0.0,0.0,0.0,0,0,0,0,0,0.0,0.0,0.0,0.0,0.0,0.0,0.0,0.0,0.0,0.0,0.0,0.0,0.0,0.0,6.0491023878836225,2.7510880150026438,-1.546252639825295,0.0,0.0,0.0,0.0,0.0,0.0,0.0,0.0,0.0,0.0,0.0,False,DISABLED,0,nan,nan,nan,nan,nan,nan,nan,nan,nan,nan,nan,nan,nan,nan,nan,nan,nan,nan,nan,nan,nan,nan,nan,nan,nan,nan,nan,nan,nan,nan,nan,nan,nan,nan,12.937872307124728,-16.75793508610748,-0.16959406995659604,0.021971631741416284,0.021971631741416284,0.021971631741416284,12.894029105668007,-16.826041551202128,-0.10255429861073599,0.04384320145672049,0.06810646509464746,-0.06703977134586005,0.0809982524605501,0.10514298761100623,0.026582717895507812,False,DISABLED,none,MODEL_ORIGIN_FRAME_NOT_ESTABLISHED,nan,nan,nan,nan,nan,nan,nan,nan,nan,nan,nan,nan,nan,NOT_EVALUATED,nan,nan,nan,nan,DISABLED,nan,nan,nan,nan,nan,nan
1791471064.7841575,1791471064.802136,1791471064.8057816,1791471064.8058038,front_rgbd_red_sphere,True,True,True,,73.6,73.6,1791471064.802136,1791471064.8003159,1791471064.7841575,1791471064.7841575,1791471064.7841575,0.0,1791471063.772158,1791471064.7881663,1791471064.77986,1791471064.7881663,1791471064.78386,1791471064.7921646,1791471063.772158,1791471064.7881663,1791471063.772158,1791471064.7921646,1791470991.1841576,GAZEBO_CLOCK_SYSTEM_INTERPOLATION,MAPPED_EXACT,0,73.6,1791471064.7841575,0.0023114681243896484,0.0,RGB,0.0,0,1,0,UNCALIBRATED,PREPARATION,MID,TURNING,1.0,441,1.0,6.825535774230957,0.48048871755599976,nan,nan,False,0.0,0.0,0.0,0.0,0,0,0,0,0,0.0,0.0,0.0,0.0,0.0,0.0,0.0,0.0,0.0,0.0,0.0,0.0,0.0,0.0,6.052674458709487,2.7616105301562124,-1.5253122028791932,0.0,0.0,0.0,0.0,0.0,0.0,0.0,0.0,0.0,0.0,0.0,False,DISABLED,0,nan,nan,nan,nan,nan,nan,nan,nan,nan,nan,nan,nan,nan,nan,nan,nan,nan,nan,nan,nan,nan,nan,nan,nan,nan,nan,nan,nan,nan,nan,nan,nan,nan,nan,12.807804697590491,-16.60717997099245,-0.1787160801442162,0.021979650998153324,0.021979650998153324,0.021979650998153324,12.76776763173187,-16.681377727893036,-0.11051188805295832,0.040037065858621546,0.07419775690058472,-0.06820419209125787,0.08431057923917891,0.10844392832458195,0.017978429794311523,False,DISABLED,none,MODEL_ORIGIN_FRAME_NOT_ESTABLISHED,nan,nan,nan,nan,nan,nan,nan,nan,nan,nan,nan,nan,nan,NOT_EVALUATED,nan,nan,nan,nan,DISABLED,nan,nan,nan,nan,nan,nan
1791471064.8361838,1791471064.858764,1791471064.865055,1791471064.8650746,front_rgbd_red_sphere,True,True,True,,73.652,73.652,1791471064.858764,1791471064.8556614,1791471064.8361838,1791471064.8361838,1791471064.8361838,0.0,1791471063.8521686,1791471064.8521817,1791471064.84386,1791471064.8521817,1791471064.84386,1791471064.8521817,1791471063.8521686,1791471064.8521817,1791471063.8521686,1791471064.8521817,1791470991.1841838,GAZEBO_CLOCK_SYSTEM_INTERPOLATION,MAPPED_EXACT,0,73.652,1791471064.8361838,0.0037636756896972656,0.0,RGB,0.0,0,1,0,UNCALIBRATED,PREPARATION,MID,TURNING,1.0,438,1.0,6.817753791809082,0.4799509346485138,nan,nan,False,0.0,0.0,0.0,0.0,0,0,0,0,0,0.0,0.0,0.0,0.0,0.0,0.0,0.0,0.0,0.0,0.0,0.0,0.0,0.0,0.0,6.04746740558421,2.7611069232098053,-1.51201622723003,0.0,0.0,0.0,0.0,0.0,0.0,0.0,0.0,0.0,0.0,0.0,False,DISABLED,0,nan,nan,nan,nan,nan,nan,nan,nan,nan,nan,nan,nan,nan,nan,nan,nan,nan,nan,nan,nan,nan,nan,nan,nan,nan,nan,nan,nan,nan,nan,nan,nan,nan,nan,12.680978816388695,-16.454125347361455,-0.18708755916649528,0.021956582693192072,0.021956582693192072,0.021956582693192072,12.633587241246902,-16.522239687467867,-0.11840767517276549,0.04739157514179304,0.06811434010641193,-0.06867988399372979,0.08297906195271294,0.10771467489596928,0.02258014678955078,False,DISABLED,none,MODEL_ORIGIN_FRAME_NOT_ESTABLISHED,nan,nan,nan,nan,nan,nan,nan,nan,nan,nan,nan,nan,nan,NOT_EVALUATED,nan,nan,nan,nan,DISABLED,nan,nan,nan,nan,nan,nan
1791471064.8841565,1791471064.9121268,1791471064.9173253,1791471064.917346,front_rgbd_red_sphere,True,True,True,,73.7,73.7,1791471064.9121268,1791471064.9004047,1791471064.8841565,1791471064.8841565,1791471064.8841565,0.0,1791471063.8721595,1791471064.8921642,1791471064.8838599,1791471064.8921642,1791471064.8838599,1791471064.8921642,1791471063.8681583,1791471064.8921642,1791471063.8721595,1791471064.8921642,1791470991.1841564,GAZEBO_CLOCK_SYSTEM_INTERPOLATION,MAPPED_EXACT,0,73.7,1791471064.8841565,0.00042319297790527344,0.0,RGB,0.0,0,1,0,UNCALIBRATED,PREPARATION,MID,TURNING,1.0,437,1.0,6.821540832519531,0.47902828454971313,nan,nan,False,0.0,0.0,0.0,0.0,0,0,0,0,0,0.0,0.0,0.0,0.0,0.0,0.0,0.0,0.0,0.0,0.0,0.0,0.0,0.0,0.0,6.053730002529018,2.767087792573249,-1.492981866485532,0.0,0.0,0.0,0.0,0.0,0.0,0.0,0.0,0.0,0.0,0.0,False,DISABLED,0,nan,nan,nan,nan,nan,nan,nan,nan,nan,nan,nan,nan,nan,nan,nan,nan,nan,nan,nan,nan,nan,nan,nan,nan,nan,nan,nan,nan,nan,nan,nan,nan,nan,nan,12.556470033527816,-16.298765449784685,-0.19489643097311665,0.02196780668254319,0.02196780668254319,0.02196780668254319,12.51225634169703,-16.373655611662475,-0.12500501561568117,0.044213691830785606,0.0748901618777893,-0.06989141535743548,0.08696773477209328,0.11157148754074551,0.027970314025878906,False,DISABLED,none,MODEL_ORIGIN_FRAME_NOT_ESTABLISHED,nan,nan,nan,nan,nan,nan,nan,nan,nan,nan,nan,nan,nan,NOT_EVALUATED,nan,nan,nan,nan,DISABLED,nan,nan,nan,nan,nan,nan
1791471064.9361587,1791471064.9512289,1791471064.9627237,1791471064.962764,front_rgbd_red_sphere,True,True,True,,73.752,73.752,1791471064.9512289,1791471064.949519,1791471064.9361587,1791471064.9361587,1791471064.9361587,0.0,1791471063.9521646,1791471064.9481697,1791471064.9398599,1791471064.9481697,1791471064.9438598,1791471064.9521744,1791471063.9481683,1791471064.9481697,1791471063.9521646,1791471064.9521744,1791470991.1841586,GAZEBO_CLOCK_SYSTEM_INTERPOLATION,MAPPED_EXACT,0,73.752,1791471064.9361587,0.0015590190887451172,0.0,RGB,0.0,0,1,0,UNCALIBRATED,PREPARATION,MID,TURNING,1.0,438,1.0,6.814690113067627,0.4777216911315918,nan,nan,False,0.0,0.0,0.0,0.0,0,0,0,0,0,0.0,0.0,0.0,0.0,0.0,0.0,0.0,0.0,0.0,0.0,0.0,0.0,0.0,0.0,6.051749573289246,2.760650899139301,-1.4815997959641192,0.0,0.0,0.0,0.0,0.0,0.0,0.0,0.0,0.0,0.0,0.0,False,DISABLED,0,nan,nan,nan,nan,nan,nan,nan,nan,nan,nan,nan,nan,nan,nan,nan,nan,nan,nan,nan,nan,nan,nan,nan,nan,nan,nan,nan,nan,nan,nan,nan,nan,nan,nan,12.434765736460303,-16.141628900278036,-0.20181800210241446,0.021947504945712182,0.021947504945712182,0.021947504945712182,12.38335270221531,-16.210455887232957,-0.1313327802661502,0.05141303424499277,0.06882698695492095,-0.07048522183626427,0.08590957003483174,0.11112434801103241,0.015070199966430664,False,DISABLED,none,MODEL_ORIGIN_FRAME_NOT_ESTABLISHED,nan,nan,nan,nan,nan,nan,nan,nan,nan,nan,nan,nan,nan,NOT_EVALUATED,nan,nan,nan,nan,DISABLED,nan,nan,nan,nan,nan,nan
1791471064.9841607,1791471065.0009017,1791471065.0049863,1791471065.0050068,front_rgbd_red_sphere,True,True,True,,73.8,73.8,1791471065.0009017,1791471064.9988894,1791471064.9841607,1791471064.9841607,1791471064.9841607,0.0,1791471063.972161,1791471064.9881737,1791471064.9798598,1791471064.9881737,1791471064.98386,1791471064.992176,1791471063.972161,1791471064.9881737,1791471063.972161,1791471064.992176,1791470991.1841607,GAZEBO_CLOCK_SYSTEM_INTERPOLATION,MAPPED_EXACT,0,73.8,1791471064.9841607,0.001180410385131836,0.0,RGB,0.0,0,1,0,UNCALIBRATED,PREPARATION,MID,TURNING,1.0,437,1.0,6.819245338439941,0.4759080708026886,nan,nan,False,0.0,0.0,0.0,0.0,0,0,0,0,0,0.0,0.0,0.0,0.0,0.0,0.0,0.0,0.0,0.0,0.0,0.0,0.0,0.0,0.0,6.06147094382177,2.760112374126211,-1.4637141420902409,0.0,0.0,0.0,0.0,0.0,0.0,0.0,0.0,0.0,0.0,0.0,False,DISABLED,0,nan,nan,nan,nan,nan,nan,nan,nan,nan,nan,nan,nan,nan,nan,nan,nan,nan,nan,nan,nan,nan,nan,nan,nan,nan,nan,nan,nan,nan,nan,nan,nan,nan,nan,12.315158153843196,-15.98266529750492,-0.20770096667243892,0.021961003766972104,0.021961003766972104,0.021961003766972104,12.266570867333366,-16.05794492045103,-0.13642119502660321,0.04858728650983046,0.07527962294610901,-0.07127977164583571,0.0895976899328141,0.11449258442003649,0.016741037368774414,False,DISABLED,none,MODEL_ORIGIN_FRAME_NOT_ESTABLISHED,nan,nan,nan,nan,nan,nan,nan,nan,nan,nan,nan,nan,nan,NOT_EVALUATED,nan,nan,nan,nan,DISABLED,nan,nan,nan,nan,nan,nan
1791471065.036156,1791471065.0614808,1791471065.0676358,1791471065.067657,front_rgbd_red_sphere,True,True,True,,73.852,73.852,1791471065.0614808,1791471065.0566394,1791471065.036156,1791471065.036156,1791471065.036156,0.0,1791471064.0321581,1791471065.0521739,1791471065.04386,1791471065.0521739,1791471065.04386,1791471065.0521739,1791471064.0281622,1791471065.0521739,1791471064.0321581,1791471065.0521739,1791470991.184156,GAZEBO_CLOCK_SYSTEM_INTERPOLATION,MAPPED_EXACT,0,73.852,1791471065.036156,0.006142854690551758,0.0,RGB,0.0,0,1,0,UNCALIBRATED,PREPARATION,MID,TURNING,1.0,434,1.0,6.81355094909668,0.47373712062835693,nan,nan,False,0.0,0.0,0.0,0.0,0,0,0,0,0,0.0,0.0,0.0,0.0,0.0,0.0,0.0,0.0,0.0,0.0,0.0,0.0,0.0,0.0,6.063171679966768,2.7484700868349963,-1.4520115525350978,0.0,0.0,0.0,0.0,0.0,0.0,0.0,0.0,0.0,0.0,0.0,False,DISABLED,0,nan,nan,nan,nan,nan,nan,nan,nan,nan,nan,nan,nan,nan,nan,nan,nan,nan,nan,nan,nan,nan,nan,nan,nan,nan,nan,nan,nan,nan,nan,nan,nan,nan,nan,12.19773019938206,-15.82115799147241,-0.21271595203310406,0.02194412909643137,0.02194412909643137,0.02194412909643137,12.14271347254262,-15.890909831902563,-0.14103202086095215,0.05501672683943859,0.06975184043015403,-0.07168393117215191,0.08883782682798512,0.1141522906638885,0.02532482147216797,False,DISABLED,none,MODEL_ORIGIN_FRAME_NOT_ESTABLISHED,nan,nan,nan,nan,nan,nan,nan,nan,nan,nan,nan,nan,nan,NOT_EVALUATED,nan,nan,nan,nan,DISABLED,nan,nan,nan,nan,nan,nan
1791471065.084173,1791471065.103315,1791471065.1088517,1791471065.108884,front_rgbd_red_sphere,True,True,True,,73.9,73.9,1791471065.103315,1791471065.1016014,1791471065.084173,1791471065.084173,1791471065.084173,0.0,1791471064.0921733,1791471065.0921843,1791471065.08386,1791471065.0921843,1791471065.08386,1791471065.0921843,1791471064.0921733,1791471065.0921843,1791471064.0921733,1791471065.0921843,1791470991.1841729,GAZEBO_CLOCK_SYSTEM_INTERPOLATION,MAPPED_EXACT,0,73.9,1791471065.084173,0.0034377574920654297,0.0,RGB,0.0,0,1,0,UNCALIBRATED,PREPARATION,MID,TURNING,1.0,436,1.0,6.8187689781188965,0.4713360071182251,nan,nan,False,0.0,0.0,0.0,0.0,0,0,0,0,0,0.0,0.0,0.0,0.0,0.0,0.0,0.0,0.0,0.0,0.0,0.0,0.0,0.0,0.0,6.075266811124664,2.7433652276394547,-1.4355095212995244,0.0,0.0,0.0,0.0,0.0,0.0,0.0,0.0,0.0,0.0,0.0,False,DISABLED,0,nan,nan,nan,nan,nan,nan,nan,nan,nan,nan,nan,nan,nan,nan,nan,nan,nan,nan,nan,nan,nan,nan,nan,nan,nan,nan,nan,nan,nan,nan,nan,nan,nan,nan,12.082760618635811,-15.658865000378324,-0.21661261803313797,0.021959590708850858,0.021959590708850858,0.021959590708850858,12.030596463477245,-15.735090007133325,-0.14447606028657886,0.05216415515856632,0.07622500675500099,-0.07213655774655911,0.09236531133605802,0.11719656011048099,0.01914215087890625,False,DISABLED,none,MODEL_ORIGIN_FRAME_NOT_ESTABLISHED,nan,nan,nan,nan,nan,nan,nan,nan,nan,nan,nan,nan,nan,NOT_EVALUATED,nan,nan,nan,nan,DISABLED,nan,nan,nan,nan,nan,nan
1791471065.1361632,1791471065.1560261,1791471065.1611915,1791471065.161213,front_rgbd_red_sphere,True,True,True,,73.952,73.952,1791471065.1560261,1791471065.15476,1791471065.1361632,1791471065.1361632,1791471065.1361632,0.0,1791471064.1481802,1791471065.148219,1791471065.13986,1791471065.148219,1791471065.1438599,1791471065.1521714,1791471064.1481802,1791471065.148219,1791471064.1321578,1791471065.1521714,1791470991.1841633,GAZEBO_CLOCK_SYSTEM_INTERPOLATION,MAPPED_EXACT,0,73.952,1791471065.1361632,0.0015742778778076172,0.0,RGB,0.0,0,1,0,UNCALIBRATED,PREPARATION,MID,TURNING,1.0,430,1.0,6.813992500305176,0.46862706542015076,nan,nan,False,0.0,0.0,0.0,0.0,0,0,0,0,0,0.0,0.0,0.0,0.0,0.0,0.0,0.0,0.0,0.0,0.0,0.0,0.0,0.0,0.0,6.079370841903109,2.725157386015267,-1.4301267555456345,0.0,0.0,0.0,0.0,0.0,0.0,0.0,0.0,0.0,0.0,0.0,False,DISABLED,0,nan,nan,nan,nan,nan,nan,nan,nan,nan,nan,nan,nan,nan,nan,nan,nan,nan,nan,nan,nan,nan,nan,nan,nan,nan,nan,nan,nan,nan,nan,nan,nan,nan,nan,11.969771646029836,-15.494792180027908,-0.21915425522591375,0.021945437674417593,0.021945437674417593,0.021945437674417593,11.911658600450881,-15.564549801584938,-0.14725566287253214,0.05811304557895447,0.0697576215570308,-0.07189859235338161,0.09079235557994719,0.11581303646029367,0.019862890243530273,False,DISABLED,none,MODEL_ORIGIN_FRAME_NOT_ESTABLISHED,nan,nan,nan,nan,nan,nan,nan,nan,nan,nan,nan,nan,nan,NOT_EVALUATED,nan,nan,nan,nan,DISABLED,nan,nan,nan,nan,nan,nan
1791471065.184163,1791471065.2073638,1791471065.210644,1791471065.2106633,front_rgbd_red_sphere,True,True,True,,74.0,74.0,1791471065.1988583,1791471065.2073638,1791471065.184163,1791471065.184163,1791471065.184163,0.0,1791471064.1921678,1791471065.1881936,1791471065.1798599,1791471065.1881936,1791471065.1838598,1791471065.192179,1791471064.1881704,1791471065.1881936,1791471064.1921678,1791471065.192179,1791470991.184163,GAZEBO_CLOCK_SYSTEM_INTERPOLATION,MAPPED_EXACT,0,74.0,1791471065.184163,0.0034224987030029297,0.0,RGB,0.0,0,1,0,UNCALIBRATED,PREPARATION,MID,TURNING,1.0,432,1.0,6.820219993591309,0.4655548632144928,nan,nan,False,0.0,0.0,0.0,0.0,0,0,0,0,0,0.0,0.0,0.0,0.0,0.0,0.0,0.0,0.0,0.0,0.0,0.0,0.0,0.0,0.0,6.094361894367305,2.713544815257011,-1.418037009094646,0.0,0.0,0.0,0.0,0.0,0.0,0.0,0.0,0.0,0.0,0.0,False,DISABLED,0,nan,nan,nan,nan,nan,nan,nan,nan,nan,nan,nan,nan,nan,nan,nan,nan,nan,nan,nan,nan,nan,nan,nan,nan,nan,nan,nan,nan,nan,nan,nan,nan,nan,nan,11.858784816600728,-15.329274465341111,-0.22105606545845985,0.021963892187988564,0.021963892187988564,0.021963892187988564,11.803928176277804,-15.405499483811106,-0.14897521342747985,0.05485664032292448,0.07622501846999441,-0.07208085203098,0.09391221660822245,0.11838561423493028,0.02320075035095215,False,DISABLED,none,MODEL_ORIGIN_FRAME_NOT_ESTABLISHED,nan,nan,nan,nan,nan,nan,nan,nan,nan,nan,nan,nan,nan,NOT_EVALUATED,nan,nan,nan,nan,DISABLED,nan,nan,nan,nan,nan,nan
1791471065.236158,1791471065.2655287,1791471065.270535,1791471065.2705684,front_rgbd_red_sphere,True,True,True,,74.052,74.052,1791471065.2655287,1791471065.2542431,1791471065.236158,1791471065.236158,1791471065.236158,0.0,1791471064.2521677,1791471065.2522018,1791471065.24386,1791471065.2522018,1791471065.24386,1791471065.2522018,1791471064.2521677,1791471065.2522018,1791471064.2521677,1791471065.2522018,1791470991.1841578,GAZEBO_CLOCK_SYSTEM_INTERPOLATION,MAPPED_EXACT,0,74.052,1791471065.236158,0.001667022705078125,0.0,RGB,0.0,0,1,0,UNCALIBRATED,PREPARATION,MID,TURNING,1.0,429,1.0,6.8157639503479,0.46224290132522583,nan,nan,False,0.0,0.0,0.0,0.0,0,0,0,0,0,0.0,0.0,0.0,0.0,0.0,0.0,0.0,0.0,0.0,0.0,0.0,0.0,0.0,0.0,6.100480397834792,2.6897517590562465,-1.4156321700912486,0.0,0.0,0.0,0.0,0.0,0.0,0.0,0.0,0.0,0.0,0.0,False,DISABLED,0,nan,nan,nan,nan,nan,nan,nan,nan,nan,nan,nan,nan,nan,nan,nan,nan,nan,nan,nan,nan,nan,nan,nan,nan,nan,nan,nan,nan,nan,nan,nan,nan,nan,nan,11.750264750375939,-15.162308125444785,-0.22147207510198713,0.021950686539701707,0.021950686539701707,0.021950686539701707,11.689723753293105,-15.231682641321626,-0.14985525758368143,0.06054099708283367,0.06937451587684151,-0.0716168175183057,0.09207624982008016,0.1166490648585753,0.029370784759521484,False,DISABLED,none,MODEL_ORIGIN_FRAME_NOT_ESTABLISHED,nan,nan,nan,nan,nan,nan,nan,nan,nan,nan,nan,nan,nan,NOT_EVALUATED,nan,nan,nan,nan,DISABLED,nan,nan,nan,nan,nan,nan
1791471065.2841606,1791471065.3072298,1791471065.3112986,1791471065.311319,front_rgbd_red_sphere,True,True,True,,74.1,74.1,1791471065.299991,1791471065.3072298,1791471065.2841606,1791471065.2841606,1791471065.2841606,0.0,1791471064.2721612,1791471065.2921686,1791471065.28386,1791471065.2921686,1791471065.28386,1791471065.2921686,1791471064.2681673,1791471065.2921686,1791471064.2721612,1791471065.2921686,1791470991.1841607,GAZEBO_CLOCK_SYSTEM_INTERPOLATION,MAPPED_EXACT,0,74.1,1791471065.2841606,0.003409147262573242,0.0,RGB,0.0,0,1,0,UNCALIBRATED,PREPARATION,MID,TURNING,1.0,424,1.0,6.8229660987854,0.4588499963283539,nan,nan,False,0.0,0.0,0.0,0.0,0,0,0,0,0,0.0,0.0,0.0,0.0,0.0,0.0,0.0,0.0,0.0,0.0,0.0,0.0,0.0,0.0,6.11721507175384,2.6734918056129393,-1.4088952311286236,0.0,0.0,0.0,0.0,0.0,0.0,0.0,0.0,0.0,0.0,0.0,False,DISABLED,0,nan,nan,nan,nan,nan,nan,nan,nan,nan,nan,nan,nan,nan,nan,nan,nan,nan,nan,nan,nan,nan,nan,nan,nan,nan,nan,nan,nan,nan,nan,nan,nan,nan,nan,11.643729796455908,-14.993803241225027,-0.22112842803425353,0.021972031974215035,0.021972031974215035,0.021972031974215035,11.58634514272628,-15.069798879449262,-0.149804549390745,0.057384653729627644,0.07599563822423505,-0.07132387864350853,0.09522780850559401,0.1189765992854562,0.023069143295288086,False,DISABLED,none,MODEL_ORIGIN_FRAME_NOT_ESTABLISHED,nan,nan,nan,nan,nan,nan,nan,nan,nan,nan,nan,nan,nan,NOT_EVALUATED,nan,nan,nan,nan,DISABLED,nan,nan,nan,nan,nan,nan
1791471065.3361552,1791471065.3531828,1791471065.3635094,1791471065.3635457,front_rgbd_red_sphere,True,True,True,,74.152,74.152,1791471065.3531828,1791471065.3514154,1791471065.3361552,1791471065.3361552,1791471065.3361552,0.0,1791471064.3521712,1791471065.3481693,1791471065.33986,1791471065.3481693,1791471065.34386,1791471065.3522017,1791471064.3481688,1791471065.3481693,1791471064.3521712,1791471065.3522017,1791470991.1841552,GAZEBO_CLOCK_SYSTEM_INTERPOLATION,MAPPED_EXACT,0,74.152,1791471065.3361552,0.0017957687377929688,0.0,RGB,0.0,0,1,0,UNCALIBRATED,PREPARATION,MID,TURNING,1.0,423,1.0,6.819674491882324,0.4550918638706207,nan,nan,False,0.0,0.0,0.0,0.0,0,0,0,0,0,0.0,0.0,0.0,0.0,0.0,0.0,0.0,0.0,0.0,0.0,0.0,0.0,0.0,0.0,6.125572487174771,2.6447174513196736,-1.410954021266782,0.0,0.0,0.0,0.0,0.0,0.0,0.0,0.0,0.0,0.0,0.0,False,DISABLED,0,nan,nan,nan,nan,nan,nan,nan,nan,nan,nan,nan,nan,nan,nan,nan,nan,nan,nan,nan,nan,nan,nan,nan,nan,nan,nan,nan,nan,nan,nan,nan,nan,nan,nan,11.538932375871575,-14.823882126042605,-0.2198070299551364,0.021962275154085883,0.021962275154085883,0.021962275154085883,11.476817968714728,-14.893125843310393,-0.14876504330303447,0.06211440715684624,0.06924371726778844,-0.07104198665210193,0.09302092214930947,0.11704638322043669,0.017027616500854492,False,DISABLED,none,MODEL_ORIGIN_FRAME_NOT_ESTABLISHED,nan,nan,nan,nan,nan,nan,nan,nan,nan,nan,nan,nan,nan,NOT_EVALUATED,nan,nan,nan,nan,DISABLED,nan,nan,nan,nan,nan,nan
1791471065.3841572,1791471065.401296,1791471065.404728,1791471065.4047556,front_rgbd_red_sphere,True,True,True,,74.2,74.2,1791471065.401296,1791471065.3998451,1791471065.3841572,1791471065.3841572,1791471065.3841572,0.0,1791471064.3921685,1791471065.3881657,1791471065.37986,1791471065.3881657,1791471065.3838599,1791471065.3921757,1791471064.3721578,1791471065.3881657,1791471064.3921685,1791471065.3921757,1791470991.1841571,GAZEBO_CLOCK_SYSTEM_INTERPOLATION,MAPPED_EXACT,0,74.2,1791471065.3841572,0.0013685226440429688,0.0,RGB,0.0,0,1,0,UNCALIBRATED,PREPARATION,MID,TURNING,1.0,420,1.0,6.8274827003479,0.45100638270378113,nan,nan,False,0.0,0.0,0.0,0.0,0,0,0,0,0,0.0,0.0,0.0,0.0,0.0,0.0,0.0,0.0,0.0,0.0,0.0,0.0,0.0,0.0,6.1447951510959395,2.6242497989186546,-1.4033260448357,0.0,0.0,0.0,0.0,0.0,0.0,0.0,0.0,0.0,0.0,0.0,False,DISABLED,0,nan,nan,nan,nan,nan,nan,nan,nan,nan,nan,nan,nan,nan,nan,nan,nan,nan,nan,nan,nan,nan,nan,nan,nan,nan,nan,nan,nan,nan,nan,nan,nan,nan,nan,11.436325939447547,-14.652745785130135,-0.21798146400223833,0.021985423979912398,0.021985423979912398,0.021985423979912398,11.377668205163546,-14.728677976556748,-0.146947237186071,0.058657734284000895,0.07593219142661312,-0.07103422681616733,0.09595013020408191,0.11938295048100872,0.01713871955871582,False,DISABLED,none,MODEL_ORIGIN_FRAME_NOT_ESTABLISHED,nan,nan,nan,nan,nan,nan,nan,nan,nan,nan,nan,nan,nan,NOT_EVALUATED,nan,nan,nan,nan,DISABLED,nan,nan,nan,nan,nan,nan
1791471065.4361594,1791471065.4540641,1791471065.4602847,1791471065.4603136,front_rgbd_red_sphere,True,True,True,,74.252,74.252,1791471065.4540641,1791471065.4522402,1791471065.4361594,1791471065.4361594,1791471065.4361594,0.0,1791471064.4321616,1791471065.4521685,1791471065.4438598,1791471065.4521685,1791471065.4438598,1791471065.4521685,1791471064.4281762,1791471065.4521685,1791471064.4321616,1791471065.4521685,1791470991.1841593,GAZEBO_CLOCK_SYSTEM_INTERPOLATION,MAPPED_EXACT,0,74.252,1791471065.4361594,0.0011508464813232422,0.0,RGB,0.0,0,1,0,UNCALIBRATED,PREPARATION,MID,TURNING,1.0,414,1.0,6.824645042419434,0.4467536509037018,nan,nan,False,0.0,0.0,0.0,0.0,0,0,0,0,0,0.0,0.0,0.0,0.0,0.0,0.0,0.0,0.0,0.0,0.0,0.0,0.0,0.0,0.0,6.154836310987476,2.592238212969788,-1.405016892829602,0.0,0.0,0.0,0.0,0.0,0.0,0.0,0.0,0.0,0.0,0.0,False,DISABLED,0,nan,nan,nan,nan,nan,nan,nan,nan,nan,nan,nan,nan,nan,nan,nan,nan,nan,nan,nan,nan,nan,nan,nan,nan,nan,nan,nan,nan,nan,nan,nan,nan,nan,nan,11.336160259138076,-14.480297849983259,-0.21507750285933452,0.021977010385284945,0.021977010385284945,0.021977010385284945,11.27255976309449,-14.549209294593979,-0.1440113733741132,0.06360049604358586,0.06891144461071974,-0.07106612948522131,0.09377531815635964,0.11766140002284826,0.01790475845336914,False,DISABLED,none,MODEL_ORIGIN_FRAME_NOT_ESTABLISHED,nan,nan,nan,nan,nan,nan,nan,nan,nan,nan,nan,nan,nan,NOT_EVALUATED,nan,nan,nan,nan,DISABLED,nan,nan,nan,nan,nan,nan
1791471065.4841566,1791471065.4995513,1791471065.5031028,1791471065.5031238,front_rgbd_red_sphere,True,True,True,,74.3,74.3,1791471065.4995513,1791471065.4980104,1791471065.4841566,1791471065.4841566,1791471065.4841566,0.0,1791471064.492171,1791471065.4921732,1791471065.48386,1791471065.4921732,1791471065.48386,1791471065.4921732,1791471064.492171,1791471065.4921732,1791471064.492171,1791471065.4921732,1791470991.1841567,GAZEBO_CLOCK_SYSTEM_INTERPOLATION,MAPPED_EXACT,0,74.3,1791471065.4841566,0.0035877227783203125,0.0,RGB,0.0,0,1,0,UNCALIBRATED,PREPARATION,MID,TURNING,1.0,415,1.0,6.833174705505371,0.44258007407188416,nan,nan,False,0.0,0.0,0.0,0.0,0,0,0,0,0,0.0,0.0,0.0,0.0,0.0,0.0,0.0,0.0,0.0,0.0,0.0,0.0,0.0,0.0,6.174796252882058,2.5684054343974703,-1.4026623265796436,0.0,0.0,0.0,0.0,0.0,0.0,0.0,0.0,0.0,0.0,0.0,False,DISABLED,0,nan,nan,nan,nan,nan,nan,nan,nan,nan,nan,nan,nan,nan,nan,nan,nan,nan,nan,nan,nan,nan,nan,nan,nan,nan,nan,nan,nan,nan,nan,nan,nan,nan,nan,11.238366325786838,-14.307127073819666,-0.21157631192351006,0.022002307246595847,0.022002307246595847,0.022002307246595847,11.177486681592102,-14.382387835652944,-0.14047082612457942,0.06087964419473657,0.07526076183327746,-0.07110548579893064,0.09680141191637152,0.12011038031621148,0.01539468765258789,False,DISABLED,none,MODEL_ORIGIN_FRAME_NOT_ESTABLISHED,nan,nan,nan,nan,nan,nan,nan,nan,nan,nan,nan,nan,nan,NOT_EVALUATED,nan,nan,nan,nan,DISABLED,nan,nan,nan,nan,nan,nan
1791471065.5361602,1791471065.5514166,1791471065.5602193,1791471065.5602477,front_rgbd_red_sphere,True,True,True,,74.352,74.352,1791471065.5514166,1791471065.5496156,1791471065.5361602,1791471065.5361602,1791471065.5361602,0.0,1791471064.532164,1791471065.5481646,1791471065.53986,1791471065.5481646,1791471065.54386,1791471065.5521705,1791471064.532164,1791471065.5481646,1791471064.532164,1791471065.5521705,1791470991.1841602,GAZEBO_CLOCK_SYSTEM_INTERPOLATION,MAPPED_EXACT,0,74.352,1791471065.5361602,0.0010721683502197266,0.0,RGB,0.0,0,1,0,UNCALIBRATED,PREPARATION,MID,TURNING,1.0,413,1.0,6.831038475036621,0.4382651448249817,nan,nan,False,0.0,0.0,0.0,0.0,0,0,0,0,0,0.0,0.0,0.0,0.0,0.0,0.0,0.0,0.0,0.0,0.0,0.0,0.0,0.0,0.0,6.185431888975059,2.532090091540805,-1.4113960717424865,0.0,0.0,0.0,0.0,0.0,0.0,0.0,0.0,0.0,0.0,0.0,False,DISABLED,0,nan,nan,nan,nan,nan,nan,nan,nan,nan,nan,nan,nan,nan,nan,nan,nan,nan,nan,nan,nan,nan,nan,nan,nan,nan,nan,nan,nan,nan,nan,nan,nan,nan,nan,11.14233007601001,-14.132776366333445,-0.2071801712765708,0.021995970248407902,0.021995970248407902,0.021995970248407902,11.076710690439212,-14.200446690083606,-0.13571164256689722,0.06561938557079827,0.06767032375016058,-0.07146852870967357,0.09426121407631367,0.11829170332303982,0.015256404876708984,False,DISABLED,none,MODEL_ORIGIN_FRAME_NOT_ESTABLISHED,nan,nan,nan,nan,nan,nan,nan,nan,nan,nan,nan,nan,nan,NOT_EVALUATED,nan,nan,nan,nan,DISABLED,nan,nan,nan,nan,nan,nan
1791471065.5841749,1791471065.6008067,1791471065.6040964,1791471065.6041157,front_rgbd_red_sphere,True,True,True,,74.4,74.4,1791471065.6008067,1791471065.5994952,1791471065.5841749,1791471065.5841749,1791471065.5841749,0.0,1791471064.5881667,1791471065.5881708,1791471065.57986,1791471065.5881708,1791471065.58386,1791471065.5921743,1791471064.5881667,1791471065.5881708,1791471064.5721612,1791471065.5921743,1791470991.1841748,GAZEBO_CLOCK_SYSTEM_INTERPOLATION,MAPPED_EXACT,0,74.4,1791471065.5841749,0.000957489013671875,0.0,RGB,0.0,0,1,0,UNCALIBRATED,PREPARATION,MID,TURNING,1.0,407,1.0,6.840235233306885,0.4338695704936981,nan,nan,False,0.0,0.0,0.0,0.0,0,0,0,0,0,0.0,0.0,0.0,0.0,0.0,0.0,0.0,0.0,0.0,0.0,0.0,0.0,0.0,0.0,6.206458803502165,2.5039362791587827,-1.4138555496219434,0.0,0.0,0.0,0.0,0.0,0.0,0.0,0.0,0.0,0.0,0.0,False,DISABLED,0,nan,nan,nan,nan,nan,nan,nan,nan,nan,nan,nan,nan,nan,nan,nan,nan,nan,nan,nan,nan,nan,nan,nan,nan,nan,nan,nan,nan,nan,nan,nan,nan,nan,nan,11.048355068175038,-13.957604804127964,-0.2021823022066877,0.02202325757873264,0.02202325757873264,0.02202325757873264,10.98553421452015,-14.031362775813841,-0.1305324606389209,0.06282085365488754,0.07375797168587717,-0.0716498415677668,0.09688497324736925,0.12050061343341593,0.0166318416595459,False,DISABLED,none,MODEL_ORIGIN_FRAME_NOT_ESTABLISHED,nan,nan,nan,nan,nan,nan,nan,nan,nan,nan,nan,nan,nan,NOT_EVALUATED,nan,nan,nan,nan,DISABLED,nan,nan,nan,nan,nan,nan
1791471065.6361575,1791471065.6515207,1791471065.6601954,1791471065.6602173,front_rgbd_red_sphere,True,True,True,,74.452,74.452,1791471065.6515207,1791471065.6497185,1791471065.6361575,1791471065.6361575,1791471065.6361575,0.0,1791471064.6521645,1791471065.652171,1791471065.6438599,1791471065.652171,1791471065.6438599,1791471065.652171,1791471064.6521645,1791471065.652171,1791471064.6521645,1791471065.652171,1791470991.1841576,GAZEBO_CLOCK_SYSTEM_INTERPOLATION,MAPPED_EXACT,0,74.452,1791471065.6361575,0.0010759830474853516,0.0,RGB,0.0,0,1,0,UNCALIBRATED,PREPARATION,MID,TURNING,1.0,409,1.0,6.838411808013916,0.42950695753097534,nan,nan,False,0.0,0.0,0.0,0.0,0,0,0,0,0,0.0,0.0,0.0,0.0,0.0,0.0,0.0,0.0,0.0,0.0,0.0,0.0,0.0,0.0,6.217286977678264,2.4644009776600337,-1.426866556799773,0.0,0.0,0.0,0.0,0.0,0.0,0.0,0.0,0.0,0.0,0.0,False,DISABLED,0,nan,nan,nan,nan,nan,nan,nan,nan,nan,nan,nan,nan,nan,nan,nan,nan,nan,nan,nan,nan,nan,nan,nan,nan,nan,nan,nan,nan,nan,nan,nan,nan,nan,nan,10.95657245114339,-13.781558395714285,-0.1963912407077854,0.022017846857842943,0.022017846857842943,0.022017846857842943,10.888962849429394,-13.84718040261632,-0.12406738649895149,0.06760960171399688,0.06562200690203568,-0.07232385420883392,0.09421945676863197,0.11877729547938348,0.015363216400146484,False,DISABLED,none,MODEL_ORIGIN_FRAME_NOT_ESTABLISHED,nan,nan,nan,nan,nan,nan,nan,nan,nan,nan,nan,nan,nan,NOT_EVALUATED,nan,nan,nan,nan,DISABLED,nan,nan,nan,nan,nan,nan
1791471065.6841612,1791471065.7013419,1791471065.7046416,1791471065.7046611,front_rgbd_red_sphere,True,True,True,,74.5,74.5,1791471065.7013419,1791471065.7004325,1791471065.6841612,1791471065.6841612,1791471065.6841612,0.0,1791471064.6921813,1791471065.6922028,1791471065.6838598,1791471065.6922028,1791471065.6838598,1791471065.6922028,1791471064.6921813,1791471065.6922028,1791471064.6921813,1791471065.6922028,1791470991.1841612,GAZEBO_CLOCK_SYSTEM_INTERPOLATION,MAPPED_EXACT,0,74.5,1791471065.6841612,0.0013887882232666016,0.0,RGB,0.0,0,1,0,UNCALIBRATED,PREPARATION,MID,TURNING,1.0,403,1.0,6.848517894744873,0.4251466989517212,nan,nan,False,0.0,0.0,0.0,0.0,0,0,0,0,0,0.0,0.0,0.0,0.0,0.0,0.0,0.0,0.0,0.0,0.0,0.0,0.0,0.0,0.0,6.238850934569436,2.434481168669368,-1.4325644336258427,0.0,0.0,0.0,0.0,0.0,0.0,0.0,0.0,0.0,0.0,0.0,False,DISABLED,0,nan,nan,nan,nan,nan,nan,nan,nan,nan,nan,nan,nan,nan,nan,nan,nan,nan,nan,nan,nan,nan,nan,nan,nan,nan,nan,nan,nan,nan,nan,nan,nan,nan,nan,10.866276001108892,-13.604114111380301,-0.19012598547660614,0.022047849027520525,0.022047849027520525,0.022047849027520525,10.801632833883852,-13.676173886421312,-0.11738327462161155,0.06464316722503938,0.07205977504101035,-0.07274271085499459,0.09680573458140496,0.12109026480431354,0.017180681228637695,False,DISABLED,none,MODEL_ORIGIN_FRAME_NOT_ESTABLISHED,nan,nan,nan,nan,nan,nan,nan,nan,nan,nan,nan,nan,nan,NOT_EVALUATED,nan,nan,nan,nan,DISABLED,nan,nan,nan,nan,nan,nan
1791471065.7361608,1791471065.753312,1791471065.7610333,1791471065.761056,front_rgbd_red_sphere,True,True,True,,74.552,74.552,1791471065.753312,1791471065.7521088,1791471065.7361608,1791471065.7361608,1791471065.7361608,0.0,1791471064.7481751,1791471065.7481818,1791471065.7398899,1791471065.7481818,1791471065.7438898,1791471065.7521722,1791471064.7481751,1791471065.7481818,1791471064.7321577,1791471065.7521722,1791470991.1841607,GAZEBO_CLOCK_SYSTEM_INTERPOLATION,MAPPED_EXACT,0,74.552,1791471065.7361608,0.0012521743774414062,0.0,RGB,0.0,0,1,0,UNCALIBRATED,PREPARATION,MID,TURNING,1.0,401,1.0,6.846924304962158,0.4207488000392914,nan,nan,False,0.0,0.0,0.0,0.0,0,0,0,0,0,0.0,0.0,0.0,0.0,0.0,0.0,0.0,0.0,0.0,0.0,0.0,0.0,0.0,0.0,6.249758380894191,2.39310019550465,-1.4470529335815523,0.0,0.0,0.0,0.0,0.0,0.0,0.0,0.0,0.0,0.0,0.0,False,DISABLED,0,nan,nan,nan,nan,nan,nan,nan,nan,nan,nan,nan,nan,nan,nan,nan,nan,nan,nan,nan,nan,nan,nan,nan,nan,nan,nan,nan,nan,nan,nan,nan,nan,nan,nan,10.778020956241901,-13.425990230062094,-0.18349793338576686,0.022043115724064113,0.022043115724064113,0.022043115724064113,10.70910045606622,-13.489888444974056,-0.10936987976631442,0.06892050017568074,0.06389821491196201,-0.07412805361945245,0.09398413277464071,0.1196995636867976,0.017151355743408203,False,DISABLED,none,MODEL_ORIGIN_FRAME_NOT_ESTABLISHED,nan,nan,nan,nan,nan,nan,nan,nan,nan,nan,nan,nan,nan,NOT_EVALUATED,nan,nan,nan,nan,DISABLED,nan,nan,nan,nan,nan,nan
1791471065.784188,1791471065.8127768,1791471065.8167436,1791471065.8167634,front_rgbd_red_sphere,True,True,True,,74.6,74.6,1791471065.8036373,1791471065.8127768,1791471065.784188,1791471065.784188,1791471065.784188,0.0,1791471064.7921646,1791471065.7881675,1791471065.7798898,1791471065.7881675,1791471065.78389,1791471065.7921677,1791471064.7881663,1791471065.7881675,1791471064.7921646,1791471065.7921677,1791470991.1841881,GAZEBO_CLOCK_SYSTEM_INTERPOLATION,MAPPED_EXACT,0,74.6,1791471065.784188,0.0009839534759521484,0.0,RGB,0.0,0,1,0,UNCALIBRATED,PREPARATION,MID,TURNING,1.0,397,1.0,6.857083320617676,0.416227251291275,nan,nan,False,0.0,0.0,0.0,0.0,0,0,0,0,0,0.0,0.0,0.0,0.0,0.0,0.0,0.0,0.0,0.0,0.0,0.0,0.0,0.0,0.0,6.271631142632044,2.3613224818539686,-1.4527183444797576,0.0,0.0,0.0,0.0,0.0,0.0,0.0,0.0,0.0,0.0,0.0,False,DISABLED,0,nan,nan,nan,nan,nan,nan,nan,nan,nan,nan,nan,nan,nan,nan,nan,nan,nan,nan,nan,nan,nan,nan,nan,nan,nan,nan,nan,nan,nan,nan,nan,nan,nan,nan,10.691192583068954,-13.246737798213175,-0.17618453726114497,0.022073292474168702,0.022073292474168702,0.022073292474168702,10.625432139891059,-13.317001793555118,-0.10133927727601637,0.06576044317789531,0.07026399534194283,-0.0748452599851286,0.0962365051753531,0.12191504365994894,0.02858877182006836,False,DISABLED,none,MODEL_ORIGIN_FRAME_NOT_ESTABLISHED,nan,nan,nan,nan,nan,nan,nan,nan,nan,nan,nan,nan,nan,NOT_EVALUATED,nan,nan,nan,nan,DISABLED,nan,nan,nan,nan,nan,nan
1791471065.8361564,1791471065.8619525,1791471065.8673208,1791471065.8673546,front_rgbd_red_sphere,True,True,True,,74.652,74.652,1791471065.8619525,1791471065.8610044,1791471065.8361564,1791471065.8361564,1791471065.8361564,0.0,1791471064.8321624,1791471065.8521633,1791471065.84389,1791471065.8521633,1791471065.84389,1791471065.8521633,1791471064.8281624,1791471065.8521633,1791471064.8321624,1791471065.8521633,1791470991.1841564,GAZEBO_CLOCK_SYSTEM_INTERPOLATION,MAPPED_EXACT,0,74.652,1791471065.8361564,0.0021131038665771484,0.0,RGB,0.0,0,1,0,UNCALIBRATED,PREPARATION,MID,TURNING,1.0,397,1.0,6.855930328369141,0.4119357764720917,nan,nan,False,0.0,0.0,0.0,0.0,0,0,0,0,0,0.0,0.0,0.0,0.0,0.0,0.0,0.0,0.0,0.0,0.0,0.0,0.0,0.0,0.0,6.282414491471753,2.3191375817808786,-1.468553561207261,0.0,0.0,0.0,0.0,0.0,0.0,0.0,0.0,0.0,0.0,0.0,False,DISABLED,0,nan,nan,nan,nan,nan,nan,nan,nan,nan,nan,nan,nan,nan,nan,nan,nan,nan,nan,nan,nan,nan,nan,nan,nan,nan,nan,nan,nan,nan,nan,nan,nan,nan,nan,10.606410749746628,-13.0668456743417,-0.16790317886308775,0.022069866561922113,0.022069866561922113,0.022069866561922113,10.536851340846312,-13.128884773779411,-0.0919798728079823,0.0695594089003162,0.0620390994377118,-0.07592330605510546,0.09320601496472039,0.12021526370615711,0.025796175003051758,False,DISABLED,none,MODEL_ORIGIN_FRAME_NOT_ESTABLISHED,nan,nan,nan,nan,nan,nan,nan,nan,nan,nan,nan,nan,nan,NOT_EVALUATED,nan,nan,nan,nan,DISABLED,nan,nan,nan,nan,nan,nan
1791471065.8841603,1791471065.900872,1791471065.9064305,1791471065.9064648,front_rgbd_red_sphere,True,True,True,,74.7,74.7,1791471065.900872,1791471065.898871,1791471065.8841603,1791471065.8841603,1791471065.8841603,0.0,1791471064.8921642,1791471065.8921828,1791471065.88389,1791471065.8921828,1791471065.88389,1791471065.8921828,1791471064.8921642,1791471065.8921828,1791471064.8921642,1791471065.8921828,1791470991.1841602,GAZEBO_CLOCK_SYSTEM_INTERPOLATION,MAPPED_EXACT,0,74.7,1791471065.8841603,0.0010418891906738281,0.0,RGB,0.0,0,1,0,UNCALIBRATED,PREPARATION,MID,TURNING,1.0,393,1.0,6.866161823272705,0.40766641497612,nan,nan,False,0.0,0.0,0.0,0.0,0,0,0,0,0,0.0,0.0,0.0,0.0,0.0,0.0,0.0,0.0,0.0,0.0,0.0,0.0,0.0,0.0,6.303469467376314,2.2865355265171,-1.47722818058304,0.0,0.0,0.0,0.0,0.0,0.0,0.0,0.0,0.0,0.0,0.0,False,DISABLED,0,nan,nan,nan,nan,nan,nan,nan,nan,nan,nan,nan,nan,nan,nan,nan,nan,nan,nan,nan,nan,nan,nan,nan,nan,nan,nan,nan,nan,nan,nan,nan,nan,nan,nan,10.523101862405518,-12.886369267655247,-0.15905090603822097,0.022100276076140617,0.022100276076140617,0.022100276076140617,10.456771607711865,-12.954373218722365,-0.08280578515296215,0.0663302546936535,0.06800395106711754,-0.07624512088525882,0.09499600017086961,0.12180951730990312,0.016711711883544922,False,DISABLED,none,MODEL_ORIGIN_FRAME_NOT_ESTABLISHED,nan,nan,nan,nan,nan,nan,nan,nan,nan,nan,nan,nan,nan,NOT_EVALUATED,nan,nan,nan,nan,DISABLED,nan,nan,nan,nan,nan,nan
1791471065.936159,1791471065.9540074,1791471065.9604456,1791471065.960468,front_rgbd_red_sphere,True,True,True,,74.752,74.752,1791471065.9540074,1791471065.9520562,1791471065.936159,1791471065.936159,1791471065.936159,0.0,1791471064.9321604,1791471065.9481685,1791471065.93989,1791471065.9481685,1791471065.9438899,1791471065.9521713,1791471064.9321604,1791471065.9481685,1791471064.9321604,1791471065.9521713,1791470991.1841588,GAZEBO_CLOCK_SYSTEM_INTERPOLATION,MAPPED_EXACT,0,74.752,1791471065.936159,0.0011870861053466797,0.0,RGB,0.0,0,1,0,UNCALIBRATED,PREPARATION,MID,TURNING,1.0,391,1.0,6.865067005157471,0.40336617827415466,nan,nan,False,0.0,0.0,0.0,0.0,0,0,0,0,0,0.0,0.0,0.0,0.0,0.0,0.0,0.0,0.0,0.0,0.0,0.0,0.0,0.0,0.0,6.314110649096348,2.2438147397472967,-1.4921288077655275,0.0,0.0,0.0,0.0,0.0,0.0,0.0,0.0,0.0,0.0,0.0,False,DISABLED,0,nan,nan,nan,nan,nan,nan,nan,nan,nan,nan,nan,nan,nan,nan,nan,nan,nan,nan,nan,nan,nan,nan,nan,nan,nan,nan,nan,nan,nan,nan,nan,nan,nan,nan,10.440945264616609,-12.704529921713407,-0.1496170527220259,0.022097021981561483,0.022097021981561483,0.022097021981561483,10.371997359916042,-12.764552201501605,-0.07232993131366677,0.06894790470056655,0.06002227978819796,-0.07728712140835914,0.09141382627136403,0.11970708738066252,0.017848491668701172,False,DISABLED,none,MODEL_ORIGIN_FRAME_NOT_ESTABLISHED,nan,nan,nan,nan,nan,nan,nan,nan,nan,nan,nan,nan,nan,NOT_EVALUATED,nan,nan,nan,nan,DISABLED,nan,nan,nan,nan,nan,nan
1791471065.9841583,1791471066.001166,1791471066.0048554,1791471066.0048733,front_rgbd_red_sphere,True,True,True,,74.8,74.8,1791471066.001166,1791471065.9995084,1791471065.9841583,1791471065.9841583,1791471065.9841583,0.0,1791471064.9721797,1791471065.9881644,1791471065.9798899,1791471065.9881644,1791471065.9838898,1791471065.9921625,1791471064.9721797,1791471065.9881644,1791471064.9721797,1791471065.9921625,1791470991.1841583,GAZEBO_CLOCK_SYSTEM_INTERPOLATION,MAPPED_EXACT,0,74.8,1791471065.9841583,0.0013489723205566406,0.0,RGB,0.0,0,1,0,UNCALIBRATED,PREPARATION,MID,TURNING,1.0,386,1.0,6.875413417816162,0.3987710773944855,nan,nan,False,0.0,0.0,0.0,0.0,0,0,0,0,0,0.0,0.0,0.0,0.0,0.0,0.0,0.0,0.0,0.0,0.0,0.0,0.0,0.0,0.0,6.335960814867635,2.211028763032348,-1.4960827973745914,0.0,0.0,0.0,0.0,0.0,0.0,0.0,0.0,0.0,0.0,0.0,False,DISABLED,0,nan,nan,nan,nan,nan,nan,nan,nan,nan,nan,nan,nan,nan,nan,nan,nan,nan,nan,nan,nan,nan,nan,nan,nan,nan,nan,nan,nan,nan,nan,nan,nan,nan,nan,10.360520109526014,-12.52162442120445,-0.13965316005180645,0.022127792804893045,0.022127792804893045,0.022127792804893045,10.295387926705967,-12.588564901250592,-0.06224016241672353,0.06513218282004729,0.06694048004614217,-0.07741299763508291,0.09339822861121094,0.12130952687469099,0.017007827758789062,False,DISABLED,none,MODEL_ORIGIN_FRAME_NOT_ESTABLISHED,nan,nan,nan,nan,nan,nan,nan,nan,nan,nan,nan,nan,nan,NOT_EVALUATED,nan,nan,nan,nan,DISABLED,nan,nan,nan,nan,nan,nan
1791471066.0361593,1791471066.0659752,1791471066.0691206,1791471066.0691478,front_rgbd_red_sphere,True,True,True,,74.852,74.852,1791471066.0659752,1791471066.054869,1791471066.0361593,1791471066.0361593,1791471066.0361593,0.0,1791471065.032156,1791471066.0521677,1791471066.04389,1791471066.0521677,1791471066.04389,1791471066.0521677,1791471065.028157,1791471066.0521677,1791471065.032156,1791471066.0521677,1791470991.1841593,GAZEBO_CLOCK_SYSTEM_INTERPOLATION,MAPPED_EXACT,0,74.852,1791471066.0361593,0.0020525455474853516,0.0,RGB,0.0,0,1,0,UNCALIBRATED,PREPARATION,MID,TURNING,1.0,384,1.0,6.874161243438721,0.394758015871048,nan,nan,False,0.0,0.0,0.0,0.0,0,0,0,0,0,0.0,0.0,0.0,0.0,0.0,0.0,0.0,0.0,0.0,0.0,0.0,0.0,0.0,0.0,6.345467244283331,2.167941112817325,-1.5130005921708076,0.0,0.0,0.0,0.0,0.0,0.0,0.0,0.0,0.0,0.0,0.0,False,DISABLED,0,nan,nan,nan,nan,nan,nan,nan,nan,nan,nan,nan,nan,nan,nan,nan,nan,nan,nan,nan,nan,nan,nan,nan,nan,nan,nan,nan,nan,nan,nan,nan,nan,nan,nan,10.282166759457393,-12.338417059142003,-0.1289798547421705,0.022124067530972485,0.022124067530972485,0.022124067530972485,10.214239468332872,-12.397049122514854,-0.05089796397033962,0.067927291124521,0.058632063372851206,-0.07808189077183088,0.08973202179196382,0.11894796089625748,0.0298159122467041,False,DISABLED,none,MODEL_ORIGIN_FRAME_NOT_ESTABLISHED,nan,nan,nan,nan,nan,nan,nan,nan,nan,nan,nan,nan,nan,NOT_EVALUATED,nan,nan,nan,nan,DISABLED,nan,nan,nan,nan,nan,nan
1791471066.0841696,1791471066.103705,1791471066.1071935,1791471066.1072204,front_rgbd_red_sphere,True,True,True,,74.9,74.9,1791471066.103705,1791471066.1027424,1791471066.0841696,1791471066.0841696,1791471066.0841696,0.0,1791471065.0721564,1791471066.0921645,1791471066.08389,1791471066.0921645,1791471066.08389,1791471066.0921645,1791471065.0681581,1791471066.0921645,1791471065.0721564,1791471066.0921645,1791470991.1841695,GAZEBO_CLOCK_SYSTEM_INTERPOLATION,MAPPED_EXACT,0,74.9,1791471066.0841696,0.0038025379180908203,0.0,RGB,0.0,0,1,0,UNCALIBRATED,PREPARATION,MID,TURNING,1.0,380,1.0,6.88448429107666,0.39089033007621765,nan,nan,False,0.0,0.0,0.0,0.0,0,0,0,0,0,0.0,0.0,0.0,0.0,0.0,0.0,0.0,0.0,0.0,0.0,0.0,0.0,0.0,0.0,6.365189178268717,2.1334333262848277,-1.5260915437311422,0.0,0.0,0.0,0.0,0.0,0.0,0.0,0.0,0.0,0.0,0.0,False,DISABLED,0,nan,nan,nan,nan,nan,nan,nan,nan,nan,nan,nan,nan,nan,nan,nan,nan,nan,nan,nan,nan,nan,nan,nan,nan,nan,nan,nan,nan,nan,nan,nan,nan,nan,nan,10.205238661419735,-12.154518614838153,-0.11809510723147726,0.022154787797016316,0.022154787797016316,0.022154787797016316,10.140899437921759,-12.219487846864538,-0.040126836401224594,0.06433922349797605,0.06496923202638527,-0.07796827083025266,0.0914359709874664,0.12016483698104212,0.019535303115844727,False,DISABLED,none,MODEL_ORIGIN_FRAME_NOT_ESTABLISHED,nan,nan,nan,nan,nan,nan,nan,nan,nan,nan,nan,nan,nan,NOT_EVALUATED,nan,nan,nan,nan,DISABLED,nan,nan,nan,nan,nan,nan
1791471066.136162,1791471066.1545627,1791471066.1633008,1791471066.1633344,front_rgbd_red_sphere,True,True,True,,74.952,74.952,1791471066.1545627,1791471066.1536598,1791471066.136162,1791471066.136162,1791471066.136162,0.0,1791471065.1321614,1791471066.1481903,1791471066.13989,1791471066.1481903,1791471066.14389,1791471066.1521704,1791471065.1321614,1791471066.1481903,1791471065.1321614,1791471066.1521704,1791470991.1841621,GAZEBO_CLOCK_SYSTEM_INTERPOLATION,MAPPED_EXACT,0,74.952,1791471066.136162,0.0023114681243896484,0.0,RGB,0.0,0,1,0,UNCALIBRATED,PREPARATION,MID,TURNING,1.0,382,1.0,6.883199691772461,0.3874560296535492,nan,nan,False,0.0,0.0,0.0,0.0,0,0,0,0,0,0.0,0.0,0.0,0.0,0.0,0.0,0.0,0.0,0.0,0.0,0.0,0.0,0.0,0.0,6.372970316265225,2.088315319335435,-1.5500397617853536,0.0,0.0,0.0,0.0,0.0,0.0,0.0,0.0,0.0,0.0,0.0,False,DISABLED,0,nan,nan,nan,nan,nan,nan,nan,nan,nan,nan,nan,nan,nan,nan,nan,nan,nan,nan,nan,nan,nan,nan,nan,nan,nan,nan,nan,nan,nan,nan,nan,nan,nan,nan,10.130034819506276,-11.970017946192035,-0.10688813154665672,0.02215096261270941,0.02215096261270941,0.02215096261270941,10.063332300681282,-12.026575897092902,-0.028207241296238028,0.06670251882499478,0.05655795090086713,-0.07868089025041869,0.0874530035373496,0.11763804791946401,0.01840066909790039,False,DISABLED,none,MODEL_ORIGIN_FRAME_NOT_ESTABLISHED,nan,nan,nan,nan,nan,nan,nan,nan,nan,nan,nan,nan,nan,NOT_EVALUATED,nan,nan,nan,nan,DISABLED,nan,nan,nan,nan,nan,nan
1791471066.184159,1791471066.2138252,1791471066.218623,1791471066.2186449,front_rgbd_red_sphere,True,True,True,,75.0,75.0,1791471066.2046616,1791471066.2138252,1791471066.184159,1791471066.184159,1791471066.184159,0.0,1791471065.192179,1791471066.1881747,1791471066.17989,1791471066.1881747,1791471066.1838899,1791471066.1921809,1791471065.1721551,1791471066.1881747,1791471065.192179,1791471066.1921809,1791470991.184159,GAZEBO_CLOCK_SYSTEM_INTERPOLATION,MAPPED_EXACT,0,75.0,1791471066.184159,0.002039670944213867,0.0,RGB,0.0,0,1,0,UNCALIBRATED,PREPARATION,MID,TURNING,1.0,375,1.0,6.893234729766846,0.38356998562812805,nan,nan,False,0.0,0.0,0.0,0.0,0,0,0,0,0,0.0,0.0,0.0,0.0,0.0,0.0,0.0,0.0,0.0,0.0,0.0,0.0,0.0,0.0,6.392334676897788,2.0523121070763297,-1.5629324104283824,0.0,0.0,0.0,0.0,0.0,0.0,0.0,0.0,0.0,0.0,0.0,False,DISABLED,0,nan,nan,nan,nan,nan,nan,nan,nan,nan,nan,nan,nan,nan,nan,nan,nan,nan,nan,nan,nan,nan,nan,nan,nan,nan,nan,nan,nan,nan,nan,nan,nan,nan,nan,10.056553199159058,-11.784450381257734,-0.09587945574889195,0.02218084413343406,0.02218084413343406,0.02218084413343406,9.993267674641388,-11.847833069311159,-0.017036974682218698,0.06328552451767067,0.06338268805342473,-0.07884248106667326,0.0895679784206077,0.11932543559150822,0.02966618537902832,False,DISABLED,none,MODEL_ORIGIN_FRAME_NOT_ESTABLISHED,nan,nan,nan,nan,nan,nan,nan,nan,nan,nan,nan,nan,nan,NOT_EVALUATED,nan,nan,nan,nan,DISABLED,nan,nan,nan,nan,nan,nan
1791471066.2361605,1791471066.2696512,1791471066.2734208,1791471066.2734404,front_rgbd_red_sphere,True,True,True,,75.052,75.052,1791471066.2696512,1791471066.2590923,1791471066.2361605,1791471066.2361605,1791471066.2361605,0.0,1791471065.232158,1791471066.252169,1791471066.2438898,1791471066.252169,1791471066.2438898,1791471066.252169,1791471065.22816,1791471066.252169,1791471065.232158,1791471066.252169,1791470991.1841605,GAZEBO_CLOCK_SYSTEM_INTERPOLATION,MAPPED_EXACT,0,75.052,1791471066.2361605,0.0017867088317871094,0.0,RGB,0.0,0,1,0,UNCALIBRATED,PREPARATION,MID,TURNING,1.0,374,1.0,6.891480922698975,0.38023313879966736,nan,nan,False,0.0,0.0,0.0,0.0,0,0,0,0,0,0.0,0.0,0.0,0.0,0.0,0.0,0.0,0.0,0.0,0.0,0.0,0.0,0.0,0.0,6.399278627758995,2.007097775434154,-1.585339923774827,0.0,0.0,0.0,0.0,0.0,0.0,0.0,0.0,0.0,0.0,0.0,False,DISABLED,0,nan,nan,nan,nan,nan,nan,nan,nan,nan,nan,nan,nan,nan,nan,nan,nan,nan,nan,nan,nan,nan,nan,nan,nan,nan,nan,nan,nan,nan,nan,nan,nan,nan,nan,9.985018076249357,-11.598362719542163,-0.08464992785080566,0.022175620796461168,0.022175620796461168,0.022175620796461168,9.919092784418538,-11.653449556310273,-0.004821598190788238,0.06592529183081908,0.0550868367681101,-0.07982832966001742,0.08591102192440192,0.11727431903193249,0.033490657806396484,False,DISABLED,none,MODEL_ORIGIN_FRAME_NOT_ESTABLISHED,nan,nan,nan,nan,nan,nan,nan,nan,nan,nan,nan,nan,nan,NOT_EVALUATED,nan,nan,nan,nan,DISABLED,nan,nan,nan,nan,nan,nan
1791471066.2841637,1791471066.3015053,1791471066.3062224,1791471066.3062434,front_rgbd_red_sphere,True,True,True,,75.1,75.1,1791471066.3015053,1791471066.3003097,1791471066.2841637,1791471066.2841637,1791471066.2841637,0.0,1791471065.2921686,1791471066.2921736,1791471066.28389,1791471066.2921736,1791471066.28389,1791471066.2921736,1791471065.2921686,1791471066.2921736,1791471065.2921686,1791471066.2921736,1791470991.1841638,GAZEBO_CLOCK_SYSTEM_INTERPOLATION,MAPPED_EXACT,0,75.1,1791471066.2841637,0.0016870498657226562,0.0,RGB,0.0,0,1,0,UNCALIBRATED,PREPARATION,MID,TURNING,1.0,375,1.0,6.901128768920898,0.37678056955337524,nan,nan,False,0.0,0.0,0.0,0.0,0,0,0,0,0,0.0,0.0,0.0,0.0,0.0,0.0,0.0,0.0,0.0,0.0,0.0,0.0,0.0,0.0,6.41704207153462,1.9708139565843075,-1.6009506697129994,0.0,0.0,0.0,0.0,0.0,0.0,0.0,0.0,0.0,0.0,0.0,False,DISABLED,0,nan,nan,nan,nan,nan,nan,nan,nan,nan,nan,nan,nan,nan,nan,nan,nan,nan,nan,nan,nan,nan,nan,nan,nan,nan,nan,nan,nan,nan,nan,nan,nan,nan,nan,9.914900109322428,-11.41187342327483,-0.07328173874194371,0.022204364152654466,0.022204364152654466,0.022204364152654466,9.852145702832503,-11.473483055791574,0.00648184032371851,0.06275440648992436,0.06160963251674367,-0.07976357906566223,0.08794238086810512,0.11872695944104275,0.01734161376953125,False,DISABLED,none,MODEL_ORIGIN_FRAME_NOT_ESTABLISHED,nan,nan,nan,nan,nan,nan,nan,nan,nan,nan,nan,nan,nan,NOT_EVALUATED,nan,nan,nan,nan,DISABLED,nan,nan,nan,nan,nan,nan
1791471066.3361573,1791471066.3516784,1791471066.3627048,1791471066.3627248,front_rgbd_red_sphere,True,True,True,,75.152,75.152,1791471066.3516784,1791471066.350633,1791471066.3361573,1791471066.3361573,1791471066.3361573,0.0,1791471065.3481693,1791471066.3481708,1791471066.33989,1791471066.3481708,1791471066.34389,1791471066.3521733,1791471065.3481693,1791471066.3481708,1791471065.332157,1791471066.3521733,1791470991.1841574,GAZEBO_CLOCK_SYSTEM_INTERPOLATION,MAPPED_EXACT,0,75.152,1791471066.3361573,0.0016112327575683594,0.0,RGB,0.0,0,1,0,UNCALIBRATED,PREPARATION,MID,TURNING,1.0,371,1.0,6.898902893066406,0.3736458718776703,nan,nan,False,0.0,0.0,0.0,0.0,0,0,0,0,0,0.0,0.0,0.0,0.0,0.0,0.0,0.0,0.0,0.0,0.0,0.0,0.0,0.0,0.0,6.422897495571801,1.9253523976277034,-1.6230423969885859,0.0,0.0,0.0,0.0,0.0,0.0,0.0,0.0,0.0,0.0,0.0,False,DISABLED,0,nan,nan,nan,nan,nan,nan,nan,nan,nan,nan,nan,nan,nan,nan,nan,nan,nan,nan,nan,nan,nan,nan,nan,nan,nan,nan,nan,nan,nan,nan,nan,nan,nan,nan,9.846408801378349,-11.224585440258767,-0.06198380315080326,0.022197730652755845,0.022197730652755845,0.022197730652755845,9.781334357622116,-11.277937165895008,0.01867973130311448,0.06507444375623272,0.05335172563624013,-0.08066353445391775,0.08414921187122158,0.11656627149028193,0.015521049499511719,False,DISABLED,none,MODEL_ORIGIN_FRAME_NOT_ESTABLISHED,nan,nan,nan,nan,nan,nan,nan,nan,nan,nan,nan,nan,nan,NOT_EVALUATED,nan,nan,nan,nan,DISABLED,nan,nan,nan,nan,nan,nan
1791471066.38416,1791471066.4004636,1791471066.4038117,1791471066.4038372,front_rgbd_red_sphere,True,True,True,,75.2,75.2,1791471066.4004636,1791471066.3995512,1791471066.38416,1791471066.38416,1791471066.38416,0.0,1791471065.3881657,1791471066.3881721,1791471066.37989,1791471066.3881721,1791471066.38389,1791471066.392172,1791471065.3881657,1791471066.3881721,1791471065.3721602,1791471066.392172,1791470991.18416,GAZEBO_CLOCK_SYSTEM_INTERPOLATION,MAPPED_EXACT,0,75.2,1791471066.38416,0.0006239414215087891,0.0,RGB,0.0,0,1,0,UNCALIBRATED,PREPARATION,MID,TURNING,1.0,372,1.0,6.907865524291992,0.3698218762874603,nan,nan,False,0.0,0.0,0.0,0.0,0,0,0,0,0,0.0,0.0,0.0,0.0,0.0,0.0,0.0,0.0,0.0,0.0,0.0,0.0,0.0,0.0,6.440836590634622,1.889393849198079,-1.6323045528176758,0.0,0.0,0.0,0.0,0.0,0.0,0.0,0.0,0.0,0.0,0.0,False,DISABLED,0,nan,nan,nan,nan,nan,nan,nan,nan,nan,nan,nan,nan,nan,nan,nan,nan,nan,nan,nan,nan,nan,nan,nan,nan,nan,nan,nan,nan,nan,nan,nan,nan,nan,nan,9.779580730251528,-11.036388393004517,-0.05095214824084232,0.022224444835293716,0.022224444835293716,0.022224444835293716,9.717388847512819,-11.096782282189857,0.029841601341658457,0.062191882738709126,0.060393889185339944,-0.08079374958250078,0.0866905538655537,0.11850266706330416,0.016303539276123047,False,DISABLED,none,MODEL_ORIGIN_FRAME_NOT_ESTABLISHED,nan,nan,nan,nan,nan,nan,nan,nan,nan,nan,nan,nan,nan,NOT_EVALUATED,nan,nan,nan,nan,DISABLED,nan,nan,nan,nan,nan,nan
1791471066.4361572,1791471066.463308,1791471066.4667692,1791471066.466792,front_rgbd_red_sphere,True,True,True,,75.252,75.252,1791471066.463308,1791471066.4518228,1791471066.4361572,1791471066.4361572,1791471066.4361572,0.0,1791471065.4321575,1791471066.452165,1791471066.4438899,1791471066.452165,1791471066.4438899,1791471066.452165,1791471065.4281628,1791471066.452165,1791471065.4321575,1791471066.452165,1791470991.1841571,GAZEBO_CLOCK_SYSTEM_INTERPOLATION,MAPPED_EXACT,0,75.252,1791471066.4361572,0.003393411636352539,0.0,RGB,0.0,0,1,0,UNCALIBRATED,PREPARATION,MID,TURNING,1.0,369,1.0,6.9049835205078125,0.3669792115688324,nan,nan,False,0.0,0.0,0.0,0.0,0,0,0,0,0,0.0,0.0,0.0,0.0,0.0,0.0,0.0,0.0,0.0,0.0,0.0,0.0,0.0,0.0,6.4452182457759015,1.8446433170965006,-1.6538587625599606,0.0,0.0,0.0,0.0,0.0,0.0,0.0,0.0,0.0,0.0,0.0,False,DISABLED,0,nan,nan,nan,nan,nan,nan,nan,nan,nan,nan,nan,nan,nan,nan,nan,nan,nan,nan,nan,nan,nan,nan,nan,nan,nan,nan,nan,nan,nan,nan,nan,nan,nan,nan,9.714469545380183,-10.84822848291715,-0.039629402242296,0.022215853070517235,0.022215853070517235,0.022215853070517235,9.64980775226771,-10.900082575740404,0.04172714591111342,0.06466179311247267,0.051854092823253595,-0.08135654815340942,0.0828854295461079,0.1161416478205852,0.027150869369506836,False,DISABLED,none,MODEL_ORIGIN_FRAME_NOT_ESTABLISHED,nan,nan,nan,nan,nan,nan,nan,nan,nan,nan,nan,nan,nan,NOT_EVALUATED,nan,nan,nan,nan,DISABLED,nan,nan,nan,nan,nan,nan
1791471066.484164,1791471066.5015495,1791471066.5047643,1791471066.5047843,front_rgbd_red_sphere,True,True,True,,75.3,75.3,1791471066.5015495,1791471066.5006726,1791471066.484164,1791471066.484164,1791471066.484164,0.0,1791471065.4721577,1791471066.4921694,1791471066.4838898,1791471066.4921694,1791471066.4838898,1791471066.4921694,1791471065.4681628,1791471066.4921694,1791471065.4721577,1791471066.4921694,1791470991.184164,GAZEBO_CLOCK_SYSTEM_INTERPOLATION,MAPPED_EXACT,0,75.3,1791471066.484164,0.001600027084350586,0.0,RGB,0.0,0,1,0,UNCALIBRATED,PREPARATION,MID,TURNING,1.0,368,1.0,6.913279056549072,0.3641599118709564,nan,nan,False,0.0,0.0,0.0,0.0,0,0,0,0,0,0.0,0.0,0.0,0.0,0.0,0.0,0.0,0.0,0.0,0.0,0.0,0.0,0.0,0.0,6.4599288698811925,1.8081173146592295,-1.67136343387337,0.0,0.0,0.0,0.0,0.0,0.0,0.0,0.0,0.0,0.0,0.0,False,DISABLED,0,nan,nan,nan,nan,nan,nan,nan,nan,nan,nan,nan,nan,nan,nan,nan,nan,nan,nan,nan,nan,nan,nan,nan,nan,nan,nan,nan,nan,nan,nan,nan,nan,nan,nan,9.650772526572357,-10.659810564266973,-0.028804846652844718,0.022240588713155,0.022240588713155,0.022240588713155,9.588836022646342,-10.718003478340043,0.052461759917244076,0.06193650392601491,0.0581929140730697,-0.0812666065700888,0.0849855621084719,0.11758744452666081,0.017385482788085938,False,DISABLED,none,MODEL_ORIGIN_FRAME_NOT_ESTABLISHED,nan,nan,nan,nan,nan,nan,nan,nan,nan,nan,nan,nan,nan,NOT_EVALUATED,nan,nan,nan,nan,DISABLED,nan,nan,nan,nan,nan,nan
1791471066.5361574,1791471066.5626128,1791471066.566002,1791471066.5660224,front_rgbd_red_sphere,True,True,True,,75.352,75.352,1791471066.5626128,1791471066.5515337,1791471066.5361574,1791471066.5361574,1791471066.5361574,0.0,1791471065.5481646,1791471066.548171,1791471066.5398898,1791471066.548171,1791471066.54389,1791471066.552165,1791471065.5481646,1791471066.548171,1791471065.53216,1791471066.552165,1791470991.1841574,GAZEBO_CLOCK_SYSTEM_INTERPOLATION,MAPPED_EXACT,0,75.352,1791471066.5361574,0.0026111602783203125,0.0,RGB,0.0,0,1,0,UNCALIBRATED,PREPARATION,MID,TURNING,1.0,363,1.0,6.909901142120361,0.3622229993343353,nan,nan,False,0.0,0.0,0.0,0.0,0,0,0,0,0,0.0,0.0,0.0,0.0,0.0,0.0,0.0,0.0,0.0,0.0,0.0,0.0,0.0,0.0,6.461527531780899,1.7629286699490638,-1.6992588275848277,0.0,0.0,0.0,0.0,0.0,0.0,0.0,0.0,0.0,0.0,0.0,False,DISABLED,0,nan,nan,nan,nan,nan,nan,nan,nan,nan,nan,nan,nan,nan,nan,nan,nan,nan,nan,nan,nan,nan,nan,nan,nan,nan,nan,nan,nan,nan,nan,nan,nan,nan,nan,9.588233883545652,-10.47064818761511,-0.01819255607389708,0.02223051570490741,0.02223051570490741,0.02223051570490741,9.524404854089465,-10.520288175295951,0.06373970895421698,0.06382902945618696,0.0496399876808411,-0.08193226502811406,0.08085959051511972,0.11511372390340763,0.026455402374267578,False,DISABLED,none,MODEL_ORIGIN_FRAME_NOT_ESTABLISHED,nan,nan,nan,nan,nan,nan,nan,nan,nan,nan,nan,nan,nan,NOT_EVALUATED,nan,nan,nan,nan,DISABLED,nan,nan,nan,nan,nan,nan
1791471066.5841699,1791471066.6106853,1791471066.61387,1791471066.6138897,front_rgbd_red_sphere,True,True,True,,75.4,75.4,1791471066.6106853,1791471066.5993502,1791471066.5841699,1791471066.5841699,1791471066.5841699,0.0,1791471065.5921743,1791471066.5881753,1791471066.57989,1791471066.5881753,1791471066.58389,1791471066.5922177,1791471065.5881708,1791471066.5881753,1791471065.5921743,1791471066.5922177,1791470991.1841698,GAZEBO_CLOCK_SYSTEM_INTERPOLATION,MAPPED_EXACT,0,75.4,1791471066.5841699,0.0027637481689453125,0.0,RGB,0.0,0,1,0,UNCALIBRATED,PREPARATION,MID,TURNING,1.0,364,1.0,6.91752815246582,0.35959896445274353,nan,nan,False,0.0,0.0,0.0,0.0,0,0,0,0,0,0.0,0.0,0.0,0.0,0.0,0.0,0.0,0.0,0.0,0.0,0.0,0.0,0.0,0.0,6.475069355347419,1.7264944773673925,-1.7160680277408695,0.0,0.0,0.0,0.0,0.0,0.0,0.0,0.0,0.0,0.0,0.0,False,DISABLED,0,nan,nan,nan,nan,nan,nan,nan,nan,nan,nan,nan,nan,nan,nan,nan,nan,nan,nan,nan,nan,nan,nan,nan,nan,nan,nan,nan,nan,nan,nan,nan,nan,nan,nan,9.526807410401965,-10.280889639608006,-0.008096605519221478,0.022253264633620675,0.022253264633620675,0.022253264633620675,9.466302925271352,-10.337319489814638,0.07378617484008544,0.060504485130612906,0.056429850206631826,-0.08188278035930692,0.08273524469815427,0.11640408255140351,0.026515483856201172,False,DISABLED,none,MODEL_ORIGIN_FRAME_NOT_ESTABLISHED,nan,nan,nan,nan,nan,nan,nan,nan,nan,nan,nan,nan,nan,NOT_EVALUATED,nan,nan,nan,nan,DISABLED,nan,nan,nan,nan,nan,nan
1791471066.6361606,1791471066.660834,1791471066.664427,1791471066.6644535,front_rgbd_red_sphere,True,True,True,,75.452,75.452,1791471066.6518278,1791471066.660834,1791471066.6361606,1791471066.6361606,1791471066.6361606,0.0,1791471065.6321552,1791471066.6521666,1791471066.64389,1791471066.6521666,1791471066.64389,1791471066.6521666,1791471065.6281605,1791471066.6521666,1791471065.6321552,1791471066.6521666,1791470991.1841607,GAZEBO_CLOCK_SYSTEM_INTERPOLATION,MAPPED_EXACT,0,75.452,1791471066.6361606,0.0009975433349609375,0.0,RGB,0.0,0,1,0,UNCALIBRATED,PREPARATION,MID,TURNING,1.0,364,1.0,6.913288593292236,0.3579990863800049,nan,nan,False,0.0,0.0,0.0,0.0,0,0,0,0,0,0.0,0.0,0.0,0.0,0.0,0.0,0.0,0.0,0.0,0.0,0.0,0.0,0.0,0.0,6.4749847658179,1.6824442479305475,-1.7428457063565643,0.0,0.0,0.0,0.0,0.0,0.0,0.0,0.0,0.0,0.0,0.0,False,DISABLED,0,nan,nan,nan,nan,nan,nan,nan,nan,nan,nan,nan,nan,nan,nan,nan,nan,nan,nan,nan,nan,nan,nan,nan,nan,nan,nan,nan,nan,nan,nan,nan,nan,nan,nan,9.467248111227068,-10.090907105050231,0.0019813536027309397,0.022240617310095967,0.022240617310095967,0.022240617310095967,9.404913896051918,-10.138615794482085,0.08418218121182337,0.062334215175150476,0.04770868943185391,-0.08220082760909243,0.07849632748611268,0.11366023705952219,0.0246734619140625,False,DISABLED,none,MODEL_ORIGIN_FRAME_NOT_ESTABLISHED,nan,nan,nan,nan,nan,nan,nan,nan,nan,nan,nan,nan,nan,NOT_EVALUATED,nan,nan,nan,nan,DISABLED,nan,nan,nan,nan,nan,nan
1791471066.6842127,1791471066.7117925,1791471066.715095,1791471066.7151172,front_rgbd_red_sphere,True,True,True,,75.5,75.5,1791471066.7117925,1791471066.7006729,1791471066.6842127,1791471066.6842127,1791471066.6842127,0.0,1791471065.6721551,1791471066.6921773,1791471066.6838899,1791471066.6921773,1791471066.6838899,1791471066.6921773,1791471065.6681597,1791471066.6921773,1791471065.6721551,1791471066.6921773,1791470991.1842127,GAZEBO_CLOCK_SYSTEM_INTERPOLATION,MAPPED_EXACT,0,75.5,1791471066.6842127,0.00384521484375,0.0,RGB,0.0,0,1,0,UNCALIBRATED,PREPARATION,MID,TURNING,1.0,365,1.0,6.919942855834961,0.3558240532875061,nan,nan,False,0.0,0.0,0.0,0.0,0,0,0,0,0,0.0,0.0,0.0,0.0,0.0,0.0,0.0,0.0,0.0,0.0,0.0,0.0,0.0,0.0,6.486475848206348,1.6473373897936288,-1.7599772265461882,0.0,0.0,0.0,0.0,0.0,0.0,0.0,0.0,0.0,0.0,0.0,False,DISABLED,0,nan,nan,nan,nan,nan,nan,nan,nan,nan,nan,nan,nan,nan,nan,nan,nan,nan,nan,nan,nan,nan,nan,nan,nan,nan,nan,nan,nan,nan,nan,nan,nan,nan,nan,9.409103347597505,-9.900516317832002,0.011212598295693488,0.022260469506958046,0.022260469506958046,0.022260469506958046,9.34952047449922,-9.954556324898952,0.09330622972450014,0.05958287309828414,0.054040007066950224,-0.08209363142880666,0.08043905227215362,0.11493391775977627,0.027579784393310547,False,DISABLED,none,MODEL_ORIGIN_FRAME_NOT_ESTABLISHED,nan,nan,nan,nan,nan,nan,nan,nan,nan,nan,nan,nan,nan,NOT_EVALUATED,nan,nan,nan,nan,DISABLED,nan,nan,nan,nan,nan,nan
1791471066.7361605,1791471066.7648497,1791471066.767962,1791471066.7679806,front_rgbd_red_sphere,True,True,True,,75.552,75.552,1791471066.7648497,1791471066.7542665,1791471066.7361605,1791471066.7361605,1791471066.7361605,0.0,1791471065.7321608,1791471066.7481816,1791471066.739919,1791471066.7481816,1791471066.743919,1791471066.7521625,1791471065.7321608,1791471066.7481816,1791471065.7321608,1791471066.7521625,1791470991.1841605,GAZEBO_CLOCK_SYSTEM_INTERPOLATION,MAPPED_EXACT,0,75.552,1791471066.7361605,0.0009307861328125,0.0,RGB,0.0,0,1,0,UNCALIBRATED,PREPARATION,MID,TURNING,1.0,363,1.0,6.9147562980651855,0.3543156683444977,nan,nan,False,0.0,0.0,0.0,0.0,0,0,0,0,0,0.0,0.0,0.0,0.0,0.0,0.0,0.0,0.0,0.0,0.0,0.0,0.0,0.0,0.0,6.485240315306202,1.6051289236639485,-1.7829960006505425,0.0,0.0,0.0,0.0,0.0,0.0,0.0,0.0,0.0,0.0,0.0,False,DISABLED,0,nan,nan,nan,nan,nan,nan,nan,nan,nan,nan,nan,nan,nan,nan,nan,nan,nan,nan,nan,nan,nan,nan,nan,nan,nan,nan,nan,nan,nan,nan,nan,nan,nan,nan,9.35254202038878,-9.71007564505596,0.019806500172086905,0.022244995734077844,0.022244995734077844,0.022244995734077844,9.291155812465314,-9.755163001319263,0.10255368159484246,0.06138620792346572,0.04508735626330207,-0.08274718142275556,0.07616519033020852,0.11246435991658563,0.028689146041870117,False,DISABLED,none,MODEL_ORIGIN_FRAME_NOT_ESTABLISHED,nan,nan,nan,nan,nan,nan,nan,nan,nan,nan,nan,nan,nan,NOT_EVALUATED,nan,nan,nan,nan,DISABLED,nan,nan,nan,nan,nan,nan
1791471066.7841568,1791471066.8031797,1791471066.8070216,1791471066.8070488,front_rgbd_red_sphere,True,True,True,,75.6,75.6,1791471066.8031797,1791471066.80108,1791471066.7841568,1791471066.7841568,1791471066.7841568,0.0,1791471065.7881675,1791471066.7881892,1791471066.779919,1791471066.7881892,1791471066.7839189,1791471066.7921662,1791471065.7881675,1791471066.7881892,1791471065.772287,1791471066.7921662,1791470991.184157,GAZEBO_CLOCK_SYSTEM_INTERPOLATION,MAPPED_EXACT,0,75.6,1791471066.7841568,0.0033414363861083984,0.0,RGB,0.0,0,1,0,UNCALIBRATED,PREPARATION,MID,TURNING,1.0,363,1.0,6.920092582702637,0.35197311639785767,nan,nan,False,0.0,0.0,0.0,0.0,0,0,0,0,0,0.0,0.0,0.0,0.0,0.0,0.0,0.0,0.0,0.0,0.0,0.0,0.0,0.0,0.0,6.495851522729898,1.5716436699817704,-1.7948623248214677,0.0,0.0,0.0,0.0,0.0,0.0,0.0,0.0,0.0,0.0,0.0,False,DISABLED,0,nan,nan,nan,nan,nan,nan,nan,nan,nan,nan,nan,nan,nan,nan,nan,nan,nan,nan,nan,nan,nan,nan,nan,nan,nan,nan,nan,nan,nan,nan,nan,nan,nan,nan,9.29766778869114,-9.519577445330608,0.02745444040559436,0.022260916319954933,0.022260916319954933,0.022260916319954933,9.238521279017247,-9.570505893747963,0.11051067050998958,0.05914650967389257,0.050928448417355554,-0.08305623010439522,0.07805137067856728,0.11397523337970122,0.01902294158935547,False,DISABLED,none,MODEL_ORIGIN_FRAME_NOT_ESTABLISHED,nan,nan,nan,nan,nan,nan,nan,nan,nan,nan,nan,nan,nan,NOT_EVALUATED,nan,nan,nan,nan,DISABLED,nan,nan,nan,nan,nan,nan
1791471066.8361585,1791471066.8625193,1791471066.8658857,1791471066.8659067,front_rgbd_red_sphere,True,True,True,,75.652,75.652,1791471066.8625193,1791471066.8599336,1791471066.8361585,1791471066.8361585,1791471066.8361585,0.0,1791471065.8521633,1791471066.8522363,1791471066.8439188,1791471066.8522363,1791471066.8439188,1791471066.8522363,1791471065.8521633,1791471066.8522363,1791471065.8521633,1791471066.8522363,1791470991.1841586,GAZEBO_CLOCK_SYSTEM_INTERPOLATION,MAPPED_EXACT,0,75.652,1791471066.8361585,0.0025815963745117188,0.0,RGB,0.0,0,1,0,UNCALIBRATED,PREPARATION,MID,TURNING,1.0,362,1.0,6.913771629333496,0.3506881892681122,nan,nan,False,0.0,0.0,0.0,0.0,0,0,0,0,0,0.0,0.0,0.0,0.0,0.0,0.0,0.0,0.0,0.0,0.0,0.0,0.0,0.0,0.0,6.492975313546792,1.5316300484687027,-1.8153837594530366,0.0,0.0,0.0,0.0,0.0,0.0,0.0,0.0,0.0,0.0,0.0,False,DISABLED,0,nan,nan,nan,nan,nan,nan,nan,nan,nan,nan,nan,nan,nan,nan,nan,nan,nan,nan,nan,nan,nan,nan,nan,nan,nan,nan,nan,nan,nan,nan,nan,nan,nan,nan,9.244359613597465,-9.328641110798486,0.03476030279213577,0.02224205822256653,0.02224205822256653,0.02224205822256653,9.182982643708124,-9.37008367521172,0.11840043876723125,0.06137696988934138,0.04144256441323435,-0.08364013597509548,0.07405821073954054,0.11171522243577488,0.026360750198364258,False,DISABLED,none,MODEL_ORIGIN_FRAME_NOT_ESTABLISHED,nan,nan,nan,nan,nan,nan,nan,nan,nan,nan,nan,nan,nan,NOT_EVALUATED,nan,nan,nan,nan,DISABLED,nan,nan,nan,nan,nan,nan
1791471066.8841627,1791471066.901313,1791471066.9047897,1791471066.9048104,front_rgbd_red_sphere,True,True,True,,75.7,75.7,1791471066.901313,1791471066.8998685,1791471066.8841627,1791471066.8841627,1791471066.8841627,0.0,1791471065.8721607,1791471066.8921738,1791471066.883919,1791471066.8921738,1791471066.883919,1791471066.8921738,1791471065.8681655,1791471066.8921738,1791471065.8721607,1791471066.8921738,1791470991.1841626,GAZEBO_CLOCK_SYSTEM_INTERPOLATION,MAPPED_EXACT,0,75.7,1791471066.8841627,0.0013568401336669922,0.0,RGB,0.0,0,1,0,UNCALIBRATED,PREPARATION,MID,TURNING,1.0,360,1.0,6.918272972106934,0.348646879196167,nan,nan,False,0.0,0.0,0.0,0.0,0,0,0,0,0,0.0,0.0,0.0,0.0,0.0,0.0,0.0,0.0,0.0,0.0,0.0,0.0,0.0,0.0,6.502040945168767,1.5000778812720332,-1.8263988040885826,0.0,0.0,0.0,0.0,0.0,0.0,0.0,0.0,0.0,0.0,0.0,False,DISABLED,0,nan,nan,nan,nan,nan,nan,nan,nan,nan,nan,nan,nan,nan,nan,nan,nan,nan,nan,nan,nan,nan,nan,nan,nan,nan,nan,nan,nan,nan,nan,nan,nan,nan,nan,9.192444841499906,-9.137299968846767,0.04118289477840703,0.022255487230327345,0.022255487230327345,0.022255487230327345,9.13294868006466,-9.1845828417849,0.12500745711480737,0.05949616143524672,0.04728287293813338,-0.08382456233640034,0.07599646898910899,0.11314601428995044,0.017150402069091797,False,DISABLED,none,MODEL_ORIGIN_FRAME_NOT_ESTABLISHED,nan,nan,nan,nan,nan,nan,nan,nan,nan,nan,nan,nan,nan,NOT_EVALUATED,nan,nan,nan,nan,DISABLED,nan,nan,nan,nan,nan,nan
1791471066.9361565,1791471066.9522648,1791471066.9601865,1791471066.9602084,front_rgbd_red_sphere,True,True,True,,75.752,75.752,1791471066.9522648,1791471066.9512033,1791471066.9361565,1791471066.9361565,1791471066.9361565,0.0,1791471065.9321604,1791471066.9481673,1791471066.939919,1791471066.9481673,1791471066.943919,1791471066.952167,1791471065.9321604,1791471066.9481673,1791471065.9321604,1791471066.952167,1791470991.1841564,GAZEBO_CLOCK_SYSTEM_INTERPOLATION,MAPPED_EXACT,0,75.752,1791471066.9361565,0.0011074542999267578,0.0,RGB,0.0,0,1,0,UNCALIBRATED,PREPARATION,MID,TURNING,1.0,357,1.0,6.910514831542969,0.3477623760700226,nan,nan,False,0.0,0.0,0.0,0.0,0,0,0,0,0,0.0,0.0,0.0,0.0,0.0,0.0,0.0,0.0,0.0,0.0,0.0,0.0,0.0,0.0,6.496834933005693,1.4617334143127367,-1.8465330131613933,0.0,0.0,0.0,0.0,0.0,0.0,0.0,0.0,0.0,0.0,0.0,False,DISABLED,0,nan,nan,nan,nan,nan,nan,nan,nan,nan,nan,nan,nan,nan,nan,nan,nan,nan,nan,nan,nan,nan,nan,nan,nan,nan,nan,nan,nan,nan,nan,nan,nan,nan,nan,9.14233172835854,-8.94613243414383,0.046657403734949254,0.022232344747755973,0.022232344747755973,0.022232344747755973,9.080256920923816,-8.9835326669961,0.13133133753165777,0.06207480743472438,0.0374002328522689,-0.08467393379670851,0.07247109172257615,0.1114528339705699,0.016108274459838867,False,DISABLED,none,MODEL_ORIGIN_FRAME_NOT_ESTABLISHED,nan,nan,nan,nan,nan,nan,nan,nan,nan,nan,nan,nan,nan,NOT_EVALUATED,nan,nan,nan,nan,DISABLED,nan,nan,nan,nan,nan,nan
1791471066.9841583,1791471067.003366,1791471067.0071974,1791471067.0072339,front_rgbd_red_sphere,True,True,True,,75.8,75.8,1791471067.003366,1791471067.0019655,1791471066.9841583,1791471066.9841583,1791471066.9841583,0.0,1791471065.9921625,1791471066.9881938,1791471066.979919,1791471066.9881938,1791471066.983919,1791471066.9921684,1791471065.9881644,1791471066.9881938,1791471065.9921625,1791471066.9921684,1791470991.1841583,GAZEBO_CLOCK_SYSTEM_INTERPOLATION,MAPPED_EXACT,0,75.8,1791471066.9841583,0.003408670425415039,0.0,RGB,0.0,0,1,0,UNCALIBRATED,PREPARATION,MID,TURNING,1.0,360,1.0,6.913989543914795,0.3459833264350891,nan,nan,False,0.0,0.0,0.0,0.0,0,0,0,0,0,0.0,0.0,0.0,0.0,0.0,0.0,0.0,0.0,0.0,0.0,0.0,0.0,0.0,0.0,6.504283605864799,1.4311035910103422,-1.8572807592200307,0.0,0.0,0.0,0.0,0.0,0.0,0.0,0.0,0.0,0.0,0.0,False,DISABLED,0,nan,nan,nan,nan,nan,nan,nan,nan,nan,nan,nan,nan,nan,nan,nan,nan,nan,nan,nan,nan,nan,nan,nan,nan,nan,nan,nan,nan,nan,nan,nan,nan,nan,nan,9.093524239410197,-8.754167023185342,0.051349559689246205,0.022242709084376398,0.022242709084376398,0.022242709084376398,9.032841141115172,-8.797570767091178,0.1364164422092043,0.06068309829502461,0.04340374390583612,-0.08506688251995809,0.07460779720462885,0.11314900753162342,0.01920771598815918,False,DISABLED,none,MODEL_ORIGIN_FRAME_NOT_ESTABLISHED,nan,nan,nan,nan,nan,nan,nan,nan,nan,nan,nan,nan,nan,NOT_EVALUATED,nan,nan,nan,nan,DISABLED,nan,nan,nan,nan,nan,nan
1791471067.0361595,1791471067.0600975,1791471067.0674953,1791471067.067514,front_rgbd_red_sphere,True,True,True,,75.852,75.852,1791471067.0600975,1791471067.057175,1791471067.0361595,1791471067.0361595,1791471067.0361595,0.0,1791471066.0521677,1791471067.052175,1791471067.0439188,1791471067.052175,1791471067.0439188,1791471067.052175,1791471066.0521677,1791471067.052175,1791471066.0521677,1791471067.052175,1791470991.1841595,GAZEBO_CLOCK_SYSTEM_INTERPOLATION,MAPPED_EXACT,0,75.852,1791471067.0361595,0.0041942596435546875,0.0,RGB,0.0,0,1,0,UNCALIBRATED,PREPARATION,MID,TURNING,1.0,360,1.0,6.905466556549072,0.345570832490921,nan,nan,False,0.0,0.0,0.0,0.0,0,0,0,0,0,0.0,0.0,0.0,0.0,0.0,0.0,0.0,0.0,0.0,0.0,0.0,0.0,0.0,0.0,6.497230980881662,1.3942460788544544,-1.8781738721801036,0.0,0.0,0.0,0.0,0.0,0.0,0.0,0.0,0.0,0.0,0.0,False,DISABLED,0,nan,nan,nan,nan,nan,nan,nan,nan,nan,nan,nan,nan,nan,nan,nan,nan,nan,nan,nan,nan,nan,nan,nan,nan,nan,nan,nan,nan,nan,nan,nan,nan,nan,nan,9.046433692743923,-8.562202389967002,0.05565728827960564,0.022217293602664914,0.022217293602664914,0.022217293602664914,8.982839384302206,-8.59562012830115,0.14102933265808135,0.06359430844171676,0.03341773833414763,-0.0853720443784757,0.07183997008316309,0.11157673262338431,0.02393794059753418,False,DISABLED,none,MODEL_ORIGIN_FRAME_NOT_ESTABLISHED,nan,nan,nan,nan,nan,nan,nan,nan,nan,nan,nan,nan,nan,NOT_EVALUATED,nan,nan,nan,nan,DISABLED,nan,nan,nan,nan,nan,nan
1791471067.0841725,1791471067.1136858,1791471067.1176388,1791471067.117662,front_rgbd_red_sphere,True,True,True,,75.9,75.9,1791471067.1136858,1791471067.1023602,1791471067.0841725,1791471067.0841725,1791471067.0841725,0.0,1791471066.0921645,1791471067.092166,1791471067.0839188,1791471067.092166,1791471067.0839188,1791471067.092166,1791471066.0921645,1791471067.092166,1791471066.0921645,1791471067.092166,1791470991.1841724,GAZEBO_CLOCK_SYSTEM_INTERPOLATION,MAPPED_EXACT,0,75.9,1791471067.0841725,0.0018188953399658203,0.0,RGB,0.0,0,1,0,UNCALIBRATED,PREPARATION,MID,TURNING,1.0,360,1.0,6.907378196716309,0.3444203734397888,nan,nan,False,0.0,0.0,0.0,0.0,0,0,0,0,0,0.0,0.0,0.0,0.0,0.0,0.0,0.0,0.0,0.0,0.0,0.0,0.0,0.0,0.0,6.501716838189904,1.364687755244674,-1.891342633371932,0.0,0.0,0.0,0.0,0.0,0.0,0.0,0.0,0.0,0.0,0.0,False,DISABLED,0,nan,nan,nan,nan,nan,nan,nan,nan,nan,nan,nan,nan,nan,nan,nan,nan,nan,nan,nan,nan,nan,nan,nan,nan,nan,nan,nan,nan,nan,nan,nan,nan,nan,nan,9.000665582078568,-8.370188789519938,0.058879830532118815,0.022222992020585426,0.022222992020585426,0.022222992020585426,8.937869475524334,-8.4087999022529,0.1444767649084846,0.0627961065542344,0.03861111273296203,-0.08559693437636579,0.0737168164318581,0.1129646148113653,0.02951335906982422,False,DISABLED,none,MODEL_ORIGIN_FRAME_NOT_ESTABLISHED,nan,nan,nan,nan,nan,nan,nan,nan,nan,nan,nan,nan,nan,NOT_EVALUATED,nan,nan,nan,nan,DISABLED,nan,nan,nan,nan,nan,nan
1791471067.136158,1791471067.1539342,1791471067.1609678,1791471067.1609895,front_rgbd_red_sphere,True,True,True,,75.952,75.952,1791471067.1539342,1791471067.1525707,1791471067.136158,1791471067.136158,1791471067.136158,0.0,1791471066.1521704,1791471067.1481664,1791471067.1399188,1791471067.1481664,1791471067.143919,1791471067.1521733,1791471066.1321619,1791471067.1481664,1791471066.1521704,1791471067.1521733,1791470991.184158,GAZEBO_CLOCK_SYSTEM_INTERPOLATION,MAPPED_EXACT,0,75.952,1791471067.136158,0.0011949539184570312,0.0,RGB,0.0,0,1,0,UNCALIBRATED,PREPARATION,MID,TURNING,1.0,362,1.0,6.897499084472656,0.344326913356781,nan,nan,False,0.0,0.0,0.0,0.0,0,0,0,0,0,0.0,0.0,0.0,0.0,0.0,0.0,0.0,0.0,0.0,0.0,0.0,0.0,0.0,0.0,6.492635719716614,1.3288114315694939,-1.9119192688146818,0.0,0.0,0.0,0.0,0.0,0.0,0.0,0.0,0.0,0.0,0.0,False,DISABLED,0,nan,nan,nan,nan,nan,nan,nan,nan,nan,nan,nan,nan,nan,nan,nan,nan,nan,nan,nan,nan,nan,nan,nan,nan,nan,nan,nan,nan,nan,nan,nan,nan,nan,nan,8.956315734200796,-8.177914673982592,0.061503946132296206,0.022193547914416183,0.022193547914416183,0.022193547914416183,8.89055305198334,-8.20622620574601,0.14725676623629974,0.06576268221745707,0.02831153176341772,-0.08575282010400354,0.07159799720121544,0.11171311184912382,0.0177762508392334,False,DISABLED,none,MODEL_ORIGIN_FRAME_NOT_ESTABLISHED,nan,nan,nan,nan,nan,nan,nan,nan,nan,nan,nan,nan,nan,NOT_EVALUATED,nan,nan,nan,nan,DISABLED,nan,nan,nan,nan,nan,nan
1791471067.1841593,1791471067.2142603,1791471067.2199345,1791471067.2199588,front_rgbd_red_sphere,True,True,True,,76.0,76.0,1791471067.2142603,1791471067.2025404,1791471067.1841593,1791471067.1841593,1791471067.1841593,0.0,1791471066.1921809,1791471067.188176,1791471067.179919,1791471067.188176,1791471067.183919,1791471067.1922114,1791471066.1881747,1791471067.188176,1791471066.1921809,1791471067.1922114,1791470991.1841593,GAZEBO_CLOCK_SYSTEM_INTERPOLATION,MAPPED_EXACT,0,76.0,1791471067.1841593,0.0023987293243408203,0.0,RGB,0.0,0,1,0,UNCALIBRATED,PREPARATION,MID,TURNING,1.0,357,1.0,6.898458480834961,0.342682421207428,nan,nan,False,0.0,0.0,0.0,0.0,0,0,0,0,0,0.0,0.0,0.0,0.0,0.0,0.0,0.0,0.0,0.0,0.0,0.0,0.0,0.0,0.0,6.497359607007759,1.3005285536648072,-1.9187691528547228,0.0,0.0,0.0,0.0,0.0,0.0,0.0,0.0,0.0,0.0,0.0,False,DISABLED,0,nan,nan,nan,nan,nan,nan,nan,nan,nan,nan,nan,nan,nan,nan,nan,nan,nan,nan,nan,nan,nan,nan,nan,nan,nan,nan,nan,nan,nan,nan,nan,nan,nan,nan,8.913120140194348,-7.984811935127845,0.06322345550402725,0.02219640694932354,0.02219640694932354,0.02219640694932354,8.848068159855094,-8.019007620253445,0.1489752518475114,0.06505198033925375,0.03419568512560023,-0.08575179634348415,0.07349221065710197,0.1129357144724477,0.03010106086730957,False,DISABLED,none,MODEL_ORIGIN_FRAME_NOT_ESTABLISHED,nan,nan,nan,nan,nan,nan,nan,nan,nan,nan,nan,nan,nan,NOT_EVALUATED,nan,nan,nan,nan,DISABLED,nan,nan,nan,nan,nan,nan
1791471067.2361567,1791471067.2705789,1791471067.2737324,1791471067.2737527,front_rgbd_red_sphere,True,True,True,,76.052,76.052,1791471067.2705789,1791471067.2600055,1791471067.2361567,1791471067.2361567,1791471067.2361567,0.0,1791471066.252169,1791471067.2522793,1791471067.243919,1791471067.2522793,1791471067.243919,1791471067.2522793,1791471066.252169,1791471067.2522793,1791471066.252169,1791471067.2522793,1791470991.1841567,GAZEBO_CLOCK_SYSTEM_INTERPOLATION,MAPPED_EXACT,0,76.052,1791471067.2361567,0.002627849578857422,0.0,RGB,0.0,0,1,0,UNCALIBRATED,PREPARATION,MID,TURNING,1.0,361,1.0,6.8870697021484375,0.3419378101825714,nan,nan,False,0.0,0.0,0.0,0.0,0,0,0,0,0,0.0,0.0,0.0,0.0,0.0,0.0,0.0,0.0,0.0,0.0,0.0,0.0,0.0,0.0,6.4883541723556455,1.2667299271246346,-1.9309023091434345,0.0,0.0,0.0,0.0,0.0,0.0,0.0,0.0,0.0,0.0,0.0,False,DISABLED,0,nan,nan,nan,nan,nan,nan,nan,nan,nan,nan,nan,nan,nan,nan,nan,nan,nan,nan,nan,nan,nan,nan,nan,nan,nan,nan,nan,nan,nan,nan,nan,nan,nan,nan,8.871230819635304,-7.791914899030073,0.06426906542402305,0.022162484262928887,0.022162484262928887,0.022162484262928887,8.803369524140292,-7.815839175068413,0.14985521089498854,0.06786129549501219,0.023924276038339798,-0.08558614547096549,0.07195503047195548,0.11181464442011747,0.03442215919494629,False,DISABLED,none,MODEL_ORIGIN_FRAME_NOT_ESTABLISHED,nan,nan,nan,nan,nan,nan,nan,nan,nan,nan,nan,nan,nan,NOT_EVALUATED,nan,nan,nan,nan,DISABLED,nan,nan,nan,nan,nan,nan
1791471067.284162,1791471067.3115888,1791471067.314888,1791471067.3149114,front_rgbd_red_sphere,True,True,True,,76.1,76.1,1791471067.3115888,1791471067.3005192,1791471067.284162,1791471067.284162,1791471067.284162,0.0,1791471066.2721589,1791471067.2921653,1791471067.2839189,1791471067.2921653,1791471067.2839189,1791471067.2921653,1791471066.2681577,1791471067.2921653,1791471066.2721589,1791471067.2921653,1791470991.1841621,GAZEBO_CLOCK_SYSTEM_INTERPOLATION,MAPPED_EXACT,0,76.1,1791471067.284162,0.003628969192504883,0.0,RGB,0.0,0,1,0,UNCALIBRATED,PREPARATION,MID,TURNING,1.0,362,1.0,6.886692047119141,0.3402741849422455,nan,nan,False,0.0,0.0,0.0,0.0,0,0,0,0,0,0.0,0.0,0.0,0.0,0.0,0.0,0.0,0.0,0.0,0.0,0.0,0.0,0.0,0.0,6.491831069817664,1.2400605480058164,-1.935175831376457,0.0,0.0,0.0,0.0,0.0,0.0,0.0,0.0,0.0,0.0,0.0,False,DISABLED,0,nan,nan,nan,nan,nan,nan,nan,nan,nan,nan,nan,nan,nan,nan,nan,nan,nan,nan,nan,nan,nan,nan,nan,nan,nan,nan,nan,nan,nan,nan,nan,nan,nan,nan,8.830473873227204,-7.598542125293635,0.06486978873754096,0.02216135978322551,0.02216135978322551,0.02216135978322551,8.763279600993295,-7.6281167340125835,0.1498049571655809,0.06719427223390895,0.029574608718948348,-0.08493516842803994,0.07341476487685268,0.11226624843568558,0.027426719665527344,False,DISABLED,none,MODEL_ORIGIN_FRAME_NOT_ESTABLISHED,nan,nan,nan,nan,nan,nan,nan,nan,nan,nan,nan,nan,nan,NOT_EVALUATED,nan,nan,nan,nan,DISABLED,nan,nan,nan,nan,nan,nan
1791471067.3361602,1791471067.362493,1791471067.3677142,1791471067.367747,front_rgbd_red_sphere,True,True,True,,76.152,76.152,1791471067.353508,1791471067.362493,1791471067.3361602,1791471067.3361602,1791471067.3361602,0.0,1791471066.3521733,1791471067.3481665,1791471067.3399189,1791471067.3481665,1791471067.3439188,1791471067.3521757,1791471066.3321617,1791471067.3481665,1791471066.3521733,1791471067.3521757,1791470991.1841602,GAZEBO_CLOCK_SYSTEM_INTERPOLATION,MAPPED_EXACT,0,76.152,1791471067.3361602,0.0026323795318603516,0.0,RGB,0.0,0,1,0,UNCALIBRATED,PREPARATION,MID,TURNING,1.0,358,1.0,6.874439716339111,0.3397357761859894,nan,nan,False,0.0,0.0,0.0,0.0,0,0,0,0,0,0.0,0.0,0.0,0.0,0.0,0.0,0.0,0.0,0.0,0.0,0.0,0.0,0.0,0.0,6.481515599721463,1.2078262022689792,-1.946543587629896,0.0,0.0,0.0,0.0,0.0,0.0,0.0,0.0,0.0,0.0,0.0,False,DISABLED,0,nan,nan,nan,nan,nan,nan,nan,nan,nan,nan,nan,nan,nan,nan,nan,nan,nan,nan,nan,nan,nan,nan,nan,nan,nan,nan,nan,nan,nan,nan,nan,nan,nan,nan,8.790831663003463,-7.405004526437988,0.06456301843188333,0.022124895499100815,0.022124895499100815,0.022124895499100815,8.721159740290416,-7.424493090943546,0.14876474827103345,0.0696719227130469,0.019488564505557804,-0.08420172983915011,0.0723462574085216,0.11101311755340128,0.026332855224609375,False,DISABLED,none,MODEL_ORIGIN_FRAME_NOT_ESTABLISHED,nan,nan,nan,nan,nan,nan,nan,nan,nan,nan,nan,nan,nan,NOT_EVALUATED,nan,nan,nan,nan,DISABLED,nan,nan,nan,nan,nan,nan
1791471067.3841565,1791471067.4006026,1791471067.4043438,1791471067.4043677,front_rgbd_red_sphere,True,True,True,,76.2,76.2,1791471067.4006026,1791471067.399798,1791471067.3841565,1791471067.3841565,1791471067.3841565,0.0,1791471066.392172,1791471067.3881717,1791471067.3799188,1791471067.3881717,1791471067.383919,1791471067.3921764,1791471066.3721614,1791471067.3881717,1791471066.392172,1791471067.3921764,1791470991.1841564,GAZEBO_CLOCK_SYSTEM_INTERPOLATION,MAPPED_EXACT,0,76.2,1791471067.3841565,0.0008082389831542969,0.0,RGB,0.0,0,1,0,UNCALIBRATED,PREPARATION,MID,TURNING,1.0,355,1.0,6.872752666473389,0.3375455141067505,nan,nan,False,0.0,0.0,0.0,0.0,0,0,0,0,0,0.0,0.0,0.0,0.0,0.0,0.0,0.0,0.0,0.0,0.0,0.0,0.0,0.0,0.0,6.4849256260419414,1.1825506461872104,-1.9447471672432233,0.0,0.0,0.0,0.0,0.0,0.0,0.0,0.0,0.0,0.0,0.0,False,DISABLED,0,nan,nan,nan,nan,nan,nan,nan,nan,nan,nan,nan,nan,nan,nan,nan,nan,nan,nan,nan,nan,nan,nan,nan,nan,nan,nan,nan,nan,nan,nan,nan,nan,nan,nan,8.75206406740938,-7.211179799097098,0.06337041284183625,0.022119876914293995,0.022119876914293995,0.022119876914293995,8.683396934148723,-7.236226691780114,0.14694684961249302,0.06866713326065721,0.025046892683016075,-0.08357643677065676,0.07309255792015613,0.11102946819016547,0.01644611358642578,False,DISABLED,none,MODEL_ORIGIN_FRAME_NOT_ESTABLISHED,nan,nan,nan,nan,nan,nan,nan,nan,nan,nan,nan,nan,nan,NOT_EVALUATED,nan,nan,nan,nan,DISABLED,nan,nan,nan,nan,nan,nan
1791471067.436158,1791471067.454182,1791471067.460463,1791471067.4604926,front_rgbd_red_sphere,True,True,True,,76.252,76.252,1791471067.454182,1791471067.4530623,1791471067.436158,1791471067.436158,1791471067.436158,0.0,1791471066.452165,1791471067.4521713,1791471067.443919,1791471067.4521713,1791471067.443919,1791471067.4521713,1791471066.452165,1791471067.4521713,1791471066.452165,1791471067.4521713,1791470991.1841578,GAZEBO_CLOCK_SYSTEM_INTERPOLATION,MAPPED_EXACT,0,76.252,1791471067.436158,0.001355886459350586,0.0,RGB,0.0,0,1,0,UNCALIBRATED,PREPARATION,MID,TURNING,1.0,363,1.0,6.859358310699463,0.33685818314552307,nan,nan,False,0.0,0.0,0.0,0.0,0,0,0,0,0,0.0,0.0,0.0,0.0,0.0,0.0,0.0,0.0,0.0,0.0,0.0,0.0,0.0,0.0,6.473847177197925,1.1522815739579704,-1.952523415501882,0.0,0.0,0.0,0.0,0.0,0.0,0.0,0.0,0.0,0.0,0.0,False,DISABLED,0,nan,nan,nan,nan,nan,nan,nan,nan,nan,nan,nan,nan,nan,nan,nan,nan,nan,nan,nan,nan,nan,nan,nan,nan,nan,nan,nan,nan,nan,nan,nan,nan,nan,nan,8.714789296720653,-7.017145525038096,0.06172570612448075,0.022080053233656558,0.022080053233656558,0.022080053233656558,8.64377818711957,-7.032070010631683,0.14401132936368408,0.07101110960108237,0.014924485593587278,-0.08228562323920333,0.07256251068568484,0.10970980698585812,0.018023967742919922,False,DISABLED,none,MODEL_ORIGIN_FRAME_NOT_ESTABLISHED,nan,nan,nan,nan,nan,nan,nan,nan,nan,nan,nan,nan,nan,NOT_EVALUATED,nan,nan,nan,nan,DISABLED,nan,nan,nan,nan,nan,nan
1791471067.4841564,1791471067.511279,1791471067.5145092,1791471067.5145295,front_rgbd_red_sphere,True,True,True,,76.3,76.3,1791471067.511279,1791471067.5000372,1791471067.4841564,1791471067.4841564,1791471067.4841564,0.0,1791471066.472159,1791471067.492169,1791471067.483919,1791471067.492169,1791471067.483919,1791471067.492169,1791471066.4681726,1791471067.492169,1791471066.472159,1791471067.492169,1791470991.1841564,GAZEBO_CLOCK_SYSTEM_INTERPOLATION,MAPPED_EXACT,0,76.3,1791471067.4841564,0.003341197967529297,0.0,RGB,0.0,0,1,0,UNCALIBRATED,PREPARATION,MID,TURNING,1.0,363,1.0,6.856873512268066,0.3353351652622223,nan,nan,False,0.0,0.0,0.0,0.0,0,0,0,0,0,0.0,0.0,0.0,0.0,0.0,0.0,0.0,0.0,0.0,0.0,0.0,0.0,0.0,0.0,6.474946206974678,1.1285068603348956,-1.954036834558396,0.0,0.0,0.0,0.0,0.0,0.0,0.0,0.0,0.0,0.0,0.0,False,DISABLED,0,nan,nan,nan,nan,nan,nan,nan,nan,nan,nan,nan,nan,nan,nan,nan,nan,nan,nan,nan,nan,nan,nan,nan,nan,nan,nan,nan,nan,nan,nan,nan,nan,nan,nan,8.678417130017385,-6.822597318695868,0.05902166842397,0.02207266942529242,0.02207266942529242,0.02207266942529242,8.608309252477358,-6.843366872144437,0.14047115744509972,0.07010787754002656,0.020769553448569233,-0.08144948902112972,0.07311968848142295,0.10945550742390017,0.02712273597717285,False,DISABLED,none,MODEL_ORIGIN_FRAME_NOT_ESTABLISHED,nan,nan,nan,nan,nan,nan,nan,nan,nan,nan,nan,nan,nan,NOT_EVALUATED,nan,nan,nan,nan,DISABLED,nan,nan,nan,nan,nan,nan
1791471067.5361605,1791471067.5641615,1791471067.567509,1791471067.5675302,front_rgbd_red_sphere,True,True,True,,76.352,76.352,1791471067.5641615,1791471067.55273,1791471067.5361605,1791471067.5361605,1791471067.5361605,0.0,1791471066.552165,1791471067.548181,1791471067.539919,1791471067.548181,1791471067.5439188,1791471067.5521748,1791471066.548171,1791471067.548181,1791471066.552165,1791471067.5521748,1791470991.1841605,GAZEBO_CLOCK_SYSTEM_INTERPOLATION,MAPPED_EXACT,0,76.352,1791471067.5361605,0.0003070831298828125,0.0,RGB,0.0,0,1,0,UNCALIBRATED,PREPARATION,MID,TURNING,1.0,364,1.0,6.842700958251953,0.3355308771133423,nan,nan,False,0.0,0.0,0.0,0.0,0,0,0,0,0,0.0,0.0,0.0,0.0,0.0,0.0,0.0,0.0,0.0,0.0,0.0,0.0,0.0,0.0,6.461121991412674,1.099366477239319,-1.9666852661026608,0.0,0.0,0.0,0.0,0.0,0.0,0.0,0.0,0.0,0.0,0.0,False,DISABLED,0,nan,nan,nan,nan,nan,nan,nan,nan,nan,nan,nan,nan,nan,nan,nan,nan,nan,nan,nan,nan,nan,nan,nan,nan,nan,nan,nan,nan,nan,nan,nan,nan,nan,nan,8.64309188242547,-6.62803814312244,0.055785072456281226,0.022030576863648878,0.022030576863648878,0.022030576863648878,8.571141357632118,-6.638702306898734,0.1357111334752591,0.07195052479335118,0.010664163776294089,-0.07992606101897787,0.07273652732352752,0.10806839333077753,0.028001070022583008,False,DISABLED,none,MODEL_ORIGIN_FRAME_NOT_ESTABLISHED,nan,nan,nan,nan,nan,nan,nan,nan,nan,nan,nan,nan,nan,NOT_EVALUATED,nan,nan,nan,nan,DISABLED,nan,nan,nan,nan,nan,nan
1791471067.5841613,1791471067.6132693,1791471067.6169987,1791471067.6170197,front_rgbd_red_sphere,True,True,True,,76.4,76.4,1791471067.6132693,1791471067.6021798,1791471067.5841613,1791471067.5841613,1791471067.5841613,0.0,1791471066.5721617,1791471067.5881681,1791471067.5799189,1791471067.5881681,1791471067.5839188,1791471067.5921664,1791471066.5721617,1791471067.5881681,1791471066.5721617,1791471067.5921664,1791470991.1841612,GAZEBO_CLOCK_SYSTEM_INTERPOLATION,MAPPED_EXACT,0,76.4,1791471067.5841613,0.001445770263671875,0.0,RGB,0.0,0,1,0,UNCALIBRATED,PREPARATION,MID,TURNING,1.0,364,1.0,6.8393964767456055,0.3346133828163147,nan,nan,False,0.0,0.0,0.0,0.0,0,0,0,0,0,0.0,0.0,0.0,0.0,0.0,0.0,0.0,0.0,0.0,0.0,0.0,0.0,0.0,0.0,6.460065558040165,1.0761906033938589,-1.9714748364397723,0.0,0.0,0.0,0.0,0.0,0.0,0.0,0.0,0.0,0.0,0.0,False,DISABLED,0,nan,nan,nan,nan,nan,nan,nan,nan,nan,nan,nan,nan,nan,nan,nan,nan,nan,nan,nan,nan,nan,nan,nan,nan,nan,nan,nan,nan,nan,nan,nan,nan,nan,nan,8.60855887378444,-6.432704280297111,0.051210995611236376,0.022020769233653186,0.022020769233653186,0.022020769233653186,8.537923194677676,-6.449600529002043,0.13053574390480652,0.07063567910676483,0.016896248704932226,-0.07932474829357014,0.07262838551952519,0.10755137411958546,0.029108047485351562,False,DISABLED,none,MODEL_ORIGIN_FRAME_NOT_ESTABLISHED,nan,nan,nan,nan,nan,nan,nan,nan,nan,nan,nan,nan,nan,NOT_EVALUATED,nan,nan,nan,nan,DISABLED,nan,nan,nan,nan,nan,nan
1791471067.6361754,1791471067.65547,1791471067.6609771,1791471067.6610043,front_rgbd_red_sphere,True,True,True,,76.452,76.452,1791471067.65547,1791471067.6545973,1791471067.6361754,1791471067.6361754,1791471067.6361754,0.0,1791471066.6521666,1791471067.652187,1791471067.643919,1791471067.652187,1791471067.643919,1791471067.652187,1791471066.6521666,1791471067.652187,1791471066.6521666,1791471067.652187,1791470991.1841755,GAZEBO_CLOCK_SYSTEM_INTERPOLATION,MAPPED_EXACT,0,76.452,1791471067.6361754,0.0017268657684326172,0.0,RGB,0.0,0,1,0,UNCALIBRATED,PREPARATION,MID,TURNING,1.0,367,1.0,6.824685573577881,0.33502355217933655,nan,nan,False,0.0,0.0,0.0,0.0,0,0,0,0,0,0.0,0.0,0.0,0.0,0.0,0.0,0.0,0.0,0.0,0.0,0.0,0.0,0.0,0.0,6.44525054040602,1.0485557089241606,-1.9838368989455342,0.0,0.0,0.0,0.0,0.0,0.0,0.0,0.0,0.0,0.0,0.0,False,DISABLED,0,nan,nan,nan,nan,nan,nan,nan,nan,nan,nan,nan,nan,nan,nan,nan,nan,nan,nan,nan,nan,nan,nan,nan,nan,nan,nan,nan,nan,nan,nan,nan,nan,nan,nan,8.575062932241137,-6.236850308289082,0.046074463119954834,0.021977130076264385,0.021977130076264385,0.021977130076264385,8.503159383790704,-6.244458575722738,0.12406819643825104,0.07190354845043245,0.007608267433655946,-0.0779937333182962,0.0723049515116753,0.10635331894224657,0.01929450035095215,False,DISABLED,none,MODEL_ORIGIN_FRAME_NOT_ESTABLISHED,nan,nan,nan,nan,nan,nan,nan,nan,nan,nan,nan,nan,nan,NOT_EVALUATED,nan,nan,nan,nan,DISABLED,nan,nan,nan,nan,nan,nan
1791471067.6841571,1791471067.71284,1791471067.716217,1791471067.7162378,front_rgbd_red_sphere,True,True,True,,76.5,76.5,1791471067.71284,1791471067.7018406,1791471067.6841571,1791471067.6841571,1791471067.6841571,0.0,1791471066.6721692,1791471067.6921737,1791471067.683919,1791471067.6921737,1791471067.683919,1791471067.6921737,1791471066.6681657,1791471067.6921737,1791471066.6721692,1791471067.6921737,1791470991.1841571,GAZEBO_CLOCK_SYSTEM_INTERPOLATION,MAPPED_EXACT,0,76.5,1791471067.6841571,0.0009136199951171875,0.0,RGB,0.0,0,1,0,UNCALIBRATED,PREPARATION,MID,TURNING,1.0,364,1.0,6.82039213180542,0.33388012647628784,nan,nan,False,0.0,0.0,0.0,0.0,0,0,0,0,0,0.0,0.0,0.0,0.0,0.0,0.0,0.0,0.0,0.0,0.0,0.0,0.0,0.0,0.0,6.443755965932283,1.027427621683655,-1.9849820151963788,0.0,0.0,0.0,0.0,0.0,0.0,0.0,0.0,0.0,0.0,0.0,False,DISABLED,0,nan,nan,nan,nan,nan,nan,nan,nan,nan,nan,nan,nan,nan,nan,nan,nan,nan,nan,nan,nan,nan,nan,nan,nan,nan,nan,nan,nan,nan,nan,nan,nan,nan,nan,8.542874918414128,-6.041177133797139,0.039980270518188255,0.021964402997073553,0.021964402997073553,0.021964402997073553,8.472160593801696,-6.055040305883251,0.11738600689788901,0.07071432461243177,0.013863172086112208,-0.07740573637970076,0.07206041386004894,0.10575609330041114,0.028682947158813477,False,DISABLED,none,MODEL_ORIGIN_FRAME_NOT_ESTABLISHED,nan,nan,nan,nan,nan,nan,nan,nan,nan,nan,nan,nan,nan,NOT_EVALUATED,nan,nan,nan,nan,DISABLED,nan,nan,nan,nan,nan,nan
1791471067.7361574,1791471067.7523623,1791471067.7602496,1791471067.76027,front_rgbd_red_sphere,True,True,True,,76.552,76.552,1791471067.7523623,1791471067.751277,1791471067.7361574,1791471067.7361574,1791471067.7361574,0.0,1791471066.7521625,1791471067.7481716,1791471067.739948,1791471067.7481716,1791471067.743948,1791471067.752175,1791471066.7321575,1791471067.7481716,1791471066.7521625,1791471067.752175,1791470991.1841574,GAZEBO_CLOCK_SYSTEM_INTERPOLATION,MAPPED_EXACT,0,76.552,1791471067.7361574,0.0010249614715576172,0.0,RGB,0.0,0,1,0,UNCALIBRATED,PREPARATION,MID,TURNING,1.0,367,1.0,6.804707050323486,0.33379581570625305,nan,nan,False,0.0,0.0,0.0,0.0,0,0,0,0,0,0.0,0.0,0.0,0.0,0.0,0.0,0.0,0.0,0.0,0.0,0.0,0.0,0.0,0.0,6.429124675481998,1.0023025948167383,-1.9914269885505966,0.0,0.0,0.0,0.0,0.0,0.0,0.0,0.0,0.0,0.0,0.0,False,DISABLED,0,nan,nan,nan,nan,nan,nan,nan,nan,nan,nan,nan,nan,nan,nan,nan,nan,nan,nan,nan,nan,nan,nan,nan,nan,nan,nan,nan,nan,nan,nan,nan,nan,nan,nan,8.511699744463893,-5.844922392797779,0.0334074461142882,0.021917934648256043,0.021917934648256043,0.021917934648256043,8.43978121178305,-5.849582150124044,0.10937343684902379,0.07191853268084358,0.004659757326265002,-0.07596599073473559,0.07206933246052198,0.10471303848907823,0.016204833984375,False,DISABLED,none,MODEL_ORIGIN_FRAME_NOT_ESTABLISHED,nan,nan,nan,nan,nan,nan,nan,nan,nan,nan,nan,nan,nan,NOT_EVALUATED,nan,nan,nan,nan,DISABLED,nan,nan,nan,nan,nan,nan
1791471067.784159,1791471067.803164,1791471067.8087795,1791471067.8088171,front_rgbd_red_sphere,True,True,True,,76.6,76.6,1791471067.803164,1791471067.8015928,1791471067.784159,1791471067.784159,1791471067.784159,0.0,1791471066.7921662,1791471067.788174,1791471067.779948,1791471067.788174,1791471067.783948,1791471067.7921755,1791471066.7721572,1791471067.788174,1791471066.7921662,1791471067.7921755,1791470991.184159,GAZEBO_CLOCK_SYSTEM_INTERPOLATION,MAPPED_EXACT,0,76.6,1791471067.784159,0.0033147335052490234,0.0,RGB,0.0,0,1,0,UNCALIBRATED,PREPARATION,MID,TURNING,1.0,367,1.0,6.799951076507568,0.3321981132030487,nan,nan,False,0.0,0.0,0.0,0.0,0,0,0,0,0,0.0,0.0,0.0,0.0,0.0,0.0,0.0,0.0,0.0,0.0,0.0,0.0,0.0,0.0,6.428182730382222,0.9830667083960867,-1.9878085447129061,0.0,0.0,0.0,0.0,0.0,0.0,0.0,0.0,0.0,0.0,0.0,False,DISABLED,0,nan,nan,nan,nan,nan,nan,nan,nan,nan,nan,nan,nan,nan,nan,nan,nan,nan,nan,nan,nan,nan,nan,nan,nan,nan,nan,nan,nan,nan,nan,nan,nan,nan,nan,8.481386600160072,-5.648140716529665,0.025694718289489826,0.021903855520982413,0.021903855520982413,0.021903855520982413,8.41094271083736,-5.659760604752287,0.10134633181210158,0.0704438893227124,0.011619888222622166,-0.07565161352261175,0.07139582162295484,0.10402177644027909,0.01900506019592285,False,DISABLED,none,MODEL_ORIGIN_FRAME_NOT_ESTABLISHED,nan,nan,nan,nan,nan,nan,nan,nan,nan,nan,nan,nan,nan,NOT_EVALUATED,nan,nan,nan,nan,DISABLED,nan,nan,nan,nan,nan,nan
1791471067.8361626,1791471067.8665302,1791471067.8698153,1791471067.8698363,front_rgbd_red_sphere,True,True,True,,76.652,76.652,1791471067.8576584,1791471067.8665302,1791471067.8361626,1791471067.8361626,1791471067.8361626,0.0,1791471066.8321636,1791471067.8521633,1791471067.843948,1791471067.8521633,1791471067.843948,1791471067.8521633,1791471066.8281603,1791471067.8521633,1791471066.8321636,1791471067.8521633,1791470991.1841626,GAZEBO_CLOCK_SYSTEM_INTERPOLATION,MAPPED_EXACT,0,76.652,1791471067.8361626,0.0026674270629882812,0.0,RGB,0.0,0,1,0,UNCALIBRATED,PREPARATION,MID,TURNING,1.0,372,1.0,6.7838134765625,0.3321935832500458,nan,nan,False,0.0,0.0,0.0,0.0,0,0,0,0,0,0.0,0.0,0.0,0.0,0.0,0.0,0.0,0.0,0.0,0.0,0.0,0.0,0.0,0.0,6.41293713645706,0.9599162573930053,-1.9932186838757344,0.0,0.0,0.0,0.0,0.0,0.0,0.0,0.0,0.0,0.0,0.0,False,DISABLED,0,nan,nan,nan,nan,nan,nan,nan,nan,nan,nan,nan,nan,nan,nan,nan,nan,nan,nan,nan,nan,nan,nan,nan,nan,nan,nan,nan,nan,nan,nan,nan,nan,nan,nan,8.452322421621794,-5.451418966625203,0.01751949638091249,0.021856113518770027,0.021856113518770027,0.021856113518770027,8.380877529140925,-5.4538150826775915,0.09197778075302192,0.07144489248086927,0.0023961160523882086,-0.07445828437210943,0.07148506161247595,0.10321894276428818,0.030367612838745117,False,DISABLED,none,MODEL_ORIGIN_FRAME_NOT_ESTABLISHED,nan,nan,nan,nan,nan,nan,nan,nan,nan,nan,nan,nan,nan,NOT_EVALUATED,nan,nan,nan,nan,DISABLED,nan,nan,nan,nan,nan,nan
1791471067.884156,1791471067.910765,1791471067.9143503,1791471067.9143689,front_rgbd_red_sphere,True,True,True,,76.7,76.7,1791471067.910765,1791471067.8996673,1791471067.884156,1791471067.884156,1791471067.884156,0.0,1791471066.872162,1791471067.8921664,1791471067.8839478,1791471067.8921664,1791471067.8839478,1791471067.8921664,1791471066.868162,1791471067.8921664,1791471066.872162,1791471067.8921664,1791470991.184156,GAZEBO_CLOCK_SYSTEM_INTERPOLATION,MAPPED_EXACT,0,76.7,1791471067.884156,0.0028281211853027344,0.0,RGB,0.0,0,1,0,UNCALIBRATED,PREPARATION,MID,TURNING,1.0,365,1.0,6.778631210327148,0.33089479804039,nan,nan,False,0.0,0.0,0.0,0.0,0,0,0,0,0,0.0,0.0,0.0,0.0,0.0,0.0,0.0,0.0,0.0,0.0,0.0,0.0,0.0,0.0,6.410903958858325,0.9424127089668861,-1.9904792834728546,0.0,0.0,0.0,0.0,0.0,0.0,0.0,0.0,0.0,0.0,0.0,False,DISABLED,0,nan,nan,nan,nan,nan,nan,nan,nan,nan,nan,nan,nan,nan,nan,nan,nan,nan,nan,nan,nan,nan,nan,nan,nan,nan,nan,nan,nan,nan,nan,nan,nan,nan,nan,8.42430152528304,-5.254557873564507,0.008367998264597942,0.021840793603826215,0.021840793603826215,0.021840793603826215,8.354181150974636,-5.263706736269875,0.08280539527928135,0.07012037430840401,0.009148862705368188,-0.07443739701468341,0.07071469848590434,0.10267178120727215,0.026608943939208984,False,DISABLED,none,MODEL_ORIGIN_FRAME_NOT_ESTABLISHED,nan,nan,nan,nan,nan,nan,nan,nan,nan,nan,nan,nan,nan,NOT_EVALUATED,nan,nan,nan,nan,DISABLED,nan,nan,nan,nan,nan,nan
1791471067.9361567,1791471067.965178,1791471067.968144,1791471067.968164,front_rgbd_red_sphere,True,True,True,,76.752,76.752,1791471067.965178,1791471067.9551384,1791471067.9361567,1791471067.9361567,1791471067.9361567,0.0,1791471066.952167,1791471067.9481716,1791471067.9399478,1791471067.9481716,1791471067.943948,1791471067.95217,1791471066.9481673,1791471067.9481716,1791471066.952167,1791471067.95217,1791470991.1841567,GAZEBO_CLOCK_SYSTEM_INTERPOLATION,MAPPED_EXACT,0,76.752,1791471067.9361567,0.0012154579162597656,0.0,RGB,0.0,0,1,0,UNCALIBRATED,PREPARATION,MID,TURNING,1.0,371,1.0,6.76245641708374,0.3310324549674988,nan,nan,False,0.0,0.0,0.0,0.0,0,0,0,0,0,0.0,0.0,0.0,0.0,0.0,0.0,0.0,0.0,0.0,0.0,0.0,0.0,0.0,0.0,6.3953044780171915,0.9209042457507506,-1.9957043828434005,0.0,0.0,0.0,0.0,0.0,0.0,0.0,0.0,0.0,0.0,0.0,False,DISABLED,0,nan,nan,nan,nan,nan,nan,nan,nan,nan,nan,nan,nan,nan,nan,nan,nan,nan,nan,nan,nan,nan,nan,nan,nan,nan,nan,nan,nan,nan,nan,nan,nan,nan,nan,8.39717568972385,-5.05719136402846,-0.0014290398822662254,0.02179301264238122,0.02179301264238122,0.02179301264238122,8.326432060222054,-5.057575103451048,0.07232459769725656,0.07074362950179669,0.00038373942258740357,-0.07375363757952279,0.07074467026590715,0.10219788367301703,0.029021263122558594,False,DISABLED,none,MODEL_ORIGIN_FRAME_NOT_ESTABLISHED,nan,nan,nan,nan,nan,nan,nan,nan,nan,nan,nan,nan,nan,NOT_EVALUATED,nan,nan,nan,nan,DISABLED,nan,nan,nan,nan,nan,nan
1791471067.9841602,1791471068.0118494,1791471068.0170133,1791471068.0170357,front_rgbd_red_sphere,True,True,True,,76.8,76.8,1791471068.0118494,1791471068.0003977,1791471067.9841602,1791471067.9841602,1791471067.9841602,0.0,1791471066.972159,1791471067.988172,1791471067.9799478,1791471067.988172,1791471067.983948,1791471067.9921658,1791471066.972159,1791471067.988172,1791471066.972159,1791471067.9921658,1791470991.1841602,GAZEBO_CLOCK_SYSTEM_INTERPOLATION,MAPPED_EXACT,0,76.8,1791471067.9841602,0.004192352294921875,0.0,RGB,0.0,0,1,0,UNCALIBRATED,PREPARATION,MID,TURNING,1.0,367,1.0,6.757023334503174,0.3291516602039337,nan,nan,False,0.0,0.0,0.0,0.0,0,0,0,0,0,0.0,0.0,0.0,0.0,0.0,0.0,0.0,0.0,0.0,0.0,0.0,0.0,0.0,0.0,6.3942854819945785,0.9047896673707649,-1.9879221447250677,0.0,0.0,0.0,0.0,0.0,0.0,0.0,0.0,0.0,0.0,0.0,False,DISABLED,0,nan,nan,nan,nan,nan,nan,nan,nan,nan,nan,nan,nan,nan,nan,nan,nan,nan,nan,nan,nan,nan,nan,nan,nan,nan,nan,nan,nan,nan,nan,nan,nan,nan,nan,8.371158172044087,-4.859657973877765,-0.011983117763973483,0.021776974048593516,0.021776974048593516,0.021776974048593516,8.301834849579539,-4.86713303351121,0.06222971481858657,0.0693233224645482,0.007475059633444303,-0.07421283258256006,0.06972517159568187,0.10182899426967924,0.027689218521118164,False,DISABLED,none,MODEL_ORIGIN_FRAME_NOT_ESTABLISHED,nan,nan,nan,nan,nan,nan,nan,nan,nan,nan,nan,nan,nan,NOT_EVALUATED,nan,nan,nan,nan,DISABLED,nan,nan,nan,nan,nan,nan
1791471068.03616,1791471068.0654843,1791471068.0711627,1791471068.071185,front_rgbd_red_sphere,True,True,True,,76.852,76.852,1791471068.0654843,1791471068.0541563,1791471068.03616,1791471068.03616,1791471068.03616,0.0,1791471067.032158,1791471068.0521698,1791471068.043948,1791471068.0521698,1791471068.043948,1791471068.0521698,1791471067.0281622,1791471068.0521698,1791471067.032158,1791471068.0521698,1791470991.18416,GAZEBO_CLOCK_SYSTEM_INTERPOLATION,MAPPED_EXACT,0,76.852,1791471068.03616,0.0016021728515625,0.0,RGB,0.0,0,1,0,UNCALIBRATED,PREPARATION,MID,TURNING,1.0,373,1.0,6.7403669357299805,0.328403115272522,nan,nan,False,0.0,0.0,0.0,0.0,0,0,0,0,0,0.0,0.0,0.0,0.0,0.0,0.0,0.0,0.0,0.0,0.0,0.0,0.0,0.0,0.0,6.380152103738581,0.8853912040652547,-1.985519058744817,0.0,0.0,0.0,0.0,0.0,0.0,0.0,0.0,0.0,0.0,0.0,False,DISABLED,0,nan,nan,nan,nan,nan,nan,nan,nan,nan,nan,nan,nan,nan,nan,nan,nan,nan,nan,nan,nan,nan,nan,nan,nan,nan,nan,nan,nan,nan,nan,nan,nan,nan,nan,8.346228517624768,-4.662000046830898,-0.022880457003938426,0.021727841292874077,0.021727841292874077,0.021727841292874077,8.276360499341218,-4.66078306849409,0.050891804573214405,0.06986801828355027,-0.0012169783368083387,-0.07377226157715283,0.06987861629384755,0.10161381595703724,0.02932429313659668,False,DISABLED,none,MODEL_ORIGIN_FRAME_NOT_ESTABLISHED,nan,nan,nan,nan,nan,nan,nan,nan,nan,nan,nan,nan,nan,NOT_EVALUATED,nan,nan,nan,nan,DISABLED,nan,nan,nan,nan,nan,nan
1791471068.0841732,1791471068.114525,1791471068.1179993,1791471068.1180186,front_rgbd_red_sphere,True,True,True,,76.9,76.9,1791471068.114525,1791471068.1137183,1791471068.0841732,1791471068.0841732,1791471068.0841732,0.0,1791471067.0721636,1791471068.0921636,1791471068.083948,1791471068.0921636,1791471068.083948,1791471068.0921636,1791471067.0681612,1791471068.0921636,1791471067.0721636,1791471068.0921636,1791470991.184173,GAZEBO_CLOCK_SYSTEM_INTERPOLATION,MAPPED_EXACT,0,76.9,1791471068.0841732,0.0025665760040283203,0.0,RGB,0.0,0,1,0,UNCALIBRATED,PREPARATION,MID,TURNING,1.0,371,1.0,6.735166072845459,0.3261205554008484,nan,nan,False,0.0,0.0,0.0,0.0,0,0,0,0,0,0.0,0.0,0.0,0.0,0.0,0.0,0.0,0.0,0.0,0.0,0.0,0.0,0.0,0.0,6.380171286832812,0.8712644700994998,-1.9740254767254841,0.0,0.0,0.0,0.0,0.0,0.0,0.0,0.0,0.0,0.0,0.0,False,DISABLED,0,nan,nan,nan,nan,nan,nan,nan,nan,nan,nan,nan,nan,nan,nan,nan,nan,nan,nan,nan,nan,nan,nan,nan,nan,nan,nan,nan,nan,nan,nan,nan,nan,nan,nan,8.321957790202214,-4.463690931612343,-0.03419802428547486,0.02171251235264693,0.02171251235264693,0.02171251235264693,8.253874752860298,-4.47039764557644,0.04014387041800042,0.0680830373419159,0.006706713964096167,-0.07434189470347527,0.06841257184097757,0.1010296852118204,0.030351877212524414,False,DISABLED,none,MODEL_ORIGIN_FRAME_NOT_ESTABLISHED,nan,nan,nan,nan,nan,nan,nan,nan,nan,nan,nan,nan,nan,NOT_EVALUATED,nan,nan,nan,nan,DISABLED,nan,nan,nan,nan,nan,nan
1791471068.1361578,1791471068.163118,1791471068.1662881,1791471068.1663065,front_rgbd_red_sphere,True,True,True,,76.952,76.952,1791471068.163118,1791471068.1624985,1791471068.1361578,1791471068.1361578,1791471068.1361578,0.0,1791471067.1481664,1791471068.1481712,1791471068.139948,1791471068.1481712,1791471068.1439478,1791471068.1521711,1791471067.1481664,1791471068.1481712,1791471067.132158,1791471068.1521711,1791470991.1841578,GAZEBO_CLOCK_SYSTEM_INTERPOLATION,MAPPED_EXACT,0,76.952,1791471068.1361578,0.0031282901763916016,0.0,RGB,0.0,0,1,0,UNCALIBRATED,PREPARATION,MID,TURNING,1.0,372,1.0,6.718577861785889,0.32499879598617554,nan,nan,False,0.0,0.0,0.0,0.0,0,0,0,0,0,0.0,0.0,0.0,0.0,0.0,0.0,0.0,0.0,0.0,0.0,0.0,0.0,0.0,0.0,6.3668675500959555,0.8535765856195248,-1.968169242702678,0.0,0.0,0.0,0.0,0.0,0.0,0.0,0.0,0.0,0.0,0.0,False,DISABLED,0,nan,nan,nan,nan,nan,nan,nan,nan,nan,nan,nan,nan,nan,nan,nan,nan,nan,nan,nan,nan,nan,nan,nan,nan,nan,nan,nan,nan,nan,nan,nan,nan,nan,nan,8.298614380940222,-4.265276698310935,-0.045974191897704075,0.021663652785686365,0.021663652785686365,0.021663652785686365,8.230596643339306,-4.263452956451624,0.028205601010410856,0.06801773760091656,-0.0018237418593116672,-0.07417979290811494,0.06804218296554385,0.1006597255043315,0.026960134506225586,False,DISABLED,none,MODEL_ORIGIN_FRAME_NOT_ESTABLISHED,nan,nan,nan,nan,nan,nan,nan,nan,nan,nan,nan,nan,nan,NOT_EVALUATED,nan,nan,nan,nan,DISABLED,nan,nan,nan,nan,nan,nan
1791471068.1841576,1791471068.2119448,1791471068.2169373,1791471068.2169592,front_rgbd_red_sphere,True,True,True,,77.0,77.0,1791471068.2119448,1791471068.2001653,1791471068.1841576,1791471068.1841576,1791471068.1841576,0.0,1791471067.1721842,1791471068.1881635,1791471068.1799479,1791471068.1881635,1791471068.1839478,1791471068.192174,1791471067.1721842,1791471068.1881635,1791471067.1721842,1791471068.192174,1791470991.1841576,GAZEBO_CLOCK_SYSTEM_INTERPOLATION,MAPPED_EXACT,0,77.0,1791471068.1841576,0.004177570343017578,0.0,RGB,0.0,0,1,0,UNCALIBRATED,PREPARATION,MID,TURNING,1.0,372,1.0,6.713069438934326,0.32216358184814453,nan,nan,False,0.0,0.0,0.0,0.0,0,0,0,0,0,0.0,0.0,0.0,0.0,0.0,0.0,0.0,0.0,0.0,0.0,0.0,0.0,0.0,0.0,6.367699332539975,0.8407429879071682,-1.9521412338715622,0.0,0.0,0.0,0.0,0.0,0.0,0.0,0.0,0.0,0.0,0.0,False,DISABLED,0,nan,nan,nan,nan,nan,nan,nan,nan,nan,nan,nan,nan,nan,nan,nan,nan,nan,nan,nan,nan,nan,nan,nan,nan,nan,nan,nan,nan,nan,nan,nan,nan,nan,nan,8.276406988608159,-4.066571168551031,-0.05789934201686092,0.021647440720028,0.021647440720028,0.021647440720028,8.210119292409324,-4.072440218278105,0.017028093120800766,0.06628769619883457,0.005869049727074582,-0.07492743513766169,0.0665470090390835,0.10021289811374762,0.027787208557128906,False,DISABLED,none,MODEL_ORIGIN_FRAME_NOT_ESTABLISHED,nan,nan,nan,nan,nan,nan,nan,nan,nan,nan,nan,nan,nan,NOT_EVALUATED,nan,nan,nan,nan,DISABLED,nan,nan,nan,nan,nan,nan
1791471068.2361593,1791471068.2703927,1791471068.2735538,1791471068.273574,front_rgbd_red_sphere,True,True,True,,77.052,77.052,1791471068.2703927,1791471068.2592835,1791471068.2361593,1791471068.2361593,1791471068.2361593,0.0,1791471067.2321596,1791471068.2521787,1791471068.243948,1791471068.2521787,1791471068.243948,1791471068.2521787,1791471067.2281642,1791471068.2521787,1791471067.2321596,1791471068.2521787,1791470991.1841593,GAZEBO_CLOCK_SYSTEM_INTERPOLATION,MAPPED_EXACT,0,77.052,1791471068.2361593,0.0024673938751220703,0.0,RGB,0.0,0,1,0,UNCALIBRATED,PREPARATION,MID,TURNING,1.0,373,1.0,6.696647644042969,0.3207687437534332,nan,nan,False,0.0,0.0,0.0,0.0,0,0,0,0,0,0.0,0.0,0.0,0.0,0.0,0.0,0.0,0.0,0.0,0.0,0.0,0.0,0.0,0.0,6.355073719342793,0.8246077836494932,-1.9437458335053943,0.0,0.0,0.0,0.0,0.0,0.0,0.0,0.0,0.0,0.0,0.0,False,DISABLED,0,nan,nan,nan,nan,nan,nan,nan,nan,nan,nan,nan,nan,nan,nan,nan,nan,nan,nan,nan,nan,nan,nan,nan,nan,nan,nan,nan,nan,nan,nan,nan,nan,nan,nan,8.255110557078437,-3.8675741283992826,-0.0699844937184188,0.021599144796124313,0.021599144796124313,0.021599144796124313,8.189081871376198,-3.8655401191350403,0.004817961635641117,0.06602868570223919,-0.0020340092642423535,-0.07480245535405992,0.06606000703339433,0.09979645212254912,0.03423333168029785,False,DISABLED,none,MODEL_ORIGIN_FRAME_NOT_ESTABLISHED,nan,nan,nan,nan,nan,nan,nan,nan,nan,nan,nan,nan,nan,NOT_EVALUATED,nan,nan,nan,nan,DISABLED,nan,nan,nan,nan,nan,nan
1791471068.2841592,1791471068.3105319,1791471068.3137023,1791471068.3137276,front_rgbd_red_sphere,True,True,True,,77.1,77.1,1791471068.3105319,1791471068.2993557,1791471068.2841592,1791471068.2841592,1791471068.2841592,0.0,1791471067.2921653,1791471068.2921772,1791471068.283948,1791471068.2921772,1791471068.283948,1791471068.2921772,1791471067.2921653,1791471068.2921772,1791471067.2921653,1791471068.2921772,1791470991.1841593,GAZEBO_CLOCK_SYSTEM_INTERPOLATION,MAPPED_EXACT,0,77.1,1791471068.2841592,0.002592325210571289,0.0,RGB,0.0,0,1,0,UNCALIBRATED,PREPARATION,MID,TURNING,1.0,373,1.0,6.691750526428223,0.3182411193847656,nan,nan,False,0.0,0.0,0.0,0.0,0,0,0,0,0,0.0,0.0,0.0,0.0,0.0,0.0,0.0,0.0,0.0,0.0,0.0,0.0,0.0,0.0,6.35573929795126,0.8129804963123908,-1.9295508745400483,0.0,0.0,0.0,0.0,0.0,0.0,0.0,0.0,0.0,0.0,0.0,False,DISABLED,0,nan,nan,nan,nan,nan,nan,nan,nan,nan,nan,nan,nan,nan,nan,nan,nan,nan,nan,nan,nan,nan,nan,nan,nan,nan,nan,nan,nan,nan,nan,nan,nan,nan,nan,8.234882673531398,-3.6681920827367245,-0.08214370097096152,0.021584753524415638,0.021584753524415638,0.021584753524415638,8.170650520851787,-3.6745133346332737,-0.006479451956902331,0.06423215267961169,0.006321251896549196,-0.07566424901405919,0.06454244853890015,0.09945253260856723,0.026372671127319336,False,DISABLED,none,MODEL_ORIGIN_FRAME_NOT_ESTABLISHED,nan,nan,nan,nan,nan,nan,nan,nan,nan,nan,nan,nan,nan,NOT_EVALUATED,nan,nan,nan,nan,DISABLED,nan,nan,nan,nan,nan,nan
1791471068.3361604,1791471068.353786,1791471068.3609803,1791471068.3610008,front_rgbd_red_sphere,True,True,True,,77.152,77.152,1791471068.353786,1791471068.352422,1791471068.3361604,1791471068.3361604,1791471068.3361604,0.0,1791471067.3481665,1791471068.3481903,1791471068.339948,1791471068.3481903,1791471068.343948,1791471068.3521686,1791471067.3481665,1791471068.3481903,1791471067.332158,1791471068.3521686,1791470991.1841605,GAZEBO_CLOCK_SYSTEM_INTERPOLATION,MAPPED_EXACT,0,77.152,1791471068.3361604,0.0017452239990234375,0.0,RGB,0.0,0,1,0,UNCALIBRATED,PREPARATION,MID,TURNING,1.0,376,1.0,6.675917148590088,0.31718212366104126,nan,nan,False,0.0,0.0,0.0,0.0,0,0,0,0,0,0.0,0.0,0.0,0.0,0.0,0.0,0.0,0.0,0.0,0.0,0.0,0.0,0.0,0.0,6.342909349763484,0.7976081766921794,-1.923327929359317,0.0,0.0,0.0,0.0,0.0,0.0,0.0,0.0,0.0,0.0,0.0,False,DISABLED,0,nan,nan,nan,nan,nan,nan,nan,nan,nan,nan,nan,nan,nan,nan,nan,nan,nan,nan,nan,nan,nan,nan,nan,nan,nan,nan,nan,nan,nan,nan,nan,nan,nan,nan,8.215379246664133,-3.4686199538597,-0.0944408454338585,0.02153825405730746,0.02153825405730746,0.02153825405730746,8.151792493097469,-3.467358254198141,-0.018679630236713273,0.0635867535666641,-0.0012616996615588683,-0.07576121519714522,0.06359926976926424,0.09891728283435507,0.01762557029724121,False,DISABLED,none,MODEL_ORIGIN_FRAME_NOT_ESTABLISHED,nan,nan,nan,nan,nan,nan,nan,nan,nan,nan,nan,nan,nan,NOT_EVALUATED,nan,nan,nan,nan,DISABLED,nan,nan,nan,nan,nan,nan
1791471068.384158,1791471068.409078,1791471068.412998,1791471068.4130323,front_rgbd_red_sphere,True,True,True,,77.2,77.2,1791471068.409078,1791471068.3979125,1791471068.384158,1791471068.384158,1791471068.384158,0.0,1791471067.372159,1791471068.3881674,1791471068.379948,1791471068.3881674,1791471068.3839478,1791471068.392169,1791471067.372159,1791471068.3881674,1791471067.372159,1791471068.392169,1791470991.1841578,GAZEBO_CLOCK_SYSTEM_INTERPOLATION,MAPPED_EXACT,0,77.2,1791471068.384158,0.0011551380157470703,0.0,RGB,0.0,0,1,0,UNCALIBRATED,PREPARATION,MID,TURNING,1.0,374,1.0,6.6712236404418945,0.31433334946632385,nan,nan,False,0.0,0.0,0.0,0.0,0,0,0,0,0,0.0,0.0,0.0,0.0,0.0,0.0,0.0,0.0,0.0,0.0,0.0,0.0,0.0,0.0,6.344351809581115,0.7866502016251387,-1.9067269071314357,0.0,0.0,0.0,0.0,0.0,0.0,0.0,0.0,0.0,0.0,0.0,False,DISABLED,0,nan,nan,nan,nan,nan,nan,nan,nan,nan,nan,nan,nan,nan,nan,nan,nan,nan,nan,nan,nan,nan,nan,nan,nan,nan,nan,nan,nan,nan,nan,nan,nan,nan,nan,8.19712223466891,-3.2687587775607563,-0.10686699587835052,0.02152448054412799,0.02152448054412799,0.02152448054412799,8.135360486292317,-3.276071549190054,-0.02983467119487689,0.06176174837659332,0.007312771629297554,-0.07703232468347364,0.06219316836627546,0.09900489501825649,0.024919986724853516,False,DISABLED,none,MODEL_ORIGIN_FRAME_NOT_ESTABLISHED,nan,nan,nan,nan,nan,nan,nan,nan,nan,nan,nan,nan,nan,NOT_EVALUATED,nan,nan,nan,nan,DISABLED,nan,nan,nan,nan,nan,nan
1791471068.4361603,1791471068.45342,1791471068.4602702,1791471068.4602914,front_rgbd_red_sphere,True,True,True,,77.252,77.252,1791471068.45342,1791471068.4523246,1791471068.4361603,1791471068.4361603,1791471068.4361603,0.0,1791471067.4521713,1791471068.4521754,1791471068.443948,1791471068.4521754,1791471068.443948,1791471068.4521754,1791471067.4521713,1791471068.4521754,1791471067.4521713,1791471068.4521754,1791470991.1841602,GAZEBO_CLOCK_SYSTEM_INTERPOLATION,MAPPED_EXACT,0,77.252,1791471068.4361603,0.0012319087982177734,0.0,RGB,0.0,0,1,0,UNCALIBRATED,PREPARATION,MID,TURNING,1.0,374,1.0,6.655725479125977,0.31311938166618347,nan,nan,False,0.0,0.0,0.0,0.0,0,0,0,0,0,0.0,0.0,0.0,0.0,0.0,0.0,0.0,0.0,0.0,0.0,0.0,0.0,0.0,0.0,6.332106202094932,0.7722923558497099,-1.8991246122561511,0.0,0.0,0.0,0.0,0.0,0.0,0.0,0.0,0.0,0.0,0.0,False,DISABLED,0,nan,nan,nan,nan,nan,nan,nan,nan,nan,nan,nan,nan,nan,nan,nan,nan,nan,nan,nan,nan,nan,nan,nan,nan,nan,nan,nan,nan,nan,nan,nan,nan,nan,nan,8.179946337865614,-3.0692203067820696,-0.11894163878703162,0.02147902828829235,0.02147902828829235,0.02147902828829235,8.118664377661283,-3.06870497912858,-0.04172319549986128,0.0612819602043313,-0.0005153276534897167,-0.07721844328717034,0.06128412689331305,0.09858210888781818,0.017259597778320312,False,DISABLED,none,MODEL_ORIGIN_FRAME_NOT_ESTABLISHED,nan,nan,nan,nan,nan,nan,nan,nan,nan,nan,nan,nan,nan,NOT_EVALUATED,nan,nan,nan,nan,DISABLED,nan,nan,nan,nan,nan,nan
1791471068.4841595,1791471068.51069,1791471068.5156162,1791471068.5156527,front_rgbd_red_sphere,True,True,True,,77.3,77.3,1791471068.51069,1791471068.4990966,1791471068.4841595,1791471068.4841595,1791471068.4841595,0.0,1791471067.492169,1791471068.4921768,1791471068.483948,1791471068.4921768,1791471068.483948,1791471068.4921768,1791471067.492169,1791471068.4921768,1791471067.492169,1791471068.4921768,1791470991.1841595,GAZEBO_CLOCK_SYSTEM_INTERPOLATION,MAPPED_EXACT,0,77.3,1791471068.4841595,0.0028450489044189453,0.0,RGB,0.0,0,1,0,UNCALIBRATED,PREPARATION,MID,TURNING,1.0,377,1.0,6.651902675628662,0.3110254406929016,nan,nan,False,0.0,0.0,0.0,0.0,0,0,0,0,0,0.0,0.0,0.0,0.0,0.0,0.0,0.0,0.0,0.0,0.0,0.0,0.0,0.0,0.0,6.332746161636402,0.7619192817130784,-1.8877541727361082,0.0,0.0,0.0,0.0,0.0,0.0,0.0,0.0,0.0,0.0,0.0,False,DISABLED,0,nan,nan,nan,nan,nan,nan,nan,nan,nan,nan,nan,nan,nan,nan,nan,nan,nan,nan,nan,nan,nan,nan,nan,nan,nan,nan,nan,nan,nan,nan,nan,nan,nan,nan,8.163992407394794,-2.8698668134979695,-0.1305460514483085,0.02146782554306931,0.02146782554306931,0.02146782554306931,8.10421609045347,-2.8771937466415225,-0.052460000141356884,0.059776316941324126,0.007326933143553038,-0.07808605130695162,0.06022368318493755,0.09861198418585648,0.02653050422668457,False,DISABLED,none,MODEL_ORIGIN_FRAME_NOT_ESTABLISHED,nan,nan,nan,nan,nan,nan,nan,nan,nan,nan,nan,nan,nan,NOT_EVALUATED,nan,nan,nan,nan,DISABLED,nan,nan,nan,nan,nan,nan
1791471068.536161,1791471068.5612617,1791471068.565233,1791471068.5652568,front_rgbd_red_sphere,True,True,True,,77.352,77.352,1791471068.552586,1791471068.5612617,1791471068.536161,1791471068.536161,1791471068.536161,0.0,1791471067.5521748,1791471068.5481722,1791471068.539948,1791471068.5481722,1791471068.543948,1791471068.552175,1791471067.532162,1791471068.5481722,1791471067.5521748,1791471068.552175,1791470991.184161,GAZEBO_CLOCK_SYSTEM_INTERPOLATION,MAPPED_EXACT,0,77.352,1791471068.536161,0.0012776851654052734,0.0,RGB,0.0,0,1,0,UNCALIBRATED,PREPARATION,MID,TURNING,1.0,377,1.0,6.637313365936279,0.31042516231536865,nan,nan,False,0.0,0.0,0.0,0.0,0,0,0,0,0,0.0,0.0,0.0,0.0,0.0,0.0,0.0,0.0,0.0,0.0,0.0,0.0,0.0,0.0,6.320074986514538,0.7480909047651476,-1.8843942448400028,0.0,0.0,0.0,0.0,0.0,0.0,0.0,0.0,0.0,0.0,0.0,False,DISABLED,0,nan,nan,nan,nan,nan,nan,nan,nan,nan,nan,nan,nan,nan,nan,nan,nan,nan,nan,nan,nan,nan,nan,nan,nan,nan,nan,nan,nan,nan,nan,nan,nan,nan,nan,8.149179306009968,-2.670302242749,-0.1421215272474709,0.021425094431328506,0.021425094431328506,0.021425094431328506,8.089673192102785,-2.6697957174174203,-0.06373583831866395,0.05950611390718308,-0.000506525331579688,-0.07838568892880696,0.05950826967948387,0.09841519389347292,0.0251007080078125,False,DISABLED,none,MODEL_ORIGIN_FRAME_NOT_ESTABLISHED,nan,nan,nan,nan,nan,nan,nan,nan,nan,nan,nan,nan,nan,NOT_EVALUATED,nan,nan,nan,nan,DISABLED,nan,nan,nan,nan,nan,nan
1791471068.5841742,1791471068.6005037,1791471068.6051636,1791471068.6051877,front_rgbd_red_sphere,True,True,True,,77.4,77.4,1791471068.6005037,1791471068.599721,1791471068.5841742,1791471068.5841742,1791471068.5841742,0.0,1791471067.5921664,1791471068.5882006,1791471068.579948,1791471068.5882006,1791471068.583948,1791471068.5921736,1791471067.5881681,1791471068.5882006,1791471067.5921664,1791471068.5921736,1791470991.184174,GAZEBO_CLOCK_SYSTEM_INTERPOLATION,MAPPED_EXACT,0,77.4,1791471068.5841742,0.0007469654083251953,0.0,RGB,0.0,0,1,0,UNCALIBRATED,PREPARATION,MID,TURNING,1.0,377,1.0,6.63438081741333,0.30812278389930725,nan,nan,False,0.0,0.0,0.0,0.0,0,0,0,0,0,0.0,0.0,0.0,0.0,0.0,0.0,0.0,0.0,0.0,0.0,0.0,0.0,0.0,0.0,6.321931733304413,0.738438256451964,-1.8716029477694622,0.0,0.0,0.0,0.0,0.0,0.0,0.0,0.0,0.0,0.0,0.0,False,DISABLED,0,nan,nan,nan,nan,nan,nan,nan,nan,nan,nan,nan,nan,nan,nan,nan,nan,nan,nan,nan,nan,nan,nan,nan,nan,nan,nan,nan,nan,nan,nan,nan,nan,nan,nan,8.13572501512936,-2.4709360048954476,-0.15306119903301324,0.021416510337108494,0.021416510337108494,0.021416510337108494,8.077196554500702,-2.4781412518544625,-0.07378687314111688,0.0585284606286578,0.0072052469590149215,-0.07927432589189636,0.05897030004418105,0.09880240398348276,0.016329526901245117,False,DISABLED,none,MODEL_ORIGIN_FRAME_NOT_ESTABLISHED,nan,nan,nan,nan,nan,nan,nan,nan,nan,nan,nan,nan,nan,NOT_EVALUATED,nan,nan,nan,nan,DISABLED,nan,nan,nan,nan,nan,nan
1791471068.636156,1791471068.6609008,1791471068.6639652,1791471068.6639864,front_rgbd_red_sphere,True,True,True,,77.452,77.452,1791471068.6519399,1791471068.6609008,1791471068.636156,1791471068.636156,1791471068.636156,0.0,1791471067.6321607,1791471068.65217,1791471068.6439478,1791471068.65217,1791471068.6439478,1791471068.65217,1791471067.6281636,1791471068.65217,1791471067.6321607,1791471068.65217,1791470991.1841562,GAZEBO_CLOCK_SYSTEM_INTERPOLATION,MAPPED_EXACT,0,77.452,1791471068.636156,0.0009107589721679688,0.0,RGB,0.0,0,1,0,UNCALIBRATED,PREPARATION,MID,TURNING,1.0,378,1.0,6.620638847351074,0.30723997950553894,nan,nan,False,0.0,0.0,0.0,0.0,0,0,0,0,0,0.0,0.0,0.0,0.0,0.0,0.0,0.0,0.0,0.0,0.0,0.0,0.0,0.0,0.0,6.310606889725133,0.7257959480450289,-1.8660972273718874,0.0,0.0,0.0,0.0,0.0,0.0,0.0,0.0,0.0,0.0,0.0,False,DISABLED,0,nan,nan,nan,nan,nan,nan,nan,nan,nan,nan,nan,nan,nan,nan,nan,nan,nan,nan,nan,nan,nan,nan,nan,nan,nan,nan,nan,nan,nan,nan,nan,nan,nan,nan,8.123551096567079,-2.2718819370822896,-0.16344020659178055,0.021376307851546286,0.021376307851546286,0.021376307851546286,8.064774890544788,-2.2704945259725253,-0.08418487618645822,0.05877620602229072,-0.0013874111097642583,-0.07925533040532233,0.058792578646987934,0.0986811770380708,0.024744749069213867,False,DISABLED,none,MODEL_ORIGIN_FRAME_NOT_ESTABLISHED,nan,nan,nan,nan,nan,nan,nan,nan,nan,nan,nan,nan,nan,NOT_EVALUATED,nan,nan,nan,nan,DISABLED,nan,nan,nan,nan,nan,nan
1791471068.6841588,1791471068.7022097,1791471068.7053428,1791471068.7053607,front_rgbd_red_sphere,True,True,True,,77.5,77.5,1791471068.7022097,1791471068.700345,1791471068.6841588,1791471068.6841588,1791471068.6841588,0.0,1791471067.6721597,1791471068.6921659,1791471068.6839478,1791471068.6921659,1791471068.6839478,1791471068.6921659,1791471067.6681623,1791471068.6921659,1791471067.6721597,1791471068.6921659,1791470991.1841588,GAZEBO_CLOCK_SYSTEM_INTERPOLATION,MAPPED_EXACT,0,77.5,1791471068.6841588,0.00225067138671875,0.0,RGB,0.0,0,1,0,UNCALIBRATED,PREPARATION,MID,TURNING,1.0,373,1.0,6.618342399597168,0.30463382601737976,nan,nan,False,0.0,0.0,0.0,0.0,0,0,0,0,0,0.0,0.0,0.0,0.0,0.0,0.0,0.0,0.0,0.0,0.0,0.0,0.0,0.0,0.0,6.313613271405403,0.7174322418510766,-1.8509558215569646,0.0,0.0,0.0,0.0,0.0,0.0,0.0,0.0,0.0,0.0,0.0,False,DISABLED,0,nan,nan,nan,nan,nan,nan,nan,nan,nan,nan,nan,nan,nan,nan,nan,nan,nan,nan,nan,nan,nan,nan,nan,nan,nan,nan,nan,nan,nan,nan,nan,nan,nan,nan,8.11236246636498,-2.072511196734734,-0.17357329467129107,0.021369594091188895,0.021369594091188895,0.021369594091188895,8.054262783761704,-2.078832610329283,-0.0932970016184673,0.05809968260327558,0.006321413594549075,-0.08027629305282377,0.05844256486872144,0.09929660928117111,0.0180509090423584,False,DISABLED,none,MODEL_ORIGIN_FRAME_NOT_ESTABLISHED,nan,nan,nan,nan,nan,nan,nan,nan,nan,nan,nan,nan,nan,NOT_EVALUATED,nan,nan,nan,nan,DISABLED,nan,nan,nan,nan,nan,nan
1791471068.7361581,1791471068.7540395,1791471068.7624147,1791471068.7624516,front_rgbd_red_sphere,True,True,True,,77.552,77.552,1791471068.7540395,1791471068.7525198,1791471068.7361581,1791471068.7361581,1791471068.7361581,0.0,1791471067.7481716,1791471068.7481728,1791471068.7399778,1791471068.7481728,1791471068.743978,1791471068.7521691,1791471067.7481716,1791471068.7481728,1791471067.7321615,1791471068.7521691,1791470991.184158,GAZEBO_CLOCK_SYSTEM_INTERPOLATION,MAPPED_EXACT,0,77.552,1791471068.7361581,0.0016086101531982422,0.0,RGB,0.0,0,1,0,UNCALIBRATED,PREPARATION,MID,TURNING,1.0,380,1.0,6.6058349609375,0.30358415842056274,nan,nan,False,0.0,0.0,0.0,0.0,0,0,0,0,0,0.0,0.0,0.0,0.0,0.0,0.0,0.0,0.0,0.0,0.0,0.0,0.0,0.0,0.0,6.303757829497451,0.705934248791964,-1.8442749708661434,0.0,0.0,0.0,0.0,0.0,0.0,0.0,0.0,0.0,0.0,0.0,False,DISABLED,0,nan,nan,nan,nan,nan,nan,nan,nan,nan,nan,nan,nan,nan,nan,nan,nan,nan,nan,nan,nan,nan,nan,nan,nan,nan,nan,nan,nan,nan,nan,nan,nan,nan,nan,8.102164823850186,-1.873216462842298,-0.18261898100194068,0.02133304161743741,0.02133304161743741,0.02133304161743741,8.043952345872446,-1.871016928710597,-0.10255809626959793,0.05821247797774021,-0.002199534131700931,-0.08006088473234275,0.058254017395415796,0.0990114933067413,0.017881393432617188,False,DISABLED,none,MODEL_ORIGIN_FRAME_NOT_ESTABLISHED,nan,nan,nan,nan,nan,nan,nan,nan,nan,nan,nan,nan,nan,NOT_EVALUATED,nan,nan,nan,nan,DISABLED,nan,nan,nan,nan,nan,nan
1791471068.7841573,1791471068.7991657,1791471068.8029754,1791471068.8029985,front_rgbd_red_sphere,True,True,True,,77.6,77.6,1791471068.7991657,1791471068.7979758,1791471068.7841573,1791471068.7841573,1791471068.7841573,0.0,1791471067.7721598,1791471068.78817,1791471068.779978,1791471068.78817,1791471068.783978,1791471068.7921672,1791471067.7721598,1791471068.78817,1791471067.7721598,1791471068.7921672,1791470991.1841574,GAZEBO_CLOCK_SYSTEM_INTERPOLATION,MAPPED_EXACT,0,77.6,1791471068.7841573,0.003196239471435547,0.0,RGB,0.0,0,1,0,UNCALIBRATED,PREPARATION,MID,TURNING,1.0,378,1.0,6.604321002960205,0.3010735511779785,nan,nan,False,0.0,0.0,0.0,0.0,0,0,0,0,0,0.0,0.0,0.0,0.0,0.0,0.0,0.0,0.0,0.0,0.0,0.0,0.0,0.0,0.0,6.307249911439153,0.6982442843428487,-1.8297837998713344,0.0,0.0,0.0,0.0,0.0,0.0,0.0,0.0,0.0,0.0,0.0,False,DISABLED,0,nan,nan,nan,nan,nan,nan,nan,nan,nan,nan,nan,nan,nan,nan,nan,nan,nan,nan,nan,nan,nan,nan,nan,nan,nan,nan,nan,nan,nan,nan,nan,nan,nan,nan,8.093114829075587,-1.6745230616953073,-0.19143228364836679,0.021328619056458224,0.021328619056458224,0.021328619056458224,8.035384945689081,-1.6792109267901552,-0.11051391655909948,0.05772988338650542,0.004687865094847865,-0.0809183670892673,0.05791990603382405,0.09951129406936896,0.01500844955444336,False,DISABLED,none,MODEL_ORIGIN_FRAME_NOT_ESTABLISHED,nan,nan,nan,nan,nan,nan,nan,nan,nan,nan,nan,nan,nan,NOT_EVALUATED,nan,nan,nan,nan,DISABLED,nan,nan,nan,nan,nan,nan
1791471068.836158,1791471068.8533454,1791471068.8604484,1791471068.8604698,front_rgbd_red_sphere,True,True,True,,77.652,77.652,1791471068.8533454,1791471068.8526583,1791471068.836158,1791471068.836158,1791471068.836158,0.0,1791471067.8521633,1791471068.8521707,1791471068.843978,1791471068.8521707,1791471068.843978,1791471068.8521707,1791471067.8521633,1791471068.8521707,1791471067.8521633,1791471068.8521707,1791470991.184158,GAZEBO_CLOCK_SYSTEM_INTERPOLATION,MAPPED_EXACT,0,77.652,1791471068.836158,0.0012831687927246094,0.0,RGB,0.0,0,1,0,UNCALIBRATED,PREPARATION,MID,TURNING,1.0,378,1.0,6.593078136444092,0.3001820147037506,nan,nan,False,0.0,0.0,0.0,0.0,0,0,0,0,0,0.0,0.0,0.0,0.0,0.0,0.0,0.0,0.0,0.0,0.0,0.0,0.0,0.0,0.0,6.298253395400564,0.6876467108254509,-1.8242328620125985,0.0,0.0,0.0,0.0,0.0,0.0,0.0,0.0,0.0,0.0,0.0,False,DISABLED,0,nan,nan,nan,nan,nan,nan,nan,nan,nan,nan,nan,nan,nan,nan,nan,nan,nan,nan,nan,nan,nan,nan,nan,nan,nan,nan,nan,nan,nan,nan,nan,nan,nan,nan,8.084970837263084,-1.475487168408196,-0.19906761445965943,0.021295792961405616,0.021295792961405616,0.021295792961405616,8.027185526769259,-1.471488486255373,-0.11839988671092898,0.05778531049382529,-0.003998682152823063,-0.08066772774873045,0.057923497544840136,0.09930968667743544,0.01718735694885254,False,DISABLED,none,MODEL_ORIGIN_FRAME_NOT_ESTABLISHED,nan,nan,nan,nan,nan,nan,nan,nan,nan,nan,nan,nan,nan,NOT_EVALUATED,nan,nan,nan,nan,DISABLED,nan,nan,nan,nan,nan,nan
1791471068.884158,1791471068.901929,1791471068.905085,1791471068.9051063,front_rgbd_red_sphere,True,True,True,,77.7,77.7,1791471068.901929,1791471068.900473,1791471068.884158,1791471068.884158,1791471068.884158,0.0,1791471067.8921664,1791471068.8921752,1791471068.883978,1791471068.8921752,1791471068.883978,1791471068.8921752,1791471067.8921664,1791471068.8921752,1791471067.8921664,1791471068.8921752,1791470991.1841578,GAZEBO_CLOCK_SYSTEM_INTERPOLATION,MAPPED_EXACT,0,77.7,1791471068.884158,0.0019643306732177734,0.0,RGB,0.0,0,1,0,UNCALIBRATED,PREPARATION,MID,TURNING,1.0,374,1.0,6.594160079956055,0.2979176342487335,nan,nan,False,0.0,0.0,0.0,0.0,0,0,0,0,0,0.0,0.0,0.0,0.0,0.0,0.0,0.0,0.0,0.0,0.0,0.0,0.0,0.0,0.0,6.30368620774087,0.6811652691139383,-1.8117681750291172,0.0,0.0,0.0,0.0,0.0,0.0,0.0,0.0,0.0,0.0,0.0,False,DISABLED,0,nan,nan,nan,nan,nan,nan,nan,nan,nan,nan,nan,nan,nan,nan,nan,nan,nan,nan,nan,nan,nan,nan,nan,nan,nan,nan,nan,nan,nan,nan,nan,nan,nan,nan,8.077905173845748,-1.2757744596094147,-0.20595417088931617,0.021298951439170766,0.021298951439170766,0.021298951439170766,8.020553495187778,-1.2797040730347535,-0.12500208382956032,0.05735167865796953,0.003929613425338818,-0.08095208705975585,0.05748614534441843,0.09928694428720168,0.017771005630493164,False,DISABLED,none,MODEL_ORIGIN_FRAME_NOT_ESTABLISHED,nan,nan,nan,nan,nan,nan,nan,nan,nan,nan,nan,nan,nan,NOT_EVALUATED,nan,nan,nan,nan,DISABLED,nan,nan,nan,nan,nan,nan
1791471068.9361577,1791471068.9507442,1791471068.9609556,1791471068.9609745,front_rgbd_red_sphere,True,True,True,,77.752,77.752,1791471068.9507442,1791471068.9499412,1791471068.9361577,1791471068.9361577,1791471068.9361577,0.0,1791471067.9321601,1791471068.9481657,1791471068.939978,1791471068.9481657,1791471068.9439778,1791471068.9521697,1791471067.9321601,1791471068.9481657,1791471067.9321601,1791471068.9521697,1791470991.1841576,GAZEBO_CLOCK_SYSTEM_INTERPOLATION,MAPPED_EXACT,0,77.752,1791471068.9361577,0.001271963119506836,0.0,RGB,0.0,0,1,0,UNCALIBRATED,PREPARATION,MID,TURNING,1.0,375,1.0,6.58352518081665,0.29726946353912354,nan,nan,False,0.0,0.0,0.0,0.0,0,0,0,0,0,0.0,0.0,0.0,0.0,0.0,0.0,0.0,0.0,0.0,0.0,0.0,0.0,0.0,0.0,6.294770600048719,0.6715878153580377,-1.8076597325577426,0.0,0.0,0.0,0.0,0.0,0.0,0.0,0.0,0.0,0.0,0.0,False,DISABLED,0,nan,nan,nan,nan,nan,nan,nan,nan,nan,nan,nan,nan,nan,nan,nan,nan,nan,nan,nan,nan,nan,nan,nan,nan,nan,nan,nan,nan,nan,nan,nan,nan,nan,nan,8.071895207857759,-1.0780391280158552,-0.21228095144217812,0.02126792000612246,0.02126792000612246,0.02126792000612246,8.01444050120163,-1.0716483300454556,-0.13133399031705442,0.05745470665612906,-0.006390797970399653,-0.0809469611251237,0.05780904441037151,0.09947007656090646,0.014586448669433594,False,DISABLED,none,MODEL_ORIGIN_FRAME_NOT_ESTABLISHED,nan,nan,nan,nan,nan,nan,nan,nan,nan,nan,nan,nan,nan,NOT_EVALUATED,nan,nan,nan,nan,DISABLED,nan,nan,nan,nan,nan,nan
1791471068.9841583,1791471068.9995582,1791471069.0030892,1791471069.0031104,front_rgbd_red_sphere,True,True,True,,77.8,77.8,1791471068.9995582,1791471068.997615,1791471068.9841583,1791471068.9841583,1791471068.9841583,0.0,1791471067.9921658,1791471068.9881747,1791471068.9799778,1791471068.9881747,1791471068.983978,1791471068.9921796,1791471067.988172,1791471068.9881747,1791471067.9921658,1791471068.9921796,1791470991.1841583,GAZEBO_CLOCK_SYSTEM_INTERPOLATION,MAPPED_EXACT,0,77.8,1791471068.9841583,0.0036351680755615234,0.0,RGB,0.0,0,1,0,UNCALIBRATED,PREPARATION,MID,TURNING,1.0,377,1.0,6.584901809692383,0.29502755403518677,nan,nan,False,0.0,0.0,0.0,0.0,0,0,0,0,0,0.0,0.0,0.0,0.0,0.0,0.0,0.0,0.0,0.0,0.0,0.0,0.0,0.0,0.0,6.300395435925055,0.6661152387502192,-1.7950598778497495,0.0,0.0,0.0,0.0,0.0,0.0,0.0,0.0,0.0,0.0,0.0,False,DISABLED,0,nan,nan,nan,nan,nan,nan,nan,nan,nan,nan,nan,nan,nan,nan,nan,nan,nan,nan,nan,nan,nan,nan,nan,nan,nan,nan,nan,nan,nan,nan,nan,nan,nan,nan,8.066862832103105,-0.8797998901727135,-0.217813527040211,0.021271936142318378,0.021271936142318378,0.021271936142318378,8.009736988153348,-0.8796271774823817,-0.1364218440442362,0.05712584394975728,-0.00017271269033181103,-0.0813916829959748,0.05712610503653669,0.09943841278682336,0.015399932861328125,False,DISABLED,none,MODEL_ORIGIN_FRAME_NOT_ESTABLISHED,nan,nan,nan,nan,nan,nan,nan,nan,nan,nan,nan,nan,nan,NOT_EVALUATED,nan,nan,nan,nan,DISABLED,nan,nan,nan,nan,nan,nan
1791471069.036158,1791471069.0647066,1791471069.0676684,1791471069.0676877,front_rgbd_red_sphere,True,True,True,,77.852,77.852,1791471069.0647066,1791471069.053586,1791471069.036158,1791471069.036158,1791471069.036158,0.0,1791471068.0321636,1791471069.0521648,1791471069.043978,1791471069.0521648,1791471069.043978,1791471069.0521648,1791471068.0281622,1791471069.0521648,1791471068.0321636,1791471069.0521648,1791470991.184158,GAZEBO_CLOCK_SYSTEM_INTERPOLATION,MAPPED_EXACT,0,77.852,1791471069.036158,0.0007431507110595703,0.0,RGB,0.0,0,1,0,UNCALIBRATED,PREPARATION,MID,TURNING,1.0,376,1.0,6.57630729675293,0.2945018410682678,nan,nan,False,0.0,0.0,0.0,0.0,0,0,0,0,0,0.0,0.0,0.0,0.0,0.0,0.0,0.0,0.0,0.0,0.0,0.0,0.0,0.0,0.0,6.2931767932016,0.6581189034146053,-1.791821912130863,0.0,0.0,0.0,0.0,0.0,0.0,0.0,0.0,0.0,0.0,0.0,False,DISABLED,0,nan,nan,nan,nan,nan,nan,nan,nan,nan,nan,nan,nan,nan,nan,nan,nan,nan,nan,nan,nan,nan,nan,nan,nan,nan,nan,nan,nan,nan,nan,nan,nan,nan,nan,8.062726638641424,-0.6816289197311347,-0.22184385558416148,0.0212468740493609,0.0212468740493609,0.0212468740493609,8.005716031187417,-0.6717924673341196,-0.14103020322108709,0.0570106074540071,-0.009836452397015139,-0.08081365236307439,0.05785296153209129,0.09938718009025849,0.028548479080200195,False,DISABLED,none,MODEL_ORIGIN_FRAME_NOT_ESTABLISHED,nan,nan,nan,nan,nan,nan,nan,nan,nan,nan,nan,nan,nan,NOT_EVALUATED,nan,nan,nan,nan,DISABLED,nan,nan,nan,nan,nan,nan
1791471069.0841656,1791471069.1012468,1791471069.1048572,1791471069.104877,front_rgbd_red_sphere,True,True,True,,77.9,77.9,1791471069.1012468,1791471069.0994084,1791471069.0841656,1791471069.0841656,1791471069.0841656,0.0,1791471068.0921636,1791471069.0921752,1791471069.083978,1791471069.0921752,1791471069.083978,1791471069.0921752,1791471068.0921636,1791471069.0921752,1791471068.0921636,1791471069.0921752,1791470991.1841655,GAZEBO_CLOCK_SYSTEM_INTERPOLATION,MAPPED_EXACT,0,77.9,1791471069.0841656,0.0012841224670410156,0.0,RGB,0.0,0,1,0,UNCALIBRATED,PREPARATION,MID,TURNING,1.0,375,1.0,6.579258441925049,0.2926236689090729,nan,nan,False,0.0,0.0,0.0,0.0,0,0,0,0,0,0.0,0.0,0.0,0.0,0.0,0.0,0.0,0.0,0.0,0.0,0.0,0.0,0.0,0.0,6.299576328405365,0.6540747675101724,-1.781618764192367,0.0,0.0,0.0,0.0,0.0,0.0,0.0,0.0,0.0,0.0,0.0,False,DISABLED,0,nan,nan,nan,nan,nan,nan,nan,nan,nan,nan,nan,nan,nan,nan,nan,nan,nan,nan,nan,nan,nan,nan,nan,nan,nan,nan,nan,nan,nan,nan,nan,nan,nan,nan,8.05957947024897,-0.48333767138472616,-0.22529869109009398,0.021255477559557267,0.021255477559557267,0.021255477559557267,8.002936676003172,-0.47976249965333373,-0.1444762956641435,0.0566427942457981,-0.0035751717313924347,-0.08082239542595049,0.05675551068293515,0.09875954432493837,0.017081260681152344,False,DISABLED,none,MODEL_ORIGIN_FRAME_NOT_ESTABLISHED,nan,nan,nan,nan,nan,nan,nan,nan,nan,nan,nan,nan,nan,NOT_EVALUATED,nan,nan,nan,nan,DISABLED,nan,nan,nan,nan,nan,nan
1791471069.136156,1791471069.161572,1791471069.1652963,1791471069.1653185,front_rgbd_red_sphere,True,True,True,,77.952,77.952,1791471069.161572,1791471069.160948,1791471069.136156,1791471069.136156,1791471069.136156,0.0,1791471068.1481712,1791471069.1482282,1791471069.139978,1791471069.1482282,1791471069.1439779,1791471069.1521664,1791471068.1481712,1791471069.1482282,1791471068.1321578,1791471069.1521664,1791470991.1841562,GAZEBO_CLOCK_SYSTEM_INTERPOLATION,MAPPED_EXACT,0,77.952,1791471069.136156,0.0016391277313232422,0.0,RGB,0.0,0,1,0,UNCALIBRATED,PREPARATION,MID,TURNING,1.0,375,1.0,6.572135925292969,0.2922876477241516,nan,nan,False,0.0,0.0,0.0,0.0,0,0,0,0,0,0.0,0.0,0.0,0.0,0.0,0.0,0.0,0.0,0.0,0.0,0.0,0.0,0.0,0.0,6.293393248470329,0.6476712309764476,-1.7795205952354722,0.0,0.0,0.0,0.0,0.0,0.0,0.0,0.0,0.0,0.0,0.0,False,DISABLED,0,nan,nan,nan,nan,nan,nan,nan,nan,nan,nan,nan,nan,nan,nan,nan,nan,nan,nan,nan,nan,nan,nan,nan,nan,nan,nan,nan,nan,nan,nan,nan,nan,nan,nan,8.05740447898269,-0.2848423919164036,-0.22750411335377313,0.02123471443867983,0.02123471443867983,0.02123471443867983,8.000995579345716,-0.2717132853431812,-0.1472568422283945,0.05640889963697404,-0.013129106573222415,-0.08024727112537863,0.057916641802380445,0.09896444776148286,0.025415897369384766,False,DISABLED,none,MODEL_ORIGIN_FRAME_NOT_ESTABLISHED,nan,nan,nan,nan,nan,nan,nan,nan,nan,nan,nan,nan,nan,NOT_EVALUATED,nan,nan,nan,nan,DISABLED,nan,nan,nan,nan,nan,nan
1791471069.184162,1791471069.2080288,1791471069.2115722,1791471069.211592,front_rgbd_red_sphere,True,True,True,,78.0,78.0,1791471069.2080288,1791471069.1970541,1791471069.184162,1791471069.184162,1791471069.184162,0.0,1791471068.192174,1791471069.1881747,1791471069.179978,1791471069.1881747,1791471069.1839778,1791471069.192181,1791471068.1881635,1791471069.1881747,1791471068.192174,1791471069.192181,1791470991.184162,GAZEBO_CLOCK_SYSTEM_INTERPOLATION,MAPPED_EXACT,0,78.0,1791471069.184162,0.00042176246643066406,0.0,RGB,0.0,0,1,0,UNCALIBRATED,PREPARATION,MID,STRAIGHT,1.0,377,1.0,6.5766401290893555,0.2902209758758545,nan,nan,False,0.0,0.0,0.0,0.0,0,0,0,0,0,0.0,0.0,0.0,0.0,0.0,0.0,0.0,0.0,0.0,0.0,0.0,0.0,0.0,0.0,6.301609556322802,0.6449968411873321,-1.768019687906781,0.0,0.0,0.0,0.0,0.0,0.0,0.0,0.0,0.0,0.0,0.0,False,DISABLED,0,nan,nan,nan,nan,nan,nan,nan,nan,nan,nan,nan,nan,nan,nan,nan,nan,nan,nan,nan,nan,nan,nan,nan,nan,nan,nan,nan,nan,nan,nan,nan,nan,nan,nan,8.056369261332344,-0.08583086025324427,-0.22879858412719128,0.021247844222884116,0.021247844222884116,0.021247844222884116,8.000138788993187,-0.07967745311874365,-0.1489751430775162,0.056230472339157345,-0.006153407134500619,-0.07982344104967509,0.05656615983826074,0.09783410540225028,0.023866891860961914,False,DISABLED,none,MODEL_ORIGIN_FRAME_NOT_ESTABLISHED,nan,nan,nan,nan,nan,nan,nan,nan,nan,nan,nan,nan,nan,NOT_EVALUATED,nan,nan,nan,nan,DISABLED,nan,nan,nan,nan,nan,nan
1791471069.2361758,1791471069.26135,1791471069.2669153,1791471069.2669394,front_rgbd_red_sphere,True,True,True,,78.052,78.052,1791471069.26135,1791471069.2595654,1791471069.2361758,1791471069.2361758,1791471069.2361758,0.0,1791471068.2521787,1791471069.2527773,1791471069.243978,1791471069.2527773,1791471069.243978,1791471069.2527773,1791471068.2521787,1791471069.2527773,1791471068.2521787,1791471069.2527773,1791470991.1841757,GAZEBO_CLOCK_SYSTEM_INTERPOLATION,MAPPED_EXACT,0,78.052,1791471069.2361758,0.0022101402282714844,0.0,RGB,0.0,0,1,0,UNCALIBRATED,PREPARATION,MID,TURNING,1.0,377,1.0,6.570959568023682,0.2899426519870758,nan,nan,False,0.0,0.0,0.0,0.0,0,0,0,0,0,0.0,0.0,0.0,0.0,0.0,0.0,0.0,0.0,0.0,0.0,0.0,0.0,0.0,0.0,6.296689618964718,0.6400645534719978,-1.766218630855227,0.0,0.0,0.0,0.0,0.0,0.0,0.0,0.0,0.0,0.0,0.0,False,DISABLED,0,nan,nan,nan,nan,nan,nan,nan,nan,nan,nan,nan,nan,nan,nan,nan,nan,nan,nan,nan,nan,nan,nan,nan,nan,nan,nan,nan,nan,nan,nan,nan,nan,nan,nan,8.056631369996083,0.11232716672950982,-0.22889151165998006,0.02123128658320563,0.02123128658320563,0.02123128658320563,8.0002789228097,0.12836233969748267,-0.149855263625346,0.05635244718638255,-0.016035172967972855,-0.07903624803463405,0.05858946215836805,0.09838421407623804,0.02517414093017578,False,DISABLED,none,MODEL_ORIGIN_FRAME_NOT_ESTABLISHED,nan,nan,nan,nan,nan,nan,nan,nan,nan,nan,nan,nan,nan,NOT_EVALUATED,nan,nan,nan,nan,DISABLED,nan,nan,nan,nan,nan,nan
1791471069.2841604,1791471069.3077166,1791471069.3109138,1791471069.310934,front_rgbd_red_sphere,True,True,True,,78.1,78.1,1791471069.3077166,1791471069.306437,1791471069.2841604,1791471069.2841604,1791471069.2841604,0.0,1791471068.2921772,1791471069.292193,1791471069.283978,1791471069.292193,1791471069.283978,1791471069.292193,1791471068.2921772,1791471069.292193,1791471068.2921772,1791471069.292193,1791470991.1841605,GAZEBO_CLOCK_SYSTEM_INTERPOLATION,MAPPED_EXACT,0,78.1,1791471069.2841604,0.003769397735595703,0.0,RGB,0.0,0,1,0,UNCALIBRATED,PREPARATION,MID,STRAIGHT,1.0,378,1.0,6.5770416259765625,0.2885489761829376,nan,nan,False,0.0,0.0,0.0,0.0,0,0,0,0,0,0.0,0.0,0.0,0.0,0.0,0.0,0.0,0.0,0.0,0.0,0.0,0.0,0.0,0.0,6.305132037608031,0.6385889880202491,-1.7592580383590386,0.0,0.0,0.0,0.0,0.0,0.0,0.0,0.0,0.0,0.0,0.0,False,DISABLED,0,nan,nan,nan,nan,nan,nan,nan,nan,nan,nan,nan,nan,nan,nan,nan,nan,nan,nan,nan,nan,nan,nan,nan,nan,nan,nan,nan,nan,nan,nan,nan,nan,nan,nan,8.057745315291497,0.31208750160721177,-0.22839956149632984,0.02124901385826558,0.02124901385826558,0.02124901385826558,8.001341712719404,0.3202961130916307,-0.14980488234909212,0.05640360257209309,-0.008208611484418926,-0.07859467914723772,0.05699778667292933,0.09708692639006554,0.023556232452392578,False,DISABLED,none,MODEL_ORIGIN_FRAME_NOT_ESTABLISHED,nan,nan,nan,nan,nan,nan,nan,nan,nan,nan,nan,nan,nan,NOT_EVALUATED,nan,nan,nan,nan,DISABLED,nan,nan,nan,nan,nan,nan
1791471069.3361588,1791471069.361818,1791471069.3649957,1791471069.3650203,front_rgbd_red_sphere,True,True,True,,78.152,78.152,1791471069.361818,1791471069.350641,1791471069.3361588,1791471069.3361588,1791471069.3361588,0.0,1791471068.3521686,1791471069.34817,1791471069.339978,1791471069.34817,1791471069.343978,1791471069.3521776,1791471068.3321629,1791471069.34817,1791471068.3521686,1791471069.3521776,1791470991.1841588,GAZEBO_CLOCK_SYSTEM_INTERPOLATION,MAPPED_EXACT,0,78.152,1791471069.3361588,0.00183868408203125,0.0,RGB,0.0,0,1,0,UNCALIBRATED,PREPARATION,MID,TURNING,1.0,374,1.0,6.572897911071777,0.28868046402931213,nan,nan,False,0.0,0.0,0.0,0.0,0,0,0,0,0,0.0,0.0,0.0,0.0,0.0,0.0,0.0,0.0,0.0,0.0,0.0,0.0,0.0,0.0,6.300913679088555,0.6344704228452844,-1.7603747986349338,0.0,0.0,0.0,0.0,0.0,0.0,0.0,0.0,0.0,0.0,0.0,False,DISABLED,0,nan,nan,nan,nan,nan,nan,nan,nan,nan,nan,nan,nan,nan,nan,nan,nan,nan,nan,nan,nan,nan,nan,nan,nan,nan,nan,nan,nan,nan,nan,nan,nan,nan,nan,8.059678123791118,0.5114333974629988,-0.22671021851847145,0.02123693499593705,0.02123693499593705,0.02123693499593705,8.003560472950696,0.5281681804987974,-0.1487647783236291,0.05611765084042197,-0.016734783035798673,-0.07794544019484234,0.058559744698066844,0.09749223223555051,0.02565932273864746,False,DISABLED,none,MODEL_ORIGIN_FRAME_NOT_ESTABLISHED,nan,nan,nan,nan,nan,nan,nan,nan,nan,nan,nan,nan,nan,NOT_EVALUATED,nan,nan,nan,nan,DISABLED,nan,nan,nan,nan,nan,nan
1791471069.3841605,1791471069.4075706,1791471069.411277,1791471069.4112966,front_rgbd_red_sphere,True,True,True,,78.2,78.2,1791471069.4075706,1791471069.4065294,1791471069.3841605,1791471069.3841605,1791471069.3841605,0.0,1791471068.392169,1791471069.3881721,1791471069.379978,1791471069.3881721,1791471069.383978,1791471069.3921795,1791471068.3881674,1791471069.3881721,1791471068.392169,1791471069.3921795,1791470991.1841605,GAZEBO_CLOCK_SYSTEM_INTERPOLATION,MAPPED_EXACT,0,78.2,1791471069.3841605,0.003738880157470703,0.0,RGB,0.0,0,1,0,UNCALIBRATED,PREPARATION,MID,TURNING,1.0,373,1.0,6.580703258514404,0.28726714849472046,nan,nan,False,0.0,0.0,0.0,0.0,0,0,0,0,0,0.0,0.0,0.0,0.0,0.0,0.0,0.0,0.0,0.0,0.0,0.0,0.0,0.0,0.0,6.3110378042484525,0.633389315182658,-1.7536470118826815,0.0,0.0,0.0,0.0,0.0,0.0,0.0,0.0,0.0,0.0,0.0,False,DISABLED,0,nan,nan,nan,nan,nan,nan,nan,nan,nan,nan,nan,nan,nan,nan,nan,nan,nan,nan,nan,nan,nan,nan,nan,nan,nan,nan,nan,nan,nan,nan,nan,nan,nan,nan,8.062532795408725,0.7114248571540207,-0.22429153075144898,0.021259691339968894,0.021259691339968894,0.021259691339968894,8.006544832159292,0.7201716726588344,-0.14694711941850194,0.05598796324943223,-0.00874681550481371,-0.07734441133294703,0.05666708754025588,0.09588178541691393,0.02341008186340332,False,DISABLED,none,MODEL_ORIGIN_FRAME_NOT_ESTABLISHED,nan,nan,nan,nan,nan,nan,nan,nan,nan,nan,nan,nan,nan,NOT_EVALUATED,nan,nan,nan,nan,DISABLED,nan,nan,nan,nan,nan,nan
1791471069.4361608,1791471069.4601593,1791471069.4633563,1791471069.4633782,front_rgbd_red_sphere,True,True,True,,78.252,78.252,1791471069.4601593,1791471069.4592183,1791471069.4361608,1791471069.4361608,1791471069.4361608,0.0,1791471068.4321604,1791471069.452168,1791471069.4439778,1791471069.452168,1791471069.4439778,1791471069.452168,1791471068.428162,1791471069.452168,1791471068.4321604,1791471069.452168,1791470991.1841607,GAZEBO_CLOCK_SYSTEM_INTERPOLATION,MAPPED_EXACT,0,78.252,1791471069.4361608,0.0003063678741455078,0.0,RGB,0.0,0,1,0,UNCALIBRATED,PREPARATION,MID,TURNING,1.0,374,1.0,6.57813835144043,0.28775787353515625,nan,nan,False,0.0,0.0,0.0,0.0,0,0,0,0,0,0.0,0.0,0.0,0.0,0.0,0.0,0.0,0.0,0.0,0.0,0.0,0.0,0.0,0.0,6.307662278783368,0.629527718509328,-1.7575531203024992,0.0,0.0,0.0,0.0,0.0,0.0,0.0,0.0,0.0,0.0,0.0,False,DISABLED,0,nan,nan,nan,nan,nan,nan,nan,nan,nan,nan,nan,nan,nan,nan,nan,nan,nan,nan,nan,nan,nan,nan,nan,nan,nan,nan,nan,nan,nan,nan,nan,nan,nan,nan,8.066362656727957,0.9110586930030902,-0.22051535440293607,0.021252211196870388,0.021252211196870388,0.021252211196870388,8.010847036299566,0.9281036487875456,-0.14401141244790008,0.05551562042839109,-0.017044955784455418,-0.07650394195503599,0.058073355587939246,0.09604877804481819,0.023998498916625977,False,DISABLED,none,MODEL_ORIGIN_FRAME_NOT_ESTABLISHED,nan,nan,nan,nan,nan,nan,nan,nan,nan,nan,nan,nan,nan,NOT_EVALUATED,nan,nan,nan,nan,DISABLED,nan,nan,nan,nan,nan,nan
1791471069.4841719,1791471069.508675,1791471069.5137146,1791471069.5137491,front_rgbd_red_sphere,True,True,True,,78.3,78.3,1791471069.508675,1791471069.4973414,1791471069.4841719,1791471069.4841719,1791471069.4841719,0.0,1791471068.4921768,1791471069.4921787,1791471069.483978,1791471069.4921787,1791471069.483978,1791471069.4921787,1791471068.4921768,1791471069.4921787,1791471068.4921768,1791471069.4921787,1791470991.184172,GAZEBO_CLOCK_SYSTEM_INTERPOLATION,MAPPED_EXACT,0,78.3,1791471069.4841719,0.0009918212890625,0.0,RGB,0.0,0,1,0,UNCALIBRATED,PREPARATION,MID,TURNING,1.0,373,1.0,6.5872721672058105,0.28716447949409485,nan,nan,False,0.0,0.0,0.0,0.0,0,0,0,0,0,0.0,0.0,0.0,0.0,0.0,0.0,0.0,0.0,0.0,0.0,0.0,0.0,0.0,0.0,6.317528744948422,0.6286235162309239,-1.756648704378625,0.0,0.0,0.0,0.0,0.0,0.0,0.0,0.0,0.0,0.0,0.0,False,DISABLED,0,nan,nan,nan,nan,nan,nan,nan,nan,nan,nan,nan,nan,nan,nan,nan,nan,nan,nan,nan,nan,nan,nan,nan,nan,nan,nan,nan,nan,nan,nan,nan,nan,nan,nan,8.071220539352893,1.1107155122282077,-0.21595336199338527,0.021278850271239106,0.021278850271239106,0.021278850271239106,8.015758746196498,1.1201283475716828,-0.14046885839024345,0.05546179315639499,-0.009412835343475034,-0.07548450360314182,0.056254883959760464,0.09414097011152395,0.024503231048583984,False,DISABLED,none,MODEL_ORIGIN_FRAME_NOT_ESTABLISHED,nan,nan,nan,nan,nan,nan,nan,nan,nan,nan,nan,nan,nan,NOT_EVALUATED,nan,nan,nan,nan,DISABLED,nan,nan,nan,nan,nan,nan
1791471069.5361576,1791471069.561294,1791471069.5651526,1791471069.5651915,front_rgbd_red_sphere,True,True,True,,78.352,78.352,1791471069.5516574,1791471069.561294,1791471069.5361576,1791471069.5361576,1791471069.5361576,0.0,1791471068.552175,1791471069.5481763,1791471069.539978,1791471069.5481763,1791471069.543978,1791471069.5521765,1791471068.5481722,1791471069.5481763,1791471068.552175,1791471069.5521765,1791470991.1841576,GAZEBO_CLOCK_SYSTEM_INTERPOLATION,MAPPED_EXACT,0,78.352,1791471069.5361576,0.0014307498931884766,0.0,RGB,0.0,0,1,0,UNCALIBRATED,PREPARATION,MID,TURNING,1.0,371,1.0,6.586520671844482,0.2882186770439148,nan,nan,False,0.0,0.0,0.0,0.0,0,0,0,0,0,0.0,0.0,0.0,0.0,0.0,0.0,0.0,0.0,0.0,0.0,0.0,0.0,0.0,0.0,6.314837852569846,0.6249061973221703,-1.7648135064472772,0.0,0.0,0.0,0.0,0.0,0.0,0.0,0.0,0.0,0.0,0.0,False,DISABLED,0,nan,nan,nan,nan,nan,nan,nan,nan,nan,nan,nan,nan,nan,nan,nan,nan,nan,nan,nan,nan,nan,nan,nan,nan,nan,nan,nan,nan,nan,nan,nan,nan,nan,nan,8.076991361548806,1.3108831232103357,-0.21029320246397004,0.02127665786920405,0.02127665786920405,0.02127665786920405,8.022149159315383,1.3280283375280884,-0.13570949885590566,0.05484220223342362,-0.01714521431775262,-0.07458370360806438,0.0574597730574478,0.09415070028262668,0.025136470794677734,False,DISABLED,none,MODEL_ORIGIN_FRAME_NOT_ESTABLISHED,nan,nan,nan,nan,nan,nan,nan,nan,nan,nan,nan,nan,nan,NOT_EVALUATED,nan,nan,nan,nan,DISABLED,nan,nan,nan,nan,nan,nan
1791471069.5841572,1791471069.6065724,1791471069.611307,1791471069.6113298,front_rgbd_red_sphere,True,True,True,,78.4,78.4,1791471069.5981605,1791471069.6065724,1791471069.5841572,1791471069.5841572,1791471069.5841572,0.0,1791471068.572161,1791471069.5881696,1791471069.579978,1791471069.5881696,1791471069.583978,1791471069.5921712,1791471068.572161,1791471069.5881696,1791471068.572161,1791471069.5921712,1791470991.1841571,GAZEBO_CLOCK_SYSTEM_INTERPOLATION,MAPPED_EXACT,0,78.4,1791471069.5841572,0.0027322769165039062,0.0,RGB,0.0,0,1,0,UNCALIBRATED,PREPARATION,MID,TURNING,1.0,375,1.0,6.596909046173096,0.2877674996852875,nan,nan,False,0.0,0.0,0.0,0.0,0,0,0,0,0,0.0,0.0,0.0,0.0,0.0,0.0,0.0,0.0,0.0,0.0,0.0,0.0,0.0,0.0,6.325643259493928,0.624048688397643,-1.7652220734493191,0.0,0.0,0.0,0.0,0.0,0.0,0.0,0.0,0.0,0.0,0.0,False,DISABLED,0,nan,nan,nan,nan,nan,nan,nan,nan,nan,nan,nan,nan,nan,nan,nan,nan,nan,nan,nan,nan,nan,nan,nan,nan,nan,nan,nan,nan,nan,nan,nan,nan,nan,nan,8.08403567306135,1.5109059459567797,-0.20446017678582867,0.021306975241221698,0.021306975241221698,0.021306975241221698,8.02898489115664,1.5198159877939497,-0.13053591989873345,0.05505078190471124,-0.008910041837169924,-0.07392425688709522,0.05576717165017607,0.09260007122118993,0.0224151611328125,False,DISABLED,none,MODEL_ORIGIN_FRAME_NOT_ESTABLISHED,nan,nan,nan,nan,nan,nan,nan,nan,nan,nan,nan,nan,nan,NOT_EVALUATED,nan,nan,nan,nan,DISABLED,nan,nan,nan,nan,nan,nan
1791471069.6361594,1791471069.6622412,1791471069.6654487,1791471069.6654682,front_rgbd_red_sphere,True,True,True,,78.452,78.452,1791471069.6533387,1791471069.6622412,1791471069.6361594,1791471069.6361594,1791471069.6361594,0.0,1791471068.65217,1791471069.6521714,1791471069.6439779,1791471069.6521714,1791471069.6439779,1791471069.6521714,1791471068.65217,1791471069.6521714,1791471068.65217,1791471069.6521714,1791470991.1841595,GAZEBO_CLOCK_SYSTEM_INTERPOLATION,MAPPED_EXACT,0,78.452,1791471069.6361594,0.0022687911987304688,0.0,RGB,0.0,0,1,0,UNCALIBRATED,PREPARATION,MID,TURNING,1.0,375,1.0,6.597384452819824,0.28899192810058594,nan,nan,False,0.0,0.0,0.0,0.0,0,0,0,0,0,0.0,0.0,0.0,0.0,0.0,0.0,0.0,0.0,0.0,0.0,0.0,0.0,0.0,0.0,6.323801656514154,0.6206457442384288,-1.774770706168928,0.0,0.0,0.0,0.0,0.0,0.0,0.0,0.0,0.0,0.0,0.0,False,DISABLED,0,nan,nan,nan,nan,nan,nan,nan,nan,nan,nan,nan,nan,nan,nan,nan,nan,nan,nan,nan,nan,nan,nan,nan,nan,nan,nan,nan,nan,nan,nan,nan,nan,nan,nan,8.092185810725711,1.7112906137194313,-0.19768190585845064,0.021308362837613466,0.021308362837613466,0.021308362837613466,8.037465369530905,1.7275469913385753,-0.1240740227816755,0.05472044119480657,-0.016256377619144002,-0.07360788307677514,0.05708411773733995,0.09314889665956698,0.02608180046081543,False,DISABLED,none,MODEL_ORIGIN_FRAME_NOT_ESTABLISHED,nan,nan,nan,nan,nan,nan,nan,nan,nan,nan,nan,nan,nan,NOT_EVALUATED,nan,nan,nan,nan,DISABLED,nan,nan,nan,nan,nan,nan
1791471069.6841576,1791471069.70078,1791471069.7041202,1791471069.704145,front_rgbd_red_sphere,True,True,True,,78.5,78.5,1791471069.70078,1791471069.699347,1791471069.6841576,1791471069.6841576,1791471069.6841576,0.0,1791471068.6921659,1791471069.6921823,1791471069.6839778,1791471069.6921823,1791471069.6839778,1791471069.6921823,1791471068.6921659,1791471069.6921823,1791471068.6921659,1791471069.6921823,1791470991.1841576,GAZEBO_CLOCK_SYSTEM_INTERPOLATION,MAPPED_EXACT,0,78.5,1791471069.6841576,0.0009136199951171875,0.0,RGB,0.0,0,1,0,UNCALIBRATED,PREPARATION,MID,TURNING,1.0,371,1.0,6.609089374542236,0.2887921929359436,nan,nan,False,0.0,0.0,0.0,0.0,0,0,0,0,0,0.0,0.0,0.0,0.0,0.0,0.0,0.0,0.0,0.0,0.0,0.0,0.0,0.0,0.0,6.33539742827588,0.6202115080784516,-1.7771156335433327,0.0,0.0,0.0,0.0,0.0,0.0,0.0,0.0,0.0,0.0,0.0,False,DISABLED,0,nan,nan,nan,nan,nan,nan,nan,nan,nan,nan,nan,nan,nan,nan,nan,nan,nan,nan,nan,nan,nan,nan,nan,nan,nan,nan,nan,nan,nan,nan,nan,nan,nan,nan,8.101408489926097,1.9113253468592708,-0.19072485315071835,0.021342549346578418,0.021342549346578418,0.021342549346578418,8.046246961925926,1.9194618753194606,-0.11738603841461276,0.0551615280001716,-0.008136528460189751,-0.0733388147361056,0.055758382927566984,0.0921280576892513,0.016622304916381836,False,DISABLED,none,MODEL_ORIGIN_FRAME_NOT_ESTABLISHED,nan,nan,nan,nan,nan,nan,nan,nan,nan,nan,nan,nan,nan,NOT_EVALUATED,nan,nan,nan,nan,DISABLED,nan,nan,nan,nan,nan,nan
1791471069.7361605,1791471069.7531857,1791471069.7613688,1791471069.7613876,front_rgbd_red_sphere,True,True,True,,78.552,78.552,1791471069.7531857,1791471069.752118,1791471069.7361605,1791471069.7361605,1791471069.7361605,0.0,1791471068.7521691,1791471069.7481823,1791471069.740007,1791471069.7481823,1791471069.7440069,1791471069.752191,1791471068.7481728,1791471069.7481823,1791471068.7521691,1791471069.752191,1791470991.1841605,GAZEBO_CLOCK_SYSTEM_INTERPOLATION,MAPPED_EXACT,0,78.552,1791471069.7361605,0.0016145706176757812,0.0,RGB,0.0,0,1,0,UNCALIBRATED,PREPARATION,MID,TURNING,1.0,373,1.0,6.610475540161133,0.2901429235935211,nan,nan,False,0.0,0.0,0.0,0.0,0,0,0,0,0,0.0,0.0,0.0,0.0,0.0,0.0,0.0,0.0,0.0,0.0,0.0,0.0,0.0,0.0,6.334177584048688,0.6170584246922317,-1.7876862138397378,0.0,0.0,0.0,0.0,0.0,0.0,0.0,0.0,0.0,0.0,0.0,False,DISABLED,0,nan,nan,nan,nan,nan,nan,nan,nan,nan,nan,nan,nan,nan,nan,nan,nan,nan,nan,nan,nan,nan,nan,nan,nan,nan,nan,nan,nan,nan,nan,nan,nan,nan,nan,8.111610178792276,2.1115868332064345,-0.18341627773115293,0.0213465999704237,0.0213465999704237,0.0213465999704237,8.056833943984396,2.12713762359868,-0.10937545179532511,0.054776234807880186,-0.015550790392245606,-0.07404082593582782,0.056940872679926355,0.09340399823782243,0.017025232315063477,False,DISABLED,none,MODEL_ORIGIN_FRAME_NOT_ESTABLISHED,nan,nan,nan,nan,nan,nan,nan,nan,nan,nan,nan,nan,nan,NOT_EVALUATED,nan,nan,nan,nan,DISABLED,nan,nan,nan,nan,nan,nan
1791471069.7841597,1791471069.8019917,1791471069.8052533,1791471069.8052735,front_rgbd_red_sphere,True,True,True,,78.6,78.6,1791471069.8019917,1791471069.8008595,1791471069.7841597,1791471069.7841597,1791471069.7841597,0.0,1791471068.7921672,1791471069.7881994,1791471069.780007,1791471069.7881994,1791471069.7840068,1791471069.7921832,1791471068.78817,1791471069.7881994,1791471068.7921672,1791471069.7921832,1791470991.1841598,GAZEBO_CLOCK_SYSTEM_INTERPOLATION,MAPPED_EXACT,0,78.6,1791471069.7841597,0.002062082290649414,0.0,RGB,0.0,0,1,0,UNCALIBRATED,PREPARATION,MID,TURNING,1.0,368,1.0,6.6234354972839355,0.2898862361907959,nan,nan,False,0.0,0.0,0.0,0.0,0,0,0,0,0,0.0,0.0,0.0,0.0,0.0,0.0,0.0,0.0,0.0,0.0,0.0,0.0,0.0,0.0,6.3470818230943875,0.6168344276828748,-1.7899621042176186,0.0,0.0,0.0,0.0,0.0,0.0,0.0,0.0,0.0,0.0,0.0,False,DISABLED,0,nan,nan,nan,nan,nan,nan,nan,nan,nan,nan,nan,nan,nan,nan,nan,nan,nan,nan,nan,nan,nan,nan,nan,nan,nan,nan,nan,nan,nan,nan,nan,nan,nan,nan,8.12288917298358,2.3119926952633048,-0.17568198330126256,0.021384486337661362,0.021384486337661362,0.021384486337661362,8.06755992642805,2.3188794565855764,-0.10134623129634608,0.055329246555530176,-0.006886761322271617,-0.07433575200491647,0.05575619253421618,0.09292231719048459,0.017832040786743164,False,DISABLED,none,MODEL_ORIGIN_FRAME_NOT_ESTABLISHED,nan,nan,nan,nan,nan,nan,nan,nan,nan,nan,nan,nan,nan,NOT_EVALUATED,nan,nan,nan,nan,DISABLED,nan,nan,nan,nan,nan,nan
1791471069.8361595,1791471069.8558207,1791471069.8620667,1791471069.8620882,front_rgbd_red_sphere,True,True,True,,78.652,78.652,1791471069.8558207,1791471069.854765,1791471069.8361595,1791471069.8361595,1791471069.8361595,0.0,1791471068.8321586,1791471069.8521678,1791471069.844007,1791471069.8521678,1791471069.844007,1791471069.8521678,1791471068.828158,1791471069.8521678,1791471068.8321586,1791471069.8521678,1791470991.1841595,GAZEBO_CLOCK_SYSTEM_INTERPOLATION,MAPPED_EXACT,0,78.652,1791471069.8361595,0.0016446113586425781,0.0,RGB,0.0,0,1,0,UNCALIBRATED,PREPARATION,MID,TURNING,1.0,371,1.0,6.626484394073486,0.2914784550666809,nan,nan,False,0.0,0.0,0.0,0.0,0,0,0,0,0,0.0,0.0,0.0,0.0,0.0,0.0,0.0,0.0,0.0,0.0,0.0,0.0,0.0,0.0,6.346979591749835,0.6141592420129953,-1.802485183648538,0.0,0.0,0.0,0.0,0.0,0.0,0.0,0.0,0.0,0.0,0.0,False,DISABLED,0,nan,nan,nan,nan,nan,nan,nan,nan,nan,nan,nan,nan,nan,nan,nan,nan,nan,nan,nan,nan,nan,nan,nan,nan,nan,nan,nan,nan,nan,nan,nan,nan,nan,nan,8.135322275833076,2.5125523209771234,-0.16708695476536656,0.02139340433572792,0.02139340433572792,0.02139340433572792,8.08025538950321,2.5263589849923487,-0.09199111872598066,0.05506688632986645,-0.013806664015225234,-0.0750958360393859,0.05677134789042575,0.09414016428576104,0.01966118812561035,False,DISABLED,none,MODEL_ORIGIN_FRAME_NOT_ESTABLISHED,nan,nan,nan,nan,nan,nan,nan,nan,nan,nan,nan,nan,nan,NOT_EVALUATED,nan,nan,nan,nan,DISABLED,nan,nan,nan,nan,nan,nan
1791471069.8841937,1791471069.9014518,1791471069.9062102,1791471069.9062293,front_rgbd_red_sphere,True,True,True,,78.7,78.7,1791471069.9014518,1791471069.9001188,1791471069.8841937,1791471069.8841937,1791471069.8841937,0.0,1791471068.8921752,1791471069.892182,1791471069.884007,1791471069.892182,1791471069.884007,1791471069.892182,1791471068.8921752,1791471069.892182,1791471068.8921752,1791471069.892182,1791470991.1841936,GAZEBO_CLOCK_SYSTEM_INTERPOLATION,MAPPED_EXACT,0,78.7,1791471069.8841937,0.0018191337585449219,0.0,RGB,0.0,0,1,0,UNCALIBRATED,PREPARATION,MID,TURNING,1.0,367,1.0,6.640167236328125,0.2918623089790344,nan,nan,False,0.0,0.0,0.0,0.0,0,0,0,0,0,0.0,0.0,0.0,0.0,0.0,0.0,0.0,0.0,0.0,0.0,0.0,0.0,0.0,0.0,6.359352568802458,0.6142371319010138,-1.8091904836818546,0.0,0.0,0.0,0.0,0.0,0.0,0.0,0.0,0.0,0.0,0.0,False,DISABLED,0,nan,nan,nan,nan,nan,nan,nan,nan,nan,nan,nan,nan,nan,nan,nan,nan,nan,nan,nan,nan,nan,nan,nan,nan,nan,nan,nan,nan,nan,nan,nan,nan,nan,nan,8.148604984791104,2.711814144186999,-0.15824443213316725,0.021433450029788952,0.021433450029788952,0.021433450029788952,8.09295169408082,2.7181268815152477,-0.08280824496846846,0.0556532907102838,-0.006312737328248552,-0.07543618716469878,0.056010172464105334,0.09395614803410307,0.017258167266845703,False,DISABLED,none,MODEL_ORIGIN_FRAME_NOT_ESTABLISHED,nan,nan,nan,nan,nan,nan,nan,nan,nan,nan,nan,nan,nan,NOT_EVALUATED,nan,nan,nan,nan,DISABLED,nan,nan,nan,nan,nan,nan
1791471069.9361577,1791471069.9504557,1791471069.9614904,1791471069.9615107,front_rgbd_red_sphere,True,True,True,,78.752,78.752,1791471069.9504557,1791471069.9495597,1791471069.9361577,1791471069.9361577,1791471069.9361577,0.0,1791471068.9521697,1791471069.9481597,1791471069.940007,1791471069.9481597,1791471069.944007,1791471069.952175,1791471068.932161,1791471069.9481597,1791471068.9521697,1791471069.952175,1791470991.1841576,GAZEBO_CLOCK_SYSTEM_INTERPOLATION,MAPPED_EXACT,0,78.752,1791471069.9361577,0.0010652542114257812,0.0,RGB,0.0,0,1,0,UNCALIBRATED,PREPARATION,MID,TURNING,1.0,370,1.0,6.643829345703125,0.2936769425868988,nan,nan,False,0.0,0.0,0.0,0.0,0,0,0,0,0,0.0,0.0,0.0,0.0,0.0,0.0,0.0,0.0,0.0,0.0,0.0,0.0,0.0,0.0,6.359380140143434,0.6120535033030468,-1.823222926138281,0.0,0.0,0.0,0.0,0.0,0.0,0.0,0.0,0.0,0.0,0.0,False,DISABLED,0,nan,nan,nan,nan,nan,nan,nan,nan,nan,nan,nan,nan,nan,nan,nan,nan,nan,nan,nan,nan,nan,nan,nan,nan,nan,nan,nan,nan,nan,nan,nan,nan,nan,nan,8.162826421184981,2.910940985821093,-0.14859316118621008,0.021444173508771994,0.021444173508771994,0.021444173508771994,8.10777657068606,2.9254488537056074,-0.07233454764348178,0.055049850498921415,-0.014507867884514525,-0.0762586135427283,0.05692946750592461,0.09516480657242629,0.014297962188720703,False,DISABLED,none,MODEL_ORIGIN_FRAME_NOT_ESTABLISHED,nan,nan,nan,nan,nan,nan,nan,nan,nan,nan,nan,nan,nan,NOT_EVALUATED,nan,nan,nan,nan,DISABLED,nan,nan,nan,nan,nan,nan
1791471069.9841616,1791471070.0131466,1791471070.0165012,1791471070.0165267,front_rgbd_red_sphere,True,True,True,,78.8,78.8,1791471070.0131466,1791471070.0025895,1791471069.9841616,1791471069.9841616,1791471069.9841616,0.0,1791471068.9921796,1791471069.9881754,1791471069.980007,1791471069.9881754,1791471069.984007,1791471069.992185,1791471068.9881747,1791471069.9881754,1791471068.9921796,1791471069.992185,1791470991.1841617,GAZEBO_CLOCK_SYSTEM_INTERPOLATION,MAPPED_EXACT,0,78.8,1791471069.9841616,0.0012078285217285156,0.0,RGB,0.0,0,1,0,UNCALIBRATED,PREPARATION,MID,TURNING,1.0,367,1.0,6.658531188964844,0.2936178743839264,nan,nan,False,0.0,0.0,0.0,0.0,0,0,0,0,0,0.0,0.0,0.0,0.0,0.0,0.0,0.0,0.0,0.0,0.0,0.0,0.0,0.0,0.0,6.373566602967592,0.6129649821424046,-1.8270090818943236,0.0,0.0,0.0,0.0,0.0,0.0,0.0,0.0,0.0,0.0,0.0,False,DISABLED,0,nan,nan,nan,nan,nan,nan,nan,nan,nan,nan,nan,nan,nan,nan,nan,nan,nan,nan,nan,nan,nan,nan,nan,nan,nan,nan,nan,nan,nan,nan,nan,nan,nan,nan,8.177821614473462,3.1101420542475884,-0.13861674232428894,0.021487254080659234,0.021487254080659234,0.021487254080659234,8.122447211292839,3.1170736211492844,-0.062231408896857666,0.05537440318062359,-0.006931566901696051,-0.07638533342743128,0.055806551114747666,0.09459963165965708,0.028985023498535156,False,DISABLED,none,MODEL_ORIGIN_FRAME_NOT_ESTABLISHED,nan,nan,nan,nan,nan,nan,nan,nan,nan,nan,nan,nan,nan,NOT_EVALUATED,nan,nan,nan,nan,DISABLED,nan,nan,nan,nan,nan,nan
1791471070.0361564,1791471070.0552576,1791471070.0612571,1791471070.0612774,front_rgbd_red_sphere,True,True,True,,78.852,78.852,1791471070.0552576,1791471070.054098,1791471070.0361564,1791471070.0361564,1791471070.0361564,0.0,1791471069.0521648,1791471070.0521727,1791471070.0440068,1791471070.0521727,1791471070.0440068,1791471070.0521727,1791471069.0521648,1791471070.0521727,1791471069.0521648,1791471070.0521727,1791470991.1841564,GAZEBO_CLOCK_SYSTEM_INTERPOLATION,MAPPED_EXACT,0,78.852,1791471070.0361564,0.00162506103515625,0.0,RGB,0.0,0,1,0,UNCALIBRATED,PREPARATION,MID,TURNING,1.0,367,1.0,6.662618637084961,0.2949850857257843,nan,nan,False,0.0,0.0,0.0,0.0,0,0,0,0,0,0.0,0.0,0.0,0.0,0.0,0.0,0.0,0.0,0.0,0.0,0.0,0.0,0.0,0.0,6.3748367615222215,0.6117046848727874,-1.8378687697915392,0.0,0.0,0.0,0.0,0.0,0.0,0.0,0.0,0.0,0.0,0.0,False,DISABLED,0,nan,nan,nan,nan,nan,nan,nan,nan,nan,nan,nan,nan,nan,nan,nan,nan,nan,nan,nan,nan,nan,nan,nan,nan,nan,nan,nan,nan,nan,nan,nan,nan,nan,nan,8.193602015899033,3.3089382747327836,-0.1279754640081911,0.021499238720967102,0.021499238720967102,0.021499238720967102,8.139431377878978,3.3243903135077475,-0.05088827866823476,0.054170638020055506,-0.015452038774963928,-0.07708718533995634,0.056331372482861373,0.09547595335706081,0.01910114288330078,False,DISABLED,none,MODEL_ORIGIN_FRAME_NOT_ESTABLISHED,nan,nan,nan,nan,nan,nan,nan,nan,nan,nan,nan,nan,nan,NOT_EVALUATED,nan,nan,nan,nan,DISABLED,nan,nan,nan,nan,nan,nan
1791471070.0841618,1791471070.1115992,1791471070.114731,1791471070.1147513,front_rgbd_red_sphere,True,True,True,,78.9,78.9,1791471070.1115992,1791471070.1002986,1791471070.0841618,1791471070.0841618,1791471070.0841618,0.0,1791471069.0721617,1791471070.0921712,1791471070.084007,1791471070.0921712,1791471070.084007,1791471070.0921712,1791471069.0681906,1791471070.0921712,1791471069.0721617,1791471070.0921712,1791470991.1841617,GAZEBO_CLOCK_SYSTEM_INTERPOLATION,MAPPED_EXACT,0,78.9,1791471070.0841618,0.0036575794219970703,0.0,RGB,0.0,0,1,0,UNCALIBRATED,PREPARATION,MID,TURNING,1.0,366,1.0,6.677918910980225,0.29477930068969727,nan,nan,False,0.0,0.0,0.0,0.0,0,0,0,0,0,0.0,0.0,0.0,0.0,0.0,0.0,0.0,0.0,0.0,0.0,0.0,0.0,0.0,0.0,6.389875229506055,0.6138719788424734,-1.8404493108910112,0.0,0.0,0.0,0.0,0.0,0.0,0.0,0.0,0.0,0.0,0.0,False,DISABLED,0,nan,nan,nan,nan,nan,nan,nan,nan,nan,nan,nan,nan,nan,nan,nan,nan,nan,nan,nan,nan,nan,nan,nan,nan,nan,nan,nan,nan,nan,nan,nan,nan,nan,nan,8.210533526374796,3.507664518291395,-0.11700959702982322,0.02154412968301682,0.02154412968301682,0.02154412968301682,8.15608067371456,3.515697563779171,-0.04012170421227652,0.05445285266023525,-0.008033045487776391,-0.07688789281754671,0.055042192749253496,0.09455892895210122,0.027437448501586914,False,DISABLED,none,MODEL_ORIGIN_FRAME_NOT_ESTABLISHED,nan,nan,nan,nan,nan,nan,nan,nan,nan,nan,nan,nan,nan,NOT_EVALUATED,nan,nan,nan,nan,DISABLED,nan,nan,nan,nan,nan,nan
1791471070.1361609,1791471070.1629016,1791471070.1670196,1791471070.167042,front_rgbd_red_sphere,True,True,True,,78.952,78.952,1791471070.1629016,1791471070.161904,1791471070.1361609,1791471070.1361609,1791471070.1361609,0.0,1791471069.1521664,1791471070.1481695,1791471070.140007,1791471070.1481695,1791471070.144007,1791471070.1521668,1791471069.132173,1791471070.1481695,1791471069.1521664,1791471070.1521668,1791470991.184161,GAZEBO_CLOCK_SYSTEM_INTERPOLATION,MAPPED_EXACT,0,78.952,1791471070.1361609,0.0030722618103027344,0.0,RGB,0.0,0,1,0,UNCALIBRATED,PREPARATION,MID,TURNING,1.0,365,1.0,6.6825079917907715,0.2955511808395386,nan,nan,False,0.0,0.0,0.0,0.0,0,0,0,0,0,0.0,0.0,0.0,0.0,0.0,0.0,0.0,0.0,0.0,0.0,0.0,0.0,0.0,0.0,6.392766042746709,0.6140997968398096,-1.8469801050742438,0.0,0.0,0.0,0.0,0.0,0.0,0.0,0.0,0.0,0.0,0.0,False,DISABLED,0,nan,nan,nan,nan,nan,nan,nan,nan,nan,nan,nan,nan,nan,nan,nan,nan,nan,nan,nan,nan,nan,nan,nan,nan,nan,nan,nan,nan,nan,nan,nan,nan,nan,nan,8.228323109722643,3.706352716773142,-0.10592305611466907,0.021557603804186448,0.021557603804186448,0.021557603804186448,8.175227674110168,3.7227910409036293,-0.028198933436251794,0.05309543561247487,-0.016438324130487292,-0.07772412267841727,0.0555818655956907,0.09555303778126097,0.02674078941345215,False,DISABLED,none,MODEL_ORIGIN_FRAME_NOT_ESTABLISHED,nan,nan,nan,nan,nan,nan,nan,nan,nan,nan,nan,nan,nan,NOT_EVALUATED,nan,nan,nan,nan,DISABLED,nan,nan,nan,nan,nan,nan
1791471070.184157,1791471070.2091508,1791471070.2123234,1791471070.212341,front_rgbd_red_sphere,True,True,True,,79.0,79.0,1791471070.2091508,1791471070.1983082,1791471070.184157,1791471070.184157,1791471070.184157,0.0,1791471069.1721573,1791471070.1881733,1791471070.180007,1791471070.1881733,1791471070.184007,1791471070.192177,1791471069.1721573,1791471070.1881733,1791471069.1721573,1791471070.192177,1791470991.184157,GAZEBO_CLOCK_SYSTEM_INTERPOLATION,MAPPED_EXACT,0,79.0,1791471070.184157,0.0012323856353759766,0.0,RGB,0.0,0,1,0,UNCALIBRATED,PREPARATION,MID,TURNING,1.0,364,1.0,6.6979756355285645,0.2945484519004822,nan,nan,False,0.0,0.0,0.0,0.0,0,0,0,0,0,0.0,0.0,0.0,0.0,0.0,0.0,0.0,0.0,0.0,0.0,0.0,0.0,0.0,0.0,6.409515912175606,0.6176059478450107,-1.8437851367038638,0.0,0.0,0.0,0.0,0.0,0.0,0.0,0.0,0.0,0.0,0.0,False,DISABLED,0,nan,nan,nan,nan,nan,nan,nan,nan,nan,nan,nan,nan,nan,nan,nan,nan,nan,nan,nan,nan,nan,nan,nan,nan,nan,nan,nan,nan,nan,nan,nan,nan,nan,nan,8.247201380054742,3.9048597989360907,-0.09446231662176524,0.021603048197061932,0.021603048197061932,0.021603048197061932,8.19387813161737,3.913837030836629,-0.0170304468892067,0.05332324843737268,-0.008977231900538118,-0.07743186973255854,0.05407364900309399,0.09444391969200412,0.024993896484375,False,DISABLED,none,MODEL_ORIGIN_FRAME_NOT_ESTABLISHED,nan,nan,nan,nan,nan,nan,nan,nan,nan,nan,nan,nan,nan,NOT_EVALUATED,nan,nan,nan,nan,DISABLED,nan,nan,nan,nan,nan,nan
1791471070.2361605,1791471070.2661524,1791471070.2716558,1791471070.2716856,front_rgbd_red_sphere,True,True,True,,79.052,79.052,1791471070.2661524,1791471070.2636638,1791471070.2361605,1791471070.2361605,1791471070.2361605,0.0,1791471069.2321603,1791471070.2521853,1791471070.2440069,1791471070.2521853,1791471070.2440069,1791471070.2521853,1791471069.2281578,1791471070.2521853,1791471069.2321603,1791471070.2521853,1791470991.1841605,GAZEBO_CLOCK_SYSTEM_INTERPOLATION,MAPPED_EXACT,0,79.052,1791471070.2361605,0.002708911895751953,0.0,RGB,0.0,0,1,0,UNCALIBRATED,PREPARATION,MID,TURNING,1.0,362,1.0,6.702944755554199,0.2951675057411194,nan,nan,False,0.0,0.0,0.0,0.0,0,0,0,0,0,0.0,0.0,0.0,0.0,0.0,0.0,0.0,0.0,0.0,0.0,0.0,0.0,0.0,0.0,6.413065235896214,0.6189932705404466,-1.849029033448736,0.0,0.0,0.0,0.0,0.0,0.0,0.0,0.0,0.0,0.0,0.0,False,DISABLED,0,nan,nan,nan,nan,nan,nan,nan,nan,nan,nan,nan,nan,nan,nan,nan,nan,nan,nan,nan,nan,nan,nan,nan,nan,nan,nan,nan,nan,nan,nan,nan,nan,nan,nan,8.266930894985057,4.103068789281821,-0.08252455819862442,0.02161765808861257,0.02161765808861257,0.02161765808861257,8.215208092164492,4.120679239806951,-0.004821934070263122,0.051722802820565406,-0.01761045052513044,-0.07770262412836129,0.05463859715725831,0.09498986312100123,0.029991865158081055,False,DISABLED,none,MODEL_ORIGIN_FRAME_NOT_ESTABLISHED,nan,nan,nan,nan,nan,nan,nan,nan,nan,nan,nan,nan,nan,NOT_EVALUATED,nan,nan,nan,nan,DISABLED,nan,nan,nan,nan,nan,nan
1791471070.2841613,1791471070.2993648,1791471070.302706,1791471070.3027277,front_rgbd_red_sphere,True,True,True,,79.1,79.1,1791471070.2993648,1791471070.2978435,1791471070.2841613,1791471070.2841613,1791471070.2841613,0.0,1791471069.2721617,1791471070.2921748,1791471070.2840068,1791471070.2921748,1791471070.2840068,1791471070.2921748,1791471069.268169,1791471070.2921748,1791471069.2721617,1791471070.2921748,1791470991.1841614,GAZEBO_CLOCK_SYSTEM_INTERPOLATION,MAPPED_EXACT,0,79.1,1791471070.2841613,0.0034143924713134766,0.0,RGB,0.0,0,1,0,UNCALIBRATED,PREPARATION,MID,TURNING,1.0,363,1.0,6.718459606170654,0.2943524420261383,nan,nan,False,0.0,0.0,0.0,0.0,0,0,0,0,0,0.0,0.0,0.0,0.0,0.0,0.0,0.0,0.0,0.0,0.0,0.0,0.0,0.0,0.0,6.429500132938585,0.6233119296657144,-1.8468108305573683,0.0,0.0,0.0,0.0,0.0,0.0,0.0,0.0,0.0,0.0,0.0,False,DISABLED,0,nan,nan,nan,nan,nan,nan,nan,nan,nan,nan,nan,nan,nan,nan,nan,nan,nan,nan,nan,nan,nan,nan,nan,nan,nan,nan,nan,nan,nan,nan,nan,nan,nan,nan,8.28780063477931,4.300976186221548,-0.0707151598796924,0.021663305424151225,0.021663305424151225,0.021663305424151225,8.2358982702936,4.311607379158769,0.006483249579796275,0.05190236448571106,-0.010631192937220924,-0.07719840945948868,0.05297997454204765,0.09362944048508935,0.015203475952148438,False,DISABLED,none,MODEL_ORIGIN_FRAME_NOT_ESTABLISHED,nan,nan,nan,nan,nan,nan,nan,nan,nan,nan,nan,nan,nan,NOT_EVALUATED,nan,nan,nan,nan,DISABLED,nan,nan,nan,nan,nan,nan
1791471070.3361554,1791471070.3534136,1791471070.3628793,1791471070.362912,front_rgbd_red_sphere,True,True,True,,79.152,79.152,1791471070.3534136,1791471070.3517718,1791471070.3361554,1791471070.3361554,1791471070.3361554,0.0,1791471069.3321617,1791471070.3481686,1791471070.3400068,1791471070.3481686,1791471070.344007,1791471070.3521767,1791471069.3321617,1791471070.3481686,1791471069.3321617,1791471070.3521767,1791470991.1841555,GAZEBO_CLOCK_SYSTEM_INTERPOLATION,MAPPED_EXACT,0,79.152,1791471070.3361554,0.0015444755554199219,0.0,RGB,0.0,0,1,0,UNCALIBRATED,PREPARATION,MID,TURNING,1.0,364,1.0,6.72337532043457,0.29504308104515076,nan,nan,False,0.0,0.0,0.0,0.0,0,0,0,0,0,0.0,0.0,0.0,0.0,0.0,0.0,0.0,0.0,0.0,0.0,0.0,0.0,0.0,0.0,6.432855818239078,0.6252445665473374,-1.8523532457892662,0.0,0.0,0.0,0.0,0.0,0.0,0.0,0.0,0.0,0.0,0.0,False,DISABLED,0,nan,nan,nan,nan,nan,nan,nan,nan,nan,nan,nan,nan,nan,nan,nan,nan,nan,nan,nan,nan,nan,nan,nan,nan,nan,nan,nan,nan,nan,nan,nan,nan,nan,nan,8.309682970187175,4.498892065284541,-0.05866329795950248,0.02167777843170628,0.02167777843170628,0.02167777843170628,8.259446389639123,4.518267956494958,0.01868255677073287,0.050236580548052245,-0.019375891210416718,-0.07734585473023535,0.05384365501485616,0.09424181889856284,0.017258167266845703,False,DISABLED,none,MODEL_ORIGIN_FRAME_NOT_ESTABLISHED,nan,nan,nan,nan,nan,nan,nan,nan,nan,nan,nan,nan,nan,NOT_EVALUATED,nan,nan,nan,nan,DISABLED,nan,nan,nan,nan,nan,nan
1791471070.384161,1791471070.402901,1791471070.4064174,1791471070.4064386,front_rgbd_red_sphere,True,True,True,,79.2,79.2,1791471070.402901,1791471070.401115,1791471070.384161,1791471070.384161,1791471070.384161,0.0,1791471069.372162,1791471070.388161,1791471070.380007,1791471070.388161,1791471070.384007,1791471070.3921652,1791471069.372162,1791471070.388161,1791471069.372162,1791471070.3921652,1791470991.184161,GAZEBO_CLOCK_SYSTEM_INTERPOLATION,MAPPED_EXACT,0,79.2,1791471070.384161,0.003120899200439453,0.0,RGB,0.0,0,1,0,UNCALIBRATED,PREPARATION,MID,TURNING,1.0,360,1.0,6.738735198974609,0.2941376566886902,nan,nan,False,0.0,0.0,0.0,0.0,0,0,0,0,0,0.0,0.0,0.0,0.0,0.0,0.0,0.0,0.0,0.0,0.0,0.0,0.0,0.0,0.0,6.449323354584183,0.6299708602513796,-1.8493016680501233,0.0,0.0,0.0,0.0,0.0,0.0,0.0,0.0,0.0,0.0,0.0,False,DISABLED,0,nan,nan,nan,nan,nan,nan,nan,nan,nan,nan,nan,nan,nan,nan,nan,nan,nan,nan,nan,nan,nan,nan,nan,nan,nan,nan,nan,nan,nan,nan,nan,nan,nan,nan,8.332778644996269,4.696785994017507,-0.04722402822422461,0.021723031437816946,0.021723031437816946,0.021723031437816946,8.282175458614802,4.708839292554319,0.02983359018011822,0.050603186381467324,-0.01205329853681203,-0.07705761840434283,0.05201888577790796,0.09297225947412674,0.018739938735961914,False,DISABLED,none,MODEL_ORIGIN_FRAME_NOT_ESTABLISHED,nan,nan,nan,nan,nan,nan,nan,nan,nan,nan,nan,nan,nan,NOT_EVALUATED,nan,nan,nan,nan,DISABLED,nan,nan,nan,nan,nan,nan
1791471070.4361603,1791471070.4625213,1791471070.4659421,1791471070.4659598,front_rgbd_red_sphere,True,True,True,,79.252,79.252,1791471070.4625213,1791471070.4515896,1791471070.4361603,1791471070.4361603,1791471070.4361603,0.0,1791471069.452168,1791471070.4521768,1791471070.444007,1791471070.4521768,1791471070.444007,1791471070.4521768,1791471069.452168,1791471070.4521768,1791471069.452168,1791471070.4521768,1791470991.1841602,GAZEBO_CLOCK_SYSTEM_INTERPOLATION,MAPPED_EXACT,0,79.252,1791471070.4361603,0.002559185028076172,0.0,RGB,0.0,0,1,0,UNCALIBRATED,PREPARATION,MID,TURNING,1.0,355,1.0,6.743497371673584,0.2952425181865692,nan,nan,False,0.0,0.0,0.0,0.0,0,0,0,0,0,0.0,0.0,0.0,0.0,0.0,0.0,0.0,0.0,0.0,0.0,0.0,0.0,0.0,0.0,6.451717234248967,0.632168265874876,-1.8575433192567408,0.0,0.0,0.0,0.0,0.0,0.0,0.0,0.0,0.0,0.0,0.0,False,DISABLED,0,nan,nan,nan,nan,nan,nan,nan,nan,nan,nan,nan,nan,nan,nan,nan,nan,nan,nan,nan,nan,nan,nan,nan,nan,nan,nan,nan,nan,nan,nan,nan,nan,nan,nan,8.35692100275726,4.89408730477959,-0.035473581501143714,0.02173707199262762,0.02173707199262762,0.02173707199262762,8.307965556502653,4.915259858858222,0.04172159190054329,0.048955446254606017,-0.021172554078631833,-0.077195173401687,0.05333772365034158,0.09382967313551045,0.02636098861694336,False,DISABLED,none,MODEL_ORIGIN_FRAME_NOT_ESTABLISHED,nan,nan,nan,nan,nan,nan,nan,nan,nan,nan,nan,nan,nan,NOT_EVALUATED,nan,nan,nan,nan,DISABLED,nan,nan,nan,nan,nan,nan
1791471070.4841564,1791471070.5016837,1791471070.504945,1791471070.5049636,front_rgbd_red_sphere,True,True,True,,79.3,79.3,1791471070.5016837,1791471070.5005603,1791471070.4841564,1791471070.4841564,1791471070.4841564,0.0,1791471069.4721608,1791471070.492168,1791471070.484007,1791471070.492168,1791471070.484007,1791471070.492168,1791471069.4681642,1791471070.492168,1791471069.4721608,1791471070.492168,1791470991.1841564,GAZEBO_CLOCK_SYSTEM_INTERPOLATION,MAPPED_EXACT,0,79.3,1791471070.4841564,0.0017383098602294922,0.0,RGB,0.0,0,1,0,UNCALIBRATED,PREPARATION,MID,TURNING,1.0,353,1.0,6.758769512176514,0.29543209075927734,nan,nan,False,0.0,0.0,0.0,0.0,0,0,0,0,0,0.0,0.0,0.0,0.0,0.0,0.0,0.0,0.0,0.0,0.0,0.0,0.0,0.0,0.0,6.465955532122915,0.6364911514200564,-1.8620590800679864,0.0,0.0,0.0,0.0,0.0,0.0,0.0,0.0,0.0,0.0,0.0,False,DISABLED,0,nan,nan,nan,nan,nan,nan,nan,nan,nan,nan,nan,nan,nan,nan,nan,nan,nan,nan,nan,nan,nan,nan,nan,nan,nan,nan,nan,nan,nan,nan,nan,nan,nan,nan,8.381924804440423,5.091127872232211,-0.024313064390668104,0.02178212788852393,0.02178212788852393,0.02178212788852393,8.33278835590271,5.105679560332927,0.05245715661618684,0.049136448537712596,-0.014551688100715943,-0.07677022100685495,0.051245899362581164,0.09230281163063858,0.017527341842651367,False,DISABLED,none,MODEL_ORIGIN_FRAME_NOT_ESTABLISHED,nan,nan,nan,nan,nan,nan,nan,nan,nan,nan,nan,nan,nan,NOT_EVALUATED,nan,nan,nan,nan,DISABLED,nan,nan,nan,nan,nan,nan
1791471070.5361598,1791471070.551424,1791471070.560231,1791471070.5602534,front_rgbd_red_sphere,True,True,True,,79.352,79.352,1791471070.551424,1791471070.5498621,1791471070.5361598,1791471070.5361598,1791471070.5361598,0.0,1791471069.532161,1791471070.5481708,1791471070.5400069,1791471070.5481708,1791471070.5440068,1791471070.5521693,1791471069.532161,1791471070.5481708,1791471069.532161,1791471070.5521693,1791470991.1841598,GAZEBO_CLOCK_SYSTEM_INTERPOLATION,MAPPED_EXACT,0,79.352,1791471070.5361598,0.0010483264923095703,0.0,RGB,0.0,0,1,0,UNCALIBRATED,PREPARATION,MID,TURNING,1.0,360,1.0,6.762923717498779,0.2973115146160126,nan,nan,False,0.0,0.0,0.0,0.0,0,0,0,0,0,0.0,0.0,0.0,0.0,0.0,0.0,0.0,0.0,0.0,0.0,0.0,0.0,0.0,0.0,6.466217724612187,0.6381223384826349,-1.8756244935473658,0.0,0.0,0.0,0.0,0.0,0.0,0.0,0.0,0.0,0.0,0.0,False,DISABLED,0,nan,nan,nan,nan,nan,nan,nan,nan,nan,nan,nan,nan,nan,nan,nan,nan,nan,nan,nan,nan,nan,nan,nan,nan,nan,nan,nan,nan,nan,nan,nan,nan,nan,nan,8.40799393265337,5.287630085999056,-0.013425684790083936,0.021794392064642433,0.021794392064642433,0.021794392064642433,8.360856344794122,5.311854019094909,0.06374161867777069,0.0471375878592486,-0.024223933095853134,-0.07716730346785462,0.052997652059508724,0.09361380159100857,0.015264272689819336,False,DISABLED,none,MODEL_ORIGIN_FRAME_NOT_ESTABLISHED,nan,nan,nan,nan,nan,nan,nan,nan,nan,nan,nan,nan,nan,NOT_EVALUATED,nan,nan,nan,nan,DISABLED,nan,nan,nan,nan,nan,nan
1791471070.5841606,1791471070.5996041,1791471070.6029522,1791471070.6029742,front_rgbd_red_sphere,True,True,True,,79.4,79.4,1791471070.5996041,1791471070.5973299,1791471070.5841606,1791471070.5841606,1791471070.5841606,0.0,1791471069.5921712,1791471070.5881736,1791471070.5800068,1791471070.5881736,1791471070.584007,1791471070.592178,1791471069.5881696,1791471070.5881736,1791471069.5921712,1791471070.592178,1791470991.1841605,GAZEBO_CLOCK_SYSTEM_INTERPOLATION,MAPPED_EXACT,0,79.4,1791471070.5841606,0.003704071044921875,0.0,RGB,0.0,0,1,0,UNCALIBRATED,PREPARATION,MID,TURNING,1.0,359,1.0,6.777867317199707,0.2974180281162262,nan,nan,False,0.0,0.0,0.0,0.0,0,0,0,0,0,0.0,0.0,0.0,0.0,0.0,0.0,0.0,0.0,0.0,0.0,0.0,0.0,0.0,0.0,6.480294247284411,0.6425983463285565,-1.8794525035781113,0.0,0.0,0.0,0.0,0.0,0.0,0.0,0.0,0.0,0.0,0.0,False,DISABLED,0,nan,nan,nan,nan,nan,nan,nan,nan,nan,nan,nan,nan,nan,nan,nan,nan,nan,nan,nan,nan,nan,nan,nan,nan,nan,nan,nan,nan,nan,nan,nan,nan,nan,nan,8.435588984057521,5.484801820247223,-0.0030884299417416883,0.021838536791676244,0.021838536791676244,0.021838536791676244,8.38777192616507,5.501873500480406,0.07378525696207965,0.047817057892450165,-0.017071680233183173,-0.07687368690382133,0.050773155224724684,0.09212750419750194,0.015443563461303711,False,DISABLED,none,MODEL_ORIGIN_FRAME_NOT_ESTABLISHED,nan,nan,nan,nan,nan,nan,nan,nan,nan,nan,nan,nan,nan,NOT_EVALUATED,nan,nan,nan,nan,DISABLED,nan,nan,nan,nan,nan,nan
1791471070.636163,1791471070.654487,1791471070.6637506,1791471070.6637757,front_rgbd_red_sphere,True,True,True,,79.452,79.452,1791471070.654487,1791471070.652117,1791471070.636163,1791471070.636163,1791471070.636163,0.0,1791471069.6521714,1791471070.6521726,1791471070.644007,1791471070.6521726,1791471070.644007,1791471070.6521726,1791471069.6521714,1791471070.6521726,1791471069.6521714,1791471070.6521726,1791470991.184163,GAZEBO_CLOCK_SYSTEM_INTERPOLATION,MAPPED_EXACT,0,79.452,1791471070.636163,0.0021016597747802734,0.0,RGB,0.0,0,1,0,UNCALIBRATED,PREPARATION,MID,TURNING,1.0,356,1.0,6.781884670257568,0.2992323040962219,nan,nan,False,0.0,0.0,0.0,0.0,0,0,0,0,0,0.0,0.0,0.0,0.0,0.0,0.0,0.0,0.0,0.0,0.0,0.0,0.0,0.0,0.0,6.480518451260958,0.6446569125909551,-1.892420543119833,0.0,0.0,0.0,0.0,0.0,0.0,0.0,0.0,0.0,0.0,0.0,False,DISABLED,0,nan,nan,nan,nan,nan,nan,nan,nan,nan,nan,nan,nan,nan,nan,nan,nan,nan,nan,nan,nan,nan,nan,nan,nan,nan,nan,nan,nan,nan,nan,nan,nan,nan,nan,8.464546888597859,5.6815280446145415,0.007158195247813082,0.021850410952994365,0.021850410952994365,0.021850410952994365,8.418136847756337,5.707690823331597,0.08418489524946401,0.046410040841522004,-0.026162778717055524,-0.07702670000165093,0.05327647586983728,0.09365626190625849,0.018323898315429688,False,DISABLED,none,MODEL_ORIGIN_FRAME_NOT_ESTABLISHED,nan,nan,nan,nan,nan,nan,nan,nan,nan,nan,nan,nan,nan,NOT_EVALUATED,nan,nan,nan,nan,DISABLED,nan,nan,nan,nan,nan,nan
1791471070.6841593,1791471070.7064412,1791471070.7099667,1791471070.709989,front_rgbd_red_sphere,True,True,True,,79.5,79.5,1791471070.698786,1791471070.7064412,1791471070.6841593,1791471070.6841593,1791471070.6841593,0.0,1791471069.67216,1791471070.6921654,1791471070.684007,1791471070.6921654,1791471070.684007,1791471070.6921654,1791471069.6681602,1791471070.6921654,1791471069.67216,1791471070.6921654,1791470991.1841593,GAZEBO_CLOCK_SYSTEM_INTERPOLATION,MAPPED_EXACT,0,79.5,1791471070.6841593,0.002518892288208008,0.0,RGB,0.0,0,1,0,UNCALIBRATED,PREPARATION,MID,TURNING,1.0,354,1.0,6.795912265777588,0.29981160163879395,nan,nan,False,0.0,0.0,0.0,0.0,0,0,0,0,0,0.0,0.0,0.0,0.0,0.0,0.0,0.0,0.0,0.0,0.0,0.0,0.0,0.0,0.0,6.492761365909925,0.649299599663415,-1.899180230316028,0.0,0.0,0.0,0.0,0.0,0.0,0.0,0.0,0.0,0.0,0.0,False,DISABLED,0,nan,nan,nan,nan,nan,nan,nan,nan,nan,nan,nan,nan,nan,nan,nan,nan,nan,nan,nan,nan,nan,nan,nan,nan,nan,nan,nan,nan,nan,nan,nan,nan,nan,nan,8.494444400840973,5.877362410492103,0.016946377569977022,0.021891902445284554,0.021891902445284554,0.021891902445284554,8.447206320774425,5.8974798915998985,0.0932991935556896,0.04723808006654728,-0.02011748110779532,-0.07635281598571257,0.05134344412382202,0.09201033509038058,0.022281885147094727,False,DISABLED,none,MODEL_ORIGIN_FRAME_NOT_ESTABLISHED,nan,nan,nan,nan,nan,nan,nan,nan,nan,nan,nan,nan,nan,NOT_EVALUATED,nan,nan,nan,nan,DISABLED,nan,nan,nan,nan,nan,nan
1791471070.7361588,1791471070.7589624,1791471070.765533,1791471070.7655518,front_rgbd_red_sphere,True,True,True,,79.552,79.552,1791471070.7589624,1791471070.7470741,1791471070.7361588,1791471070.7361588,1791471070.7361588,0.0,1791471069.732193,1791471070.748173,1791471070.740037,1791471070.748173,1791471070.744037,1791471070.7521663,1791471069.732193,1791471070.748173,1791471069.732193,1791471070.7521663,1791470991.1841588,GAZEBO_CLOCK_SYSTEM_INTERPOLATION,MAPPED_EXACT,0,79.552,1791471070.7361588,0.003441333770751953,0.0,RGB,0.0,0,1,0,UNCALIBRATED,PREPARATION,MID,TURNING,1.0,358,1.0,6.798645973205566,0.3018742799758911,nan,nan,False,0.0,0.0,0.0,0.0,0,0,0,0,0,0.0,0.0,0.0,0.0,0.0,0.0,0.0,0.0,0.0,0.0,0.0,0.0,0.0,0.0,6.491217550957088,0.6512706482581763,-1.9135122879035285,0.0,0.0,0.0,0.0,0.0,0.0,0.0,0.0,0.0,0.0,0.0,False,DISABLED,0,nan,nan,nan,nan,nan,nan,nan,nan,nan,nan,nan,nan,nan,nan,nan,nan,nan,nan,nan,nan,nan,nan,nan,nan,nan,nan,nan,nan,nan,nan,nan,nan,nan,nan,8.525374404721425,6.072897509972455,0.026152615621990505,0.0218999924725795,0.0218999924725795,0.0218999924725795,8.479898561700844,6.102866651944983,0.10255572448256525,0.04547584302058105,-0.029969141972528313,-0.07640310886057475,0.05446284760276576,0.09382769747021891,0.022803544998168945,False,DISABLED,none,MODEL_ORIGIN_FRAME_NOT_ESTABLISHED,nan,nan,nan,nan,nan,nan,nan,nan,nan,nan,nan,nan,nan,NOT_EVALUATED,nan,nan,nan,nan,DISABLED,nan,nan,nan,nan,nan,nan
1791471070.7841625,1791471070.8064055,1791471070.809557,1791471070.8095746,front_rgbd_red_sphere,True,True,True,,79.6,79.6,1791471070.8064055,1791471070.7950463,1791471070.7841625,1791471070.7841625,1791471070.7841625,0.0,1791471069.7721603,1791471070.7881715,1791471070.780037,1791471070.7881715,1791471070.7840369,1791471070.7921686,1791471069.7721603,1791471070.7881715,1791471069.7721603,1791471070.7921686,1791470991.1841626,GAZEBO_CLOCK_SYSTEM_INTERPOLATION,MAPPED_EXACT,0,79.6,1791471070.7841625,0.002467632293701172,0.0,RGB,0.0,0,1,0,UNCALIBRATED,PREPARATION,MID,TURNING,1.0,356,1.0,6.811518669128418,0.30198827385902405,nan,nan,False,0.0,0.0,0.0,0.0,0,0,0,0,0,0.0,0.0,0.0,0.0,0.0,0.0,0.0,0.0,0.0,0.0,0.0,0.0,0.0,0.0,6.5032770323016384,0.6558839935609058,-1.9167650483241703,0.0,0.0,0.0,0.0,0.0,0.0,0.0,0.0,0.0,0.0,0.0,False,DISABLED,0,nan,nan,nan,nan,nan,nan,nan,nan,nan,nan,nan,nan,nan,nan,nan,nan,nan,nan,nan,nan,nan,nan,nan,nan,nan,nan,nan,nan,nan,nan,nan,nan,nan,nan,8.55761185025457,6.268593911727005,0.03451829264822953,0.021938108015952123,0.021938108015952123,0.021938108015952123,8.511142160558759,6.292305594614278,0.11051226430586991,0.04646968969581167,-0.023711682887272545,-0.07599397165764038,0.05216968435568303,0.09217786987164461,0.022243022918701172,False,DISABLED,none,MODEL_ORIGIN_FRAME_NOT_ESTABLISHED,nan,nan,nan,nan,nan,nan,nan,nan,nan,nan,nan,nan,nan,NOT_EVALUATED,nan,nan,nan,nan,DISABLED,nan,nan,nan,nan,nan,nan
1791471070.8361778,1791471070.8506675,1791471070.8599968,1791471070.860018,front_rgbd_red_sphere,True,True,True,,79.652,79.652,1791471070.8506675,1791471070.8491457,1791471070.8361778,1791471070.8361778,1791471070.8361778,0.0,1791471069.8521678,1791471070.8521762,1791471070.8440368,1791471070.8521762,1791471070.8440368,1791471070.8521762,1791471069.8521678,1791471070.8521762,1791471069.8521678,1791471070.8521762,1791470991.1841779,GAZEBO_CLOCK_SYSTEM_INTERPOLATION,MAPPED_EXACT,0,79.652,1791471070.8361778,0.0009822845458984375,0.0,RGB,0.0,0,1,0,UNCALIBRATED,PREPARATION,MID,TURNING,1.0,350,1.0,6.813615798950195,0.3034329116344452,nan,nan,False,0.0,0.0,0.0,0.0,0,0,0,0,0,0.0,0.0,0.0,0.0,0.0,0.0,0.0,0.0,0.0,0.0,0.0,0.0,0.0,0.0,6.502345128675086,0.6581240898803511,-1.9265880875927612,0.0,0.0,0.0,0.0,0.0,0.0,0.0,0.0,0.0,0.0,0.0,False,DISABLED,0,nan,nan,nan,nan,nan,nan,nan,nan,nan,nan,nan,nan,nan,nan,nan,nan,nan,nan,nan,nan,nan,nan,nan,nan,nan,nan,nan,nan,nan,nan,nan,nan,nan,nan,8.591111849608485,6.464331857835039,0.0426258442913206,0.02194432149817786,0.02194432149817786,0.02194432149817786,8.546232777916627,6.497423514210778,0.11840602375201019,0.044879071691857675,-0.0330916563757393,-0.07578017946068959,0.055760100408920606,0.09408413467055551,0.01448965072631836,False,DISABLED,none,MODEL_ORIGIN_FRAME_NOT_ESTABLISHED,nan,nan,nan,nan,nan,nan,nan,nan,nan,nan,nan,nan,nan,NOT_EVALUATED,nan,nan,nan,nan,DISABLED,nan,nan,nan,nan,nan,nan
1791471070.8841646,1791471070.894305,1791471070.9012206,1791471070.9012403,front_rgbd_red_sphere,True,True,True,,79.7,79.7,1791471070.894305,1791471070.8932867,1791471070.8841646,1791471070.8841646,1791471070.8841646,0.0,1791471069.8721588,1791471070.8921707,1791471070.884037,1791471070.8921707,1791471070.884037,1791471070.8921707,1791471069.8681636,1791471070.8921707,1791471069.8721588,1791471070.8921707,1791470991.1841645,GAZEBO_CLOCK_SYSTEM_INTERPOLATION,MAPPED_EXACT,0,79.7,1791471070.8841646,0.0013866424560546875,0.0,RGB,0.0,0,1,0,UNCALIBRATED,PREPARATION,MID,TURNING,1.0,350,1.0,6.825305461883545,0.30323633551597595,nan,nan,False,0.0,0.0,0.0,0.0,0,0,0,0,0,0.0,0.0,0.0,0.0,0.0,0.0,0.0,0.0,0.0,0.0,0.0,0.0,0.0,0.0,6.513901330864429,0.6630198966333225,-1.9272485133098263,0.0,0.0,0.0,0.0,0.0,0.0,0.0,0.0,0.0,0.0,0.0,False,DISABLED,0,nan,nan,nan,nan,nan,nan,nan,nan,nan,nan,nan,nan,nan,nan,nan,nan,nan,nan,nan,nan,nan,nan,nan,nan,nan,nan,nan,nan,nan,nan,nan,nan,nan,nan,8.625740189262892,6.659433119921337,0.049600127824054374,0.021978967794504686,0.021978967794504686,0.021978967794504686,8.579683327227631,6.686446499897965,0.12500704919347444,0.04605686203526105,-0.027013379976628116,-0.07540692136942007,0.05339435586554784,0.09239675875652059,0.010140419006347656,False,DISABLED,none,MODEL_ORIGIN_FRAME_NOT_ESTABLISHED,nan,nan,nan,nan,nan,nan,nan,nan,nan,nan,nan,nan,nan,NOT_EVALUATED,nan,nan,nan,nan,DISABLED,nan,nan,nan,nan,nan,nan
1791471070.9361572,1791471070.95636,1791471070.9607415,1791471070.9607615,front_rgbd_red_sphere,True,True,True,,79.752,79.752,1791471070.95636,1791471070.9451492,1791471070.9361572,1791471070.9361572,1791471070.9361572,0.0,1791471069.9481597,1791471070.9481666,1791471070.940037,1791471070.9481666,1791471070.944037,1791471070.9521554,1791471069.9481597,1791471070.9481666,1791471069.932164,1791471070.9521554,1791470991.1841571,GAZEBO_CLOCK_SYSTEM_INTERPOLATION,MAPPED_EXACT,0,79.752,1791471070.9361572,0.0011320114135742188,0.0,RGB,0.0,0,1,0,UNCALIBRATED,PREPARATION,MID,TURNING,1.0,356,1.0,6.825999736785889,0.3044397532939911,nan,nan,False,0.0,0.0,0.0,0.0,0,0,0,0,0,0.0,0.0,0.0,0.0,0.0,0.0,0.0,0.0,0.0,0.0,0.0,0.0,0.0,0.0,6.5121066381256,0.6652413555858967,-1.9349925708595164,0.0,0.0,0.0,0.0,0.0,0.0,0.0,0.0,0.0,0.0,0.0,False,DISABLED,0,nan,nan,nan,nan,nan,nan,nan,nan,nan,nan,nan,nan,nan,nan,nan,nan,nan,nan,nan,nan,nan,nan,nan,nan,nan,nan,nan,nan,nan,nan,nan,nan,nan,nan,8.661625802145824,6.85441458319545,0.056155663205254724,0.021981027421198084,0.021981027421198084,0.021981027421198084,8.617160959771276,6.890956084262895,0.1313332518187245,0.0444648423745484,-0.036541501067445026,-0.07517758861346976,0.05755348388808032,0.0946787903249277,0.0202028751373291,False,DISABLED,none,MODEL_ORIGIN_FRAME_NOT_ESTABLISHED,nan,nan,nan,nan,nan,nan,nan,nan,nan,nan,nan,nan,nan,NOT_EVALUATED,nan,nan,nan,nan,DISABLED,nan,nan,nan,nan,nan,nan
1791471070.9841754,1791471070.9944365,1791471071.0008833,1791471071.0009027,front_rgbd_red_sphere,True,True,True,,79.8,79.8,1791471070.9944365,1791471070.9936464,1791471070.9841754,1791471070.9841754,1791471070.9841754,0.0,1791471069.9881754,1791471070.9881778,1791471070.980037,1791471070.9881778,1791471070.984037,1791471070.9921656,1791471069.9881754,1791471070.9881778,1791471069.9721594,1791471070.9921656,1791470991.1841755,GAZEBO_CLOCK_SYSTEM_INTERPOLATION,MAPPED_EXACT,0,79.8,1791471070.9841754,0.0015673637390136719,0.0,RGB,0.0,0,1,0,UNCALIBRATED,PREPARATION,MID,TURNING,1.0,352,1.0,6.836864948272705,0.3041847050189972,nan,nan,False,0.0,0.0,0.0,0.0,0,0,0,0,0,0.0,0.0,0.0,0.0,0.0,0.0,0.0,0.0,0.0,0.0,0.0,0.0,0.0,0.0,6.522994370866267,0.6700802408741442,-1.9350084829266923,0.0,0.0,0.0,0.0,0.0,0.0,0.0,0.0,0.0,0.0,0.0,False,DISABLED,0,nan,nan,nan,nan,nan,nan,nan,nan,nan,nan,nan,nan,nan,nan,nan,nan,nan,nan,nan,nan,nan,nan,nan,nan,nan,nan,nan,nan,nan,nan,nan,nan,nan,nan,8.698689566285726,7.049407981365876,0.06196075706333476,0.022013255845432695,0.022013255845432695,0.022013255845432695,8.652899007759832,7.079747679500275,0.13642306486831407,0.0457905585258942,-0.03033969813439885,-0.07446230780497931,0.05492970537878195,0.09253057773862255,0.010261058807373047,False,DISABLED,none,MODEL_ORIGIN_FRAME_NOT_ESTABLISHED,nan,nan,nan,nan,nan,nan,nan,nan,nan,nan,nan,nan,nan,NOT_EVALUATED,nan,nan,nan,nan,DISABLED,nan,nan,nan,nan,nan,nan
1791471071.0361657,1791471071.0615587,1791471071.0670464,1791471071.0670695,front_rgbd_red_sphere,True,True,True,,79.852,79.852,1791471071.0615587,1791471071.0503438,1791471071.0361657,1791471071.0361657,1791471071.0361657,0.0,1791471070.0321574,1791471071.0521648,1791471071.0440369,1791471071.0521648,1791471071.0440369,1791471071.0521648,1791471070.0281615,1791471071.0521648,1791471070.0321574,1791471071.0521648,1791470991.1841657,GAZEBO_CLOCK_SYSTEM_INTERPOLATION,MAPPED_EXACT,0,79.852,1791471071.0361657,0.001802682876586914,0.0,RGB,0.0,0,1,0,UNCALIBRATED,PREPARATION,MID,TURNING,1.0,357,1.0,6.836279392242432,0.3057522773742676,nan,nan,False,0.0,0.0,0.0,0.0,0,0,0,0,0,0.0,0.0,0.0,0.0,0.0,0.0,0.0,0.0,0.0,0.0,0.0,0.0,0.0,0.0,6.519218091055121,0.6720897698508121,-1.9449439024149626,0.0,0.0,0.0,0.0,0.0,0.0,0.0,0.0,0.0,0.0,0.0,False,DISABLED,0,nan,nan,nan,nan,nan,nan,nan,nan,nan,nan,nan,nan,nan,nan,nan,nan,nan,nan,nan,nan,nan,nan,nan,nan,nan,nan,nan,nan,nan,nan,nan,nan,nan,nan,8.736770336439353,7.243907733675366,0.06677561290152939,0.022011518627460452,0.022011518627460452,0.022011518627460452,8.692824504757962,7.283705289020246,0.14103041892828397,0.04394583168139121,-0.039797555344880386,-0.07425480602675458,0.0592881230399309,0.0950203017868757,0.025393009185791016,False,DISABLED,none,MODEL_ORIGIN_FRAME_NOT_ESTABLISHED,nan,nan,nan,nan,nan,nan,nan,nan,nan,nan,nan,nan,nan,NOT_EVALUATED,nan,nan,nan,nan,DISABLED,nan,nan,nan,nan,nan,nan
1791471071.0841713,1791471071.1063044,1791471071.1096454,1791471071.109666,front_rgbd_red_sphere,True,True,True,,79.9,79.9,1791471071.096464,1791471071.1063044,1791471071.0841713,1791471071.0841713,1791471071.0841713,0.0,1791471070.0921712,1791471071.0921721,1791471071.0840368,1791471071.0921721,1791471071.0840368,1791471071.0921721,1791471070.0921712,1791471071.0921721,1791471070.0921712,1791471071.0921721,1791470991.1841712,GAZEBO_CLOCK_SYSTEM_INTERPOLATION,MAPPED_EXACT,0,79.9,1791471071.0841713,0.002363920211791992,0.0,RGB,0.0,0,1,0,UNCALIBRATED,PREPARATION,MID,TURNING,1.0,356,1.0,6.8460845947265625,0.3058217763900757,nan,nan,False,0.0,0.0,0.0,0.0,0,0,0,0,0,0.0,0.0,0.0,0.0,0.0,0.0,0.0,0.0,0.0,0.0,0.0,0.0,0.0,0.0,6.528425307894841,0.6769364463168124,-1.946867991082697,0.0,0.0,0.0,0.0,0.0,0.0,0.0,0.0,0.0,0.0,0.0,False,DISABLED,0,nan,nan,nan,nan,nan,nan,nan,nan,nan,nan,nan,nan,nan,nan,nan,nan,nan,nan,nan,nan,nan,nan,nan,nan,nan,nan,nan,nan,nan,nan,nan,nan,nan,nan,8.776269836694853,7.438734642603499,0.07065832888989393,0.022040622920260676,0.022040622920260676,0.022040622920260676,8.730792056374815,7.471719550156481,0.1444739284505227,0.04547778032003791,-0.032984907552982,-0.07381559956062878,0.05618035803656289,0.09276300646061174,0.02213311195373535,False,DISABLED,none,MODEL_ORIGIN_FRAME_NOT_ESTABLISHED,nan,nan,nan,nan,nan,nan,nan,nan,nan,nan,nan,nan,nan,NOT_EVALUATED,nan,nan,nan,nan,DISABLED,nan,nan,nan,nan,nan,nan
1791471071.136167,1791471071.157086,1791471071.1620662,1791471071.1620858,front_rgbd_red_sphere,True,True,True,,79.952,79.952,1791471071.157086,1791471071.155928,1791471071.136167,1791471071.136167,1791471071.136167,0.0,1791471070.1521668,1791471071.1481845,1791471071.1400368,1791471071.1481845,1791471071.144037,1791471071.152169,1791471070.1481695,1791471071.1481845,1791471070.1521668,1791471071.152169,1791470991.1841671,GAZEBO_CLOCK_SYSTEM_INTERPOLATION,MAPPED_EXACT,0,79.952,1791471071.136167,0.0023238658905029297,0.0,RGB,0.0,0,1,0,UNCALIBRATED,PREPARATION,MID,TURNING,1.0,351,1.0,6.844203472137451,0.30734559893608093,nan,nan,False,0.0,0.0,0.0,0.0,0,0,0,0,0,0.0,0.0,0.0,0.0,0.0,0.0,0.0,0.0,0.0,0.0,0.0,0.0,0.0,0.0,6.523483643890066,0.6790029770878441,-1.9560763889894517,0.0,0.0,0.0,0.0,0.0,0.0,0.0,0.0,0.0,0.0,0.0,False,DISABLED,0,nan,nan,nan,nan,nan,nan,nan,nan,nan,nan,nan,nan,nan,nan,nan,nan,nan,nan,nan,nan,nan,nan,nan,nan,nan,nan,nan,nan,nan,nan,nan,nan,nan,nan,8.8167626796759,7.6325703663972115,0.07404490803471214,0.02203503714443514,0.02203503714443514,0.02203503714443514,8.773320062960336,7.675593583866767,0.1472566570170737,0.0434426167155646,-0.043023217469555064,-0.07321174898236155,0.06114129691565334,0.09538458144576825,0.020918846130371094,False,DISABLED,none,MODEL_ORIGIN_FRAME_NOT_ESTABLISHED,nan,nan,nan,nan,nan,nan,nan,nan,nan,nan,nan,nan,nan,NOT_EVALUATED,nan,nan,nan,nan,DISABLED,nan,nan,nan,nan,nan,nan
1791471071.1841586,1791471071.20889,1791471071.2124896,1791471071.2125149,front_rgbd_red_sphere,True,True,True,,80.0,80.0,1791471071.20889,1791471071.1983817,1791471071.1841586,1791471071.1841586,1791471071.1841586,0.0,1791471070.192177,1791471071.1882071,1791471071.180037,1791471071.1882071,1791471071.184037,1791471071.1921775,1791471070.1881733,1791471071.1882071,1791471070.192177,1791471071.1921775,1791470991.1841586,GAZEBO_CLOCK_SYSTEM_INTERPOLATION,MAPPED_EXACT,0,80.0,1791471071.1841586,0.0009913444519042969,0.0,RGB,0.0,0,1,0,UNCALIBRATED,PREPARATION,MID,TURNING,1.0,352,1.0,6.85227108001709,0.30680355429649353,nan,nan,False,0.0,0.0,0.0,0.0,0,0,0,0,0,0.0,0.0,0.0,0.0,0.0,0.0,0.0,0.0,0.0,0.0,0.0,0.0,0.0,0.0,6.532296333268457,0.6840896923240329,-1.9531379620234315,0.0,0.0,0.0,0.0,0.0,0.0,0.0,0.0,0.0,0.0,0.0,False,DISABLED,0,nan,nan,nan,nan,nan,nan,nan,nan,nan,nan,nan,nan,nan,nan,nan,nan,nan,nan,nan,nan,nan,nan,nan,nan,nan,nan,nan,nan,nan,nan,nan,nan,nan,nan,8.85861063043106,7.826695680357865,0.07608988941179634,0.022058996281794058,0.022058996281794058,0.022058996281794058,8.813669477474557,7.863287901776881,0.14897482089671707,0.04494115295650403,-0.03659222141901619,-0.07288493148492073,0.05795427419473216,0.09311772728648282,0.02473139762878418,False,DISABLED,none,MODEL_ORIGIN_FRAME_NOT_ESTABLISHED,nan,nan,nan,nan,nan,nan,nan,nan,nan,nan,nan,nan,nan,NOT_EVALUATED,nan,nan,nan,nan,DISABLED,nan,nan,nan,nan,nan,nan
1791471071.2361572,1791471071.2643206,1791471071.2692642,1791471071.2692876,front_rgbd_red_sphere,True,True,True,,80.052,80.052,1791471071.2643206,1791471071.2623162,1791471071.2361572,1791471071.2361572,1791471071.2361572,0.0,1791471070.2521853,1791471071.2521882,1791471071.244037,1791471071.2521882,1791471071.244037,1791471071.2521882,1791471070.2521853,1791471071.2521882,1791471070.2521853,1791471071.2521882,1791470991.1841571,GAZEBO_CLOCK_SYSTEM_INTERPOLATION,MAPPED_EXACT,0,80.052,1791471071.2361572,0.00043582916259765625,0.0,RGB,0.0,0,1,0,UNCALIBRATED,PREPARATION,MID,TURNING,1.0,348,1.0,6.849142551422119,0.3076380789279938,nan,nan,False,0.0,0.0,0.0,0.0,0,0,0,0,0,0.0,0.0,0.0,0.0,0.0,0.0,0.0,0.0,0.0,0.0,0.0,0.0,0.0,0.0,6.527585051654158,0.6870379089118526,-1.9568762749428528,0.0,0.0,0.0,0.0,0.0,0.0,0.0,0.0,0.0,0.0,0.0,False,DISABLED,0,nan,nan,nan,nan,nan,nan,nan,nan,nan,nan,nan,nan,nan,nan,nan,nan,nan,nan,nan,nan,nan,nan,nan,nan,nan,nan,nan,nan,nan,nan,nan,nan,nan,nan,8.901720788183189,8.020550087423517,0.077569549758227,0.022049703182538606,0.022049703182538606,0.022049703182538606,8.858686524377825,8.066244850275062,0.1498551547338686,0.04303426380536379,-0.045694762851544724,-0.0722856049756416,0.062769094412207,0.09573488340214897,0.028163433074951172,False,DISABLED,none,MODEL_ORIGIN_FRAME_NOT_ESTABLISHED,nan,nan,nan,nan,nan,nan,nan,nan,nan,nan,nan,nan,nan,NOT_EVALUATED,nan,nan,nan,nan,DISABLED,nan,nan,nan,nan,nan,nan
1791471071.2841625,1791471071.2994542,1791471071.3029308,1791471071.3029513,front_rgbd_red_sphere,True,True,True,,80.1,80.1,1791471071.2994542,1791471071.2983048,1791471071.2841625,1791471071.2841625,1791471071.2841625,0.0,1791471070.2921748,1791471071.2922084,1791471071.2840369,1791471071.2922084,1791471071.2840369,1791471071.2922084,1791471070.2921748,1791471071.2922084,1791471070.2921748,1791471071.2922084,1791470991.1841626,GAZEBO_CLOCK_SYSTEM_INTERPOLATION,MAPPED_EXACT,0,80.1,1791471071.2841625,0.0034863948822021484,0.0,RGB,0.0,0,1,0,UNCALIBRATED,PREPARATION,MID,TURNING,1.0,349,1.0,6.856184482574463,0.3070948123931885,nan,nan,False,0.0,0.0,0.0,0.0,0,0,0,0,0,0.0,0.0,0.0,0.0,0.0,0.0,0.0,0.0,0.0,0.0,0.0,0.0,0.0,0.0,6.535423634747393,0.6931716919196731,-1.9532075659353652,0.0,0.0,0.0,0.0,0.0,0.0,0.0,0.0,0.0,0.0,0.0,False,DISABLED,0,nan,nan,nan,nan,nan,nan,nan,nan,nan,nan,nan,nan,nan,nan,nan,nan,nan,nan,nan,nan,nan,nan,nan,nan,nan,nan,nan,nan,nan,nan,nan,nan,nan,nan,8.946220526103774,8.214246694027707,0.0778369674395068,0.022070622435016694,0.022070622435016694,0.022070622435016694,8.90141493008818,8.253346272048553,0.14980644534657717,0.04480559601559442,-0.03909957802084563,-0.07196947790707037,0.05946695246707069,0.09335911410214395,0.015291690826416016,False,DISABLED,none,MODEL_ORIGIN_FRAME_NOT_ESTABLISHED,nan,nan,nan,nan,nan,nan,nan,nan,nan,nan,nan,nan,nan,NOT_EVALUATED,nan,nan,nan,nan,DISABLED,nan,nan,nan,nan,nan,nan
1791471071.3361793,1791471071.3514214,1791471071.3602016,1791471071.3602226,front_rgbd_red_sphere,True,True,True,,80.152,80.152,1791471071.3514214,1791471071.350479,1791471071.3361793,1791471071.3361793,1791471071.3361793,0.0,1791471070.3321588,1791471071.3481665,1791471071.3400369,1791471071.3481665,1791471071.3440368,1791471071.352172,1791471070.3321588,1791471071.3481665,1791471070.3321588,1791471071.352172,1791470991.1841793,GAZEBO_CLOCK_SYSTEM_INTERPOLATION,MAPPED_EXACT,0,80.152,1791471071.3361793,0.0011432170867919922,0.0,RGB,0.0,0,1,0,UNCALIBRATED,PREPARATION,MID,TURNING,1.0,351,1.0,6.851418495178223,0.30789193511009216,nan,nan,False,0.0,0.0,0.0,0.0,0,0,0,0,0,0.0,0.0,0.0,0.0,0.0,0.0,0.0,0.0,0.0,0.0,0.0,0.0,0.0,0.0,6.529227450754746,0.6969484481892714,-1.9558599160992713,0.0,0.0,0.0,0.0,0.0,0.0,0.0,0.0,0.0,0.0,0.0,False,DISABLED,0,nan,nan,nan,nan,nan,nan,nan,nan,nan,nan,nan,nan,nan,nan,nan,nan,nan,nan,nan,nan,nan,nan,nan,nan,nan,nan,nan,nan,nan,nan,nan,nan,nan,nan,8.991716049392751,8.407362658480551,0.07723048395331494,0.02205646331797474,0.02205646331797474,0.02205646331797474,8.949134783229304,8.45603217188455,0.1487638208420347,0.04258126616344704,-0.04866951340399872,-0.07153333688871977,0.06466750159905925,0.0964308252038704,0.01524209976196289,False,DISABLED,none,MODEL_ORIGIN_FRAME_NOT_ESTABLISHED,nan,nan,nan,nan,nan,nan,nan,nan,nan,nan,nan,nan,nan,NOT_EVALUATED,nan,nan,nan,nan,DISABLED,nan,nan,nan,nan,nan,nan
1791471071.384157,1791471071.3991468,1791471071.4025064,1791471071.4025288,front_rgbd_red_sphere,True,True,True,,80.2,80.2,1791471071.3991468,1791471071.396822,1791471071.384157,1791471071.384157,1791471071.384157,0.0,1791471070.3921652,1791471071.3881657,1791471071.3800368,1791471071.3881657,1791471071.384037,1791471071.3921657,1791471070.388161,1791471071.3881657,1791471070.3921652,1791471071.3921657,1791470991.184157,GAZEBO_CLOCK_SYSTEM_INTERPOLATION,MAPPED_EXACT,0,80.2,1791471071.384157,0.0031642913818359375,0.0,RGB,0.0,0,1,0,UNCALIBRATED,PREPARATION,MID,TURNING,1.0,355,1.0,6.856722831726074,0.3066457211971283,nan,nan,False,0.0,0.0,0.0,0.0,0,0,0,0,0,0.0,0.0,0.0,0.0,0.0,0.0,0.0,0.0,0.0,0.0,0.0,0.0,0.0,0.0,6.536866829860509,0.7037549136947145,-1.9464711898794178,0.0,0.0,0.0,0.0,0.0,0.0,0.0,0.0,0.0,0.0,0.0,False,DISABLED,0,nan,nan,nan,nan,nan,nan,nan,nan,nan,nan,nan,nan,nan,nan,nan,nan,nan,nan,nan,nan,nan,nan,nan,nan,nan,nan,nan,nan,nan,nan,nan,nan,nan,nan,9.038553110116368,8.600642055561984,0.07537591878006561,0.02207222155343647,0.02207222155343647,0.02207222155343647,8.994311826311426,8.642547507043133,0.1469472867277818,0.044241283804941745,-0.041905451481149214,-0.07157136794771618,0.0609373289252848,0.09399903598684259,0.014989852905273438,False,DISABLED,none,MODEL_ORIGIN_FRAME_NOT_ESTABLISHED,nan,nan,nan,nan,nan,nan,nan,nan,nan,nan,nan,nan,nan,NOT_EVALUATED,nan,nan,nan,nan,DISABLED,nan,nan,nan,nan,nan,nan
1791471071.4361618,1791471071.4600775,1791471071.4632561,1791471071.4632785,front_rgbd_red_sphere,True,True,True,,80.252,80.252,1791471071.4508846,1791471071.4600775,1791471071.4361618,1791471071.4361618,1791471071.4361618,0.0,1791471070.4321616,1791471071.4521756,1791471071.444037,1791471071.4521756,1791471071.444037,1791471071.4521756,1791471070.4281616,1791471071.4521756,1791471070.4321616,1791471071.4521756,1791470991.1841617,GAZEBO_CLOCK_SYSTEM_INTERPOLATION,MAPPED_EXACT,0,80.252,1791471071.4361618,0.004082679748535156,0.0,RGB,0.0,0,1,0,UNCALIBRATED,PREPARATION,MID,TURNING,1.0,353,1.0,6.850802421569824,0.30722224712371826,nan,nan,False,0.0,0.0,0.0,0.0,0,0,0,0,0,0.0,0.0,0.0,0.0,0.0,0.0,0.0,0.0,0.0,0.0,0.0,0.0,0.0,0.0,6.530028984538156,0.7085147759324499,-1.9468486200422808,0.0,0.0,0.0,0.0,0.0,0.0,0.0,0.0,0.0,0.0,0.0,False,DISABLED,0,nan,nan,nan,nan,nan,nan,nan,nan,nan,nan,nan,nan,nan,nan,nan,nan,nan,nan,nan,nan,nan,nan,nan,nan,nan,nan,nan,nan,nan,nan,nan,nan,nan,nan,9.086310777871693,8.792799016037723,0.0734293979606076,0.022054632705105055,0.022054632705105055,0.022054632705105055,9.044663488727936,8.844354362379017,0.1440110140451559,0.04164728914375715,-0.051555346341293884,-0.0705816160845483,0.06627556434610328,0.09682052963344626,0.023915767669677734,False,DISABLED,none,MODEL_ORIGIN_FRAME_NOT_ESTABLISHED,nan,nan,nan,nan,nan,nan,nan,nan,nan,nan,nan,nan,nan,NOT_EVALUATED,nan,nan,nan,nan,DISABLED,nan,nan,nan,nan,nan,nan
1791471071.4841616,1791471071.509725,1791471071.514898,1791471071.5149322,front_rgbd_red_sphere,True,True,True,,80.3,80.3,1791471071.509725,1791471071.4991684,1791471071.4841616,1791471071.4841616,1791471071.4841616,0.0,1791471070.492168,1791471071.4921782,1791471071.484037,1791471071.4921782,1791471071.484037,1791471071.4921782,1791471070.492168,1791471071.4921782,1791471070.492168,1791471071.4921782,1791470991.1841617,GAZEBO_CLOCK_SYSTEM_INTERPOLATION,MAPPED_EXACT,0,80.3,1791471071.4841616,0.0018768310546875,0.0,RGB,0.0,0,1,0,UNCALIBRATED,PREPARATION,MID,TURNING,1.0,354,1.0,6.855136394500732,0.306694895029068,nan,nan,False,0.0,0.0,0.0,0.0,0,0,0,0,0,0.0,0.0,0.0,0.0,0.0,0.0,0.0,0.0,0.0,0.0,0.0,0.0,0.0,0.0,6.535252295950744,0.7160853629304516,-1.9418009865756982,0.0,0.0,0.0,0.0,0.0,0.0,0.0,0.0,0.0,0.0,0.0,False,DISABLED,0,nan,nan,nan,nan,nan,nan,nan,nan,nan,nan,nan,nan,nan,nan,nan,nan,nan,nan,nan,nan,nan,nan,nan,nan,nan,nan,nan,nan,nan,nan,nan,nan,nan,nan,9.135258168282771,8.984763412829402,0.07049047364304967,0.02206750705879755,0.02206750705879755,0.02206750705879755,9.092376375019297,9.03035392319627,0.14047041189309278,0.042881793263473966,-0.045590510366867676,-0.06997993825004312,0.06258867971928143,0.0938857528407939,0.025563478469848633,False,DISABLED,none,MODEL_ORIGIN_FRAME_NOT_ESTABLISHED,nan,nan,nan,nan,nan,nan,nan,nan,nan,nan,nan,nan,nan,NOT_EVALUATED,nan,nan,nan,nan,DISABLED,nan,nan,nan,nan,nan,nan
1791471071.5361574,1791471071.5505435,1791471071.5620027,1791471071.5620224,front_rgbd_red_sphere,True,True,True,,80.352,80.352,1791471071.5505435,1791471071.550003,1791471071.5361574,1791471071.5361574,1791471071.5361574,0.0,1791471070.5521693,1791471071.5481646,1791471071.540037,1791471071.5481646,1791471071.5440369,1791471071.55217,1791471070.532157,1791471071.5481646,1791471070.5521693,1791471071.55217,1791470991.1841574,GAZEBO_CLOCK_SYSTEM_INTERPOLATION,MAPPED_EXACT,0,80.352,1791471071.5361574,0.0017199516296386719,0.0,RGB,0.0,0,1,0,UNCALIBRATED,PREPARATION,MID,TURNING,1.0,355,1.0,6.848352432250977,0.3076016306877136,nan,nan,False,0.0,0.0,0.0,0.0,0,0,0,0,0,0.0,0.0,0.0,0.0,0.0,0.0,0.0,0.0,0.0,0.0,0.0,0.0,0.0,0.0,6.526907650823357,0.7215254351780036,-1.9439156102232795,0.0,0.0,0.0,0.0,0.0,0.0,0.0,0.0,0.0,0.0,0.0,False,DISABLED,0,nan,nan,nan,nan,nan,nan,nan,nan,nan,nan,nan,nan,nan,nan,nan,nan,nan,nan,nan,nan,nan,nan,nan,nan,nan,nan,nan,nan,nan,nan,nan,nan,nan,nan,9.185637501638576,9.17684767002513,0.06661068180056257,0.022047356843318145,0.022047356843318145,0.022047356843318145,9.145495119339087,9.23151546622903,0.13571013060395926,0.0401423822994893,-0.054667796203901275,-0.06909944880339669,0.06782314353131705,0.09682309963744641,0.014386177062988281,False,DISABLED,none,MODEL_ORIGIN_FRAME_NOT_ESTABLISHED,nan,nan,nan,nan,nan,nan,nan,nan,nan,nan,nan,nan,nan,NOT_EVALUATED,nan,nan,nan,nan,DISABLED,nan,nan,nan,nan,nan,nan
1791471071.5841641,1791471071.5987806,1791471071.6019557,1791471071.6019778,front_rgbd_red_sphere,True,True,True,,80.4,80.4,1791471071.5987806,1791471071.5964077,1791471071.5841641,1791471071.5841641,1791471071.5841641,0.0,1791471070.592178,1791471071.5881703,1791471071.5800369,1791471071.5881703,1791471071.5840368,1791471071.5921803,1791471070.5721593,1791471071.5881703,1791471070.592178,1791471071.5921803,1791470991.184164,GAZEBO_CLOCK_SYSTEM_INTERPOLATION,MAPPED_EXACT,0,80.4,1791471071.5841641,0.0027844905853271484,0.0,RGB,0.0,0,1,0,UNCALIBRATED,PREPARATION,MID,TURNING,1.0,351,1.0,6.851069927215576,0.3066941201686859,nan,nan,False,0.0,0.0,0.0,0.0,0,0,0,0,0,0.0,0.0,0.0,0.0,0.0,0.0,0.0,0.0,0.0,0.0,0.0,0.0,0.0,0.0,6.53137749848026,0.729776000614013,-1.9353797618061757,0.0,0.0,0.0,0.0,0.0,0.0,0.0,0.0,0.0,0.0,0.0,False,DISABLED,0,nan,nan,nan,nan,nan,nan,nan,nan,nan,nan,nan,nan,nan,nan,nan,nan,nan,nan,nan,nan,nan,nan,nan,nan,nan,nan,nan,nan,nan,nan,nan,nan,nan,nan,9.23703110284756,9.367950114266097,0.06223047749013061,0.022055427952978317,0.022055427952978317,0.022055427952978317,9.19576356355063,9.41677116986309,0.13053469140076088,0.04126753929693017,-0.048821055596992124,-0.06830421391063027,0.06392577937912272,0.09355196901817411,0.01461648941040039,False,DISABLED,none,MODEL_ORIGIN_FRAME_NOT_ESTABLISHED,nan,nan,nan,nan,nan,nan,nan,nan,nan,nan,nan,nan,nan,NOT_EVALUATED,nan,nan,nan,nan,DISABLED,nan,nan,nan,nan,nan,nan
1791471071.6361701,1791471071.6506383,1791471071.6624274,1791471071.6624653,front_rgbd_red_sphere,True,True,True,,80.452,80.452,1791471071.6506383,1791471071.6497943,1791471071.6361701,1791471071.6361701,1791471071.6361701,0.0,1791471070.6521726,1791471071.6521895,1791471071.644037,1791471071.6521895,1791471071.644037,1791471071.6521895,1791471070.6521726,1791471071.6521895,1791471070.6521726,1791471071.6521895,1791470991.1841702,GAZEBO_CLOCK_SYSTEM_INTERPOLATION,MAPPED_EXACT,0,80.452,1791471071.6361701,0.0015807151794433594,0.0,RGB,0.0,0,1,0,UNCALIBRATED,PREPARATION,MID,TURNING,1.0,348,1.0,6.842748165130615,0.3069447875022888,nan,nan,False,0.0,0.0,0.0,0.0,0,0,0,0,0,0.0,0.0,0.0,0.0,0.0,0.0,0.0,0.0,0.0,0.0,0.0,0.0,0.0,0.0,6.522925903840081,0.7363077268562321,-1.9319655501974484,0.0,0.0,0.0,0.0,0.0,0.0,0.0,0.0,0.0,0.0,0.0,False,DISABLED,0,nan,nan,nan,nan,nan,nan,nan,nan,nan,nan,nan,nan,nan,nan,nan,nan,nan,nan,nan,nan,nan,nan,nan,nan,nan,nan,nan,nan,nan,nan,nan,nan,nan,nan,9.289935892397107,9.5589607755745,0.05744552528292696,0.02203071727710863,0.02203071727710863,0.02203071727710863,9.251698654400423,9.617135964803634,0.12406785801756537,0.038237237996684215,-0.058175189229134006,-0.06662233273463841,0.06961637028358071,0.09635857113129839,0.014468193054199219,False,DISABLED,none,MODEL_ORIGIN_FRAME_NOT_ESTABLISHED,nan,nan,nan,nan,nan,nan,nan,nan,nan,nan,nan,nan,nan,NOT_EVALUATED,nan,nan,nan,nan,DISABLED,nan,nan,nan,nan,nan,nan
1791471071.6841588,1791471071.7073872,1791471071.710602,1791471071.710622,front_rgbd_red_sphere,True,True,True,,80.5,80.5,1791471071.7073872,1791471071.7061934,1791471071.6841588,1791471071.6841588,1791471071.6841588,0.0,1791471070.6921654,1791471071.6921694,1791471071.684037,1791471071.6921694,1791471071.684037,1791471071.6921694,1791471070.6921654,1791471071.6921694,1791471070.6921654,1791471071.6921694,1791470991.1841588,GAZEBO_CLOCK_SYSTEM_INTERPOLATION,MAPPED_EXACT,0,80.5,1791471071.6841588,0.003428936004638672,0.0,RGB,0.0,0,1,0,UNCALIBRATED,PREPARATION,MID,TURNING,1.0,356,1.0,6.84450626373291,0.3056071400642395,nan,nan,False,0.0,0.0,0.0,0.0,0,0,0,0,0,0.0,0.0,0.0,0.0,0.0,0.0,0.0,0.0,0.0,0.0,0.0,0.0,0.0,0.0,6.527362227714648,0.7457833790849318,-1.9195348665699008,0.0,0.0,0.0,0.0,0.0,0.0,0.0,0.0,0.0,0.0,0.0,False,DISABLED,0,nan,nan,nan,nan,nan,nan,nan,nan,nan,nan,nan,nan,nan,nan,nan,nan,nan,nan,nan,nan,nan,nan,nan,nan,nan,nan,nan,nan,nan,nan,nan,nan,nan,nan,9.344115420363947,9.749832793397488,0.051612298357627984,0.022035936319937475,0.022035936319937475,0.022035936319937475,9.304622322766878,9.8017220020304,0.11738305357148421,0.03949309759706843,-0.0518892086329128,-0.06577075521385622,0.06520885469291363,0.09261742261455196,0.02322840690612793,False,DISABLED,none,MODEL_ORIGIN_FRAME_NOT_ESTABLISHED,nan,nan,nan,nan,nan,nan,nan,nan,nan,nan,nan,nan,nan,NOT_EVALUATED,nan,nan,nan,nan,DISABLED,nan,nan,nan,nan,nan,nan
1791471071.7361608,1791471071.7636416,1791471071.76722,1791471071.767253,front_rgbd_red_sphere,True,True,True,,80.552,80.552,1791471071.7636416,1791471071.7521484,1791471071.7361608,1791471071.7361608,1791471071.7361608,0.0,1791471070.7521663,1791471071.7481627,1791471071.740067,1791471071.7481627,1791471071.744067,1791471071.7521758,1791471070.7321606,1791471071.7481627,1791471070.7521663,1791471071.7521758,1791470991.1841607,GAZEBO_CLOCK_SYSTEM_INTERPOLATION,MAPPED_EXACT,0,80.552,1791471071.7361608,0.003847837448120117,0.0,RGB,0.0,0,1,0,UNCALIBRATED,PREPARATION,MID,TURNING,1.0,353,1.0,6.835136413574219,0.3059999942779541,nan,nan,False,0.0,0.0,0.0,0.0,0,0,0,0,0,0.0,0.0,0.0,0.0,0.0,0.0,0.0,0.0,0.0,0.0,0.0,0.0,0.0,0.0,6.517618067634604,0.7527257201970272,-1.9165454108912812,0.0,0.0,0.0,0.0,0.0,0.0,0.0,0.0,0.0,0.0,0.0,False,DISABLED,0,nan,nan,nan,nan,nan,nan,nan,nan,nan,nan,nan,nan,nan,nan,nan,nan,nan,nan,nan,nan,nan,nan,nan,nan,nan,nan,nan,nan,nan,nan,nan,nan,nan,nan,9.399488655889392,9.939892932622845,0.04566331956248698,0.02200812676458057,0.02200812676458057,0.02200812676458057,9.363432012166546,10.001177949531996,0.10937229057113979,0.036056643722846005,-0.061285016909151224,-0.0637089710086528,0.07110509724422857,0.09547129328281127,0.0274808406829834,False,DISABLED,none,MODEL_ORIGIN_FRAME_NOT_ESTABLISHED,nan,nan,nan,nan,nan,nan,nan,nan,nan,nan,nan,nan,nan,NOT_EVALUATED,nan,nan,nan,nan,DISABLED,nan,nan,nan,nan,nan,nan
1791471071.7841609,1791471071.8073978,1791471071.8110187,1791471071.811041,front_rgbd_red_sphere,True,True,True,,80.6,80.6,1791471071.8073978,1791471071.8065083,1791471071.7841609,1791471071.7841609,1791471071.7841609,0.0,1791471070.772161,1791471071.788171,1791471071.780067,1791471071.788171,1791471071.784067,1791471071.7921658,1791471070.772161,1791471071.788171,1791471070.772161,1791471071.7921658,1791470991.184161,GAZEBO_CLOCK_SYSTEM_INTERPOLATION,MAPPED_EXACT,0,80.6,1791471071.7841609,0.0035467147827148438,0.0,RGB,0.0,0,1,0,UNCALIBRATED,PREPARATION,MID,TURNING,1.0,350,1.0,6.836148262023926,0.304751455783844,nan,nan,False,0.0,0.0,0.0,0.0,0,0,0,0,0,0.0,0.0,0.0,0.0,0.0,0.0,0.0,0.0,0.0,0.0,0.0,0.0,0.0,0.0,6.521149105607824,0.7623695687851111,-1.9042922388878045,0.0,0.0,0.0,0.0,0.0,0.0,0.0,0.0,0.0,0.0,0.0,False,DISABLED,0,nan,nan,nan,nan,nan,nan,nan,nan,nan,nan,nan,nan,nan,nan,nan,nan,nan,nan,nan,nan,nan,nan,nan,nan,nan,nan,nan,nan,nan,nan,nan,nan,nan,nan,9.45664249155768,10.130015201822959,0.03859345766863781,0.022011129283877585,0.022011129283877585,0.022011129283877585,9.419051141485792,10.184918964310707,0.10134592832711857,0.03759135007188874,-0.054903762487748864,-0.06275247065848076,0.06653970796102451,0.09146258967076057,0.023236989974975586,False,DISABLED,none,MODEL_ORIGIN_FRAME_NOT_ESTABLISHED,nan,nan,nan,nan,nan,nan,nan,nan,nan,nan,nan,nan,nan,NOT_EVALUATED,nan,nan,nan,nan,DISABLED,nan,nan,nan,nan,nan,nan
1791471071.8361638,1791471071.8543303,1791471071.860751,1791471071.8607714,front_rgbd_red_sphere,True,True,True,,80.652,80.652,1791471071.8543303,1791471071.852704,1791471071.8361638,1791471071.8361638,1791471071.8361638,0.0,1791471070.8321579,1791471071.8521733,1791471071.8440669,1791471071.8521733,1791471071.8440669,1791471071.8521733,1791471070.8281605,1791471071.8521733,1791471070.8321579,1791471071.8521733,1791470991.1841638,GAZEBO_CLOCK_SYSTEM_INTERPOLATION,MAPPED_EXACT,0,80.652,1791471071.8361638,0.0013918876647949219,0.0,RGB,0.0,0,1,0,UNCALIBRATED,PREPARATION,MID,TURNING,1.0,353,1.0,6.825969696044922,0.3049882650375366,nan,nan,False,0.0,0.0,0.0,0.0,0,0,0,0,0,0.0,0.0,0.0,0.0,0.0,0.0,0.0,0.0,0.0,0.0,0.0,0.0,0.0,0.0,6.510954593243192,0.7697397860504029,-1.8996934028305406,0.0,0.0,0.0,0.0,0.0,0.0,0.0,0.0,0.0,0.0,0.0,False,DISABLED,0,nan,nan,nan,nan,nan,nan,nan,nan,nan,nan,nan,nan,nan,nan,nan,nan,nan,nan,nan,nan,nan,nan,nan,nan,nan,nan,nan,nan,nan,nan,nan,nan,nan,nan,9.515285605183806,10.31975089949766,0.030925368854437585,0.02198093813092617,0.02198093813092617,0.02198093813092617,9.480856560519154,10.38353872753037,0.09198312395055355,0.0344290446646518,-0.06378782803271044,-0.06105775509611597,0.07248617883190718,0.09477497337920229,0.018166542053222656,False,DISABLED,none,MODEL_ORIGIN_FRAME_NOT_ESTABLISHED,nan,nan,nan,nan,nan,nan,nan,nan,nan,nan,nan,nan,nan,NOT_EVALUATED,nan,nan,nan,nan,DISABLED,nan,nan,nan,nan,nan,nan
1791471071.8841565,1791471071.9000764,1791471071.9045908,1791471071.90463,front_rgbd_red_sphere,True,True,True,,80.7,80.7,1791471071.9000764,1791471071.8970337,1791471071.8841565,1791471071.8841565,1791471071.8841565,0.0,1791471070.872158,1791471071.8921669,1791471071.8840668,1791471071.8921669,1791471071.8840668,1791471071.8921669,1791471070.8681605,1791471071.8921669,1791471070.872158,1791471071.8921669,1791470991.1841564,GAZEBO_CLOCK_SYSTEM_INTERPOLATION,MAPPED_EXACT,0,80.7,1791471071.8841565,0.004182577133178711,0.0,RGB,0.0,0,1,0,UNCALIBRATED,PREPARATION,MID,TURNING,1.0,351,1.0,6.82578182220459,0.3035936951637268,nan,nan,False,0.0,0.0,0.0,0.0,0,0,0,0,0,0.0,0.0,0.0,0.0,0.0,0.0,0.0,0.0,0.0,0.0,0.0,0.0,0.0,0.0,6.513627338953128,0.7798992268098104,-1.8856602140235257,0.0,0.0,0.0,0.0,0.0,0.0,0.0,0.0,0.0,0.0,0.0,False,DISABLED,0,nan,nan,nan,nan,nan,nan,nan,nan,nan,nan,nan,nan,nan,nan,nan,nan,nan,nan,nan,nan,nan,nan,nan,nan,nan,nan,nan,nan,nan,nan,nan,nan,nan,nan,9.575481888816423,10.50906283510892,0.022294669361983266,0.021980380853611474,0.021980380853611474,0.021980380853611474,9.539279768920736,10.56646874824067,0.08280777124501301,0.036202119895687446,-0.05740591313174903,-0.060513101883029746,0.0678677563164692,0.09092781668410159,0.015919923782348633,False,DISABLED,none,MODEL_ORIGIN_FRAME_NOT_ESTABLISHED,nan,nan,nan,nan,nan,nan,nan,nan,nan,nan,nan,nan,nan,NOT_EVALUATED,nan,nan,nan,nan,DISABLED,nan,nan,nan,nan,nan,nan
1791471071.9361608,1791471071.9603348,1791471071.9637802,1791471071.9637997,front_rgbd_red_sphere,True,True,True,,80.752,80.752,1791471071.951632,1791471071.9603348,1791471071.9361608,1791471071.9361608,1791471071.9361608,0.0,1791471070.9521554,1791471071.948164,1791471071.9400668,1791471071.948164,1791471071.944067,1791471071.9521687,1791471070.932161,1791471071.948164,1791471070.9521554,1791471071.9521687,1791470991.1841607,GAZEBO_CLOCK_SYSTEM_INTERPOLATION,MAPPED_EXACT,0,80.752,1791471071.9361608,0.0005140304565429688,0.0,RGB,0.0,0,1,0,UNCALIBRATED,PREPARATION,MID,TURNING,1.0,354,1.0,6.81622838973999,0.3033531904220581,nan,nan,False,0.0,0.0,0.0,0.0,0,0,0,0,0,0.0,0.0,0.0,0.0,0.0,0.0,0.0,0.0,0.0,0.0,0.0,0.0,0.0,0.0,6.505000628342425,0.7877748249098655,-1.8775906335740524,0.0,0.0,0.0,0.0,0.0,0.0,0.0,0.0,0.0,0.0,0.0,False,DISABLED,0,nan,nan,nan,nan,nan,nan,nan,nan,nan,nan,nan,nan,nan,nan,nan,nan,nan,nan,nan,nan,nan,nan,nan,nan,nan,nan,nan,nan,nan,nan,nan,nan,nan,nan,9.638094202938836,10.700161024531983,0.013702860251780413,0.021952062255724908,0.021952062255724908,0.021952062255724908,9.60413228208052,10.764086143008546,0.07232900665830758,0.03396192085831551,-0.06392511847656301,-0.05862614640652716,0.07238668966480719,0.09314965315613721,0.024173974990844727,False,DISABLED,none,MODEL_ORIGIN_FRAME_NOT_ESTABLISHED,nan,nan,nan,nan,nan,nan,nan,nan,nan,nan,nan,nan,nan,NOT_EVALUATED,nan,nan,nan,nan,DISABLED,nan,nan,nan,nan,nan,nan
1791471071.9841573,1791471072.0079381,1791471072.0119188,1791471072.011944,front_rgbd_red_sphere,True,True,True,,80.8,80.8,1791471071.9988825,1791471072.0079381,1791471071.9841573,1791471071.9841573,1791471071.9841573,0.0,1791471070.9921656,1791471071.9881797,1791471071.980067,1791471071.9881797,1791471071.984067,1791471071.9922016,1791471070.9881778,1791471071.9881797,1791471070.9921656,1791471071.9922016,1791470991.1841574,GAZEBO_CLOCK_SYSTEM_INTERPOLATION,MAPPED_EXACT,0,80.8,1791471071.9841573,0.004167318344116211,0.0,RGB,0.0,0,1,0,UNCALIBRATED,PREPARATION,MID,TURNING,1.0,355,1.0,6.814311981201172,0.3021237552165985,nan,nan,False,0.0,0.0,0.0,0.0,0,0,0,0,0,0.0,0.0,0.0,0.0,0.0,0.0,0.0,0.0,0.0,0.0,0.0,0.0,0.0,0.0,6.505669320034041,0.7971181432713905,-1.864327025430227,0.0,0.0,0.0,0.0,0.0,0.0,0.0,0.0,0.0,0.0,0.0,False,DISABLED,0,nan,nan,nan,nan,nan,nan,nan,nan,nan,nan,nan,nan,nan,nan,nan,nan,nan,nan,nan,nan,nan,nan,nan,nan,nan,nan,nan,nan,nan,nan,nan,nan,nan,nan,9.701034007490128,10.887152582856695,0.00429391801097273,0.021946383538178935,0.021946383538178935,0.021946383538178935,9.665429127963518,10.946080529297415,0.06223175846992382,0.03560487952660907,-0.05892794644072019,-0.05793784045895109,0.06884918530981128,0.08998335220957043,0.02378082275390625,False,DISABLED,none,MODEL_ORIGIN_FRAME_NOT_ESTABLISHED,nan,nan,nan,nan,nan,nan,nan,nan,nan,nan,nan,nan,nan,NOT_EVALUATED,nan,nan,nan,nan,DISABLED,nan,nan,nan,nan,nan,nan
1791471072.0361574,1791471072.056508,1791471072.0615184,1791471072.0615382,front_rgbd_red_sphere,True,True,True,,80.852,80.852,1791471072.056508,1791471072.0555565,1791471072.0361574,1791471072.0361574,1791471072.0361574,0.0,1791471071.0521648,1791471072.0521684,1791471072.044067,1791471072.0521684,1791471072.044067,1791471072.0521684,1791471071.0521648,1791471072.0521684,1791471071.0521648,1791471072.0521684,1791470991.1841574,GAZEBO_CLOCK_SYSTEM_INTERPOLATION,MAPPED_EXACT,0,80.852,1791471072.0361574,0.0013852119445800781,0.0,RGB,0.0,0,1,0,UNCALIBRATED,PREPARATION,MID,TURNING,1.0,354,1.0,6.802865982055664,0.302583247423172,nan,nan,False,0.0,0.0,0.0,0.0,0,0,0,0,0,0.0,0.0,0.0,0.0,0.0,0.0,0.0,0.0,0.0,0.0,0.0,0.0,0.0,0.0,6.4938112916845565,0.8038214696933057,-1.8609873974992457,0.0,0.0,0.0,0.0,0.0,0.0,0.0,0.0,0.0,0.0,0.0,False,DISABLED,0,nan,nan,nan,nan,nan,nan,nan,nan,nan,nan,nan,nan,nan,nan,nan,nan,nan,nan,nan,nan,nan,nan,nan,nan,nan,nan,nan,nan,nan,nan,nan,nan,nan,nan,9.766232946467849,11.075522098587495,-0.005171259791257599,0.021912484687711193,0.021912484687711193,0.021912484687711193,9.73340270471086,11.14253017817003,0.05089635563924665,0.03283024175698834,-0.06700807958253563,-0.05606761543050425,0.07461841262826306,0.09333533630530641,0.02035069465637207,False,DISABLED,none,MODEL_ORIGIN_FRAME_NOT_ESTABLISHED,nan,nan,nan,nan,nan,nan,nan,nan,nan,nan,nan,nan,nan,NOT_EVALUATED,nan,nan,nan,nan,DISABLED,nan,nan,nan,nan,nan,nan
1791471072.08416,1791471072.1114874,1791471072.1148005,1791471072.1148207,front_rgbd_red_sphere,True,True,True,,80.9,80.9,1791471072.1114874,1791471072.1013644,1791471072.08416,1791471072.08416,1791471072.08416,0.0,1791471071.0921721,1791471072.09218,1791471072.0840669,1791471072.09218,1791471072.0840669,1791471072.09218,1791471071.0921721,1791471072.09218,1791471071.0921721,1791471072.09218,1791470991.18416,GAZEBO_CLOCK_SYSTEM_INTERPOLATION,MAPPED_EXACT,0,80.9,1791471072.08416,0.0035452842712402344,0.0,RGB,0.0,0,1,0,UNCALIBRATED,PREPARATION,MID,TURNING,1.0,355,1.0,6.802097797393799,0.30168262124061584,nan,nan,False,0.0,0.0,0.0,0.0,0,0,0,0,0,0.0,0.0,0.0,0.0,0.0,0.0,0.0,0.0,0.0,0.0,0.0,0.0,0.0,0.0,6.494900541398648,0.8130830794242172,-1.8503229827412868,0.0,0.0,0.0,0.0,0.0,0.0,0.0,0.0,0.0,0.0,0.0,False,DISABLED,0,nan,nan,nan,nan,nan,nan,nan,nan,nan,nan,nan,nan,nan,nan,nan,nan,nan,nan,nan,nan,nan,nan,nan,nan,nan,nan,nan,nan,nan,nan,nan,nan,nan,nan,9.832962990404042,11.263298327940552,-0.015062823419534632,0.02191020944854985,0.02191020944854985,0.02191020944854985,9.797664276375894,11.323555917243759,0.04012612686080311,0.03529871402814777,-0.060257589303207126,-0.05518895028033774,0.06983535122468375,0.0890100922015056,0.027327299118041992,False,DISABLED,none,MODEL_ORIGIN_FRAME_NOT_ESTABLISHED,nan,nan,nan,nan,nan,nan,nan,nan,nan,nan,nan,nan,nan,NOT_EVALUATED,nan,nan,nan,nan,DISABLED,nan,nan,nan,nan,nan,nan
1791471072.1361575,1791471072.153398,1791471072.1617415,1791471072.1617613,front_rgbd_red_sphere,True,True,True,,80.952,80.952,1791471072.153398,1791471072.152057,1791471072.1361575,1791471072.1361575,1791471072.1361575,0.0,1791471071.152169,1791471072.14818,1791471072.1400669,1791471072.14818,1791471072.1440668,1791471072.1521802,1791471071.1321642,1791471072.14818,1791471071.152169,1791471072.1521802,1791470991.1841576,GAZEBO_CLOCK_SYSTEM_INTERPOLATION,MAPPED_EXACT,0,80.952,1791471072.1361575,0.0018529891967773438,0.0,RGB,0.0,0,1,0,UNCALIBRATED,PREPARATION,MID,TURNING,1.0,357,1.0,6.790238380432129,0.3018728196620941,nan,nan,False,0.0,0.0,0.0,0.0,0,0,0,0,0,0.0,0.0,0.0,0.0,0.0,0.0,0.0,0.0,0.0,0.0,0.0,0.0,0.0,0.0,6.483193007537213,0.8192546831114047,-1.8450927899468077,0.0,0.0,0.0,0.0,0.0,0.0,0.0,0.0,0.0,0.0,0.0,False,DISABLED,0,nan,nan,nan,nan,nan,nan,nan,nan,nan,nan,nan,nan,nan,nan,nan,nan,nan,nan,nan,nan,nan,nan,nan,nan,nan,nan,nan,nan,nan,nan,nan,nan,nan,nan,9.901425962306732,11.451067968215298,-0.025896551092821463,0.0218751151239356,0.0218751151239356,0.0218751151239356,9.868935688985848,11.518992337915963,0.028200545898122722,0.03249027332088339,-0.0679243697006644,-0.054097096990944185,0.07529500554285286,0.0927137193868624,0.017240524291992188,False,DISABLED,none,MODEL_ORIGIN_FRAME_NOT_ESTABLISHED,nan,nan,nan,nan,nan,nan,nan,nan,nan,nan,nan,nan,nan,NOT_EVALUATED,nan,nan,nan,nan,DISABLED,nan,nan,nan,nan,nan,nan
1791471072.1841567,1791471072.2091537,1791471072.2142873,1791471072.2143116,front_rgbd_red_sphere,True,True,True,,81.0,81.0,1791471072.2091537,1791471072.206879,1791471072.1841567,1791471072.1841567,1791471072.1841567,0.0,1791471071.1721582,1791471072.18817,1791471072.1800668,1791471072.18817,1791471072.184067,1791471072.1921768,1791471071.1721582,1791471072.18817,1791471071.1721582,1791471072.1921768,1791470991.1841567,GAZEBO_CLOCK_SYSTEM_INTERPOLATION,MAPPED_EXACT,0,81.0,1791471072.1841567,0.0013527870178222656,0.0,RGB,0.0,0,1,0,UNCALIBRATED,PREPARATION,MID,TURNING,1.0,356,1.0,6.788878440856934,0.3004356324672699,nan,nan,False,0.0,0.0,0.0,0.0,0,0,0,0,0,0.0,0.0,0.0,0.0,0.0,0.0,0.0,0.0,0.0,0.0,0.0,0.0,0.0,0.0,6.484788732445585,0.8281257855616886,-1.8304626866113347,0.0,0.0,0.0,0.0,0.0,0.0,0.0,0.0,0.0,0.0,0.0,False,DISABLED,0,nan,nan,nan,nan,nan,nan,nan,nan,nan,nan,nan,nan,nan,nan,nan,nan,nan,nan,nan,nan,nan,nan,nan,nan,nan,nan,nan,nan,nan,nan,nan,nan,nan,nan,9.971248804416836,11.637954245249876,-0.03696921850864582,0.021871092637387977,0.021871092637387977,0.021871092637387977,9.93620030768797,11.69880082958729,0.01703054169083784,0.035048496728865786,-0.060846584337413745,-0.05399976019948366,0.07021897142854856,0.08858147690169237,0.02499699592590332,False,DISABLED,none,MODEL_ORIGIN_FRAME_NOT_ESTABLISHED,nan,nan,nan,nan,nan,nan,nan,nan,nan,nan,nan,nan,nan,NOT_EVALUATED,nan,nan,nan,nan,DISABLED,nan,nan,nan,nan,nan,nan
1791471072.2361658,1791471072.2547846,1791471072.2624972,1791471072.2625225,front_rgbd_red_sphere,True,True,True,,81.052,81.052,1791471072.2547846,1791471072.2511747,1791471072.2361658,1791471072.2361658,1791471072.2361658,0.0,1791471071.2521882,1791471072.2522008,1791471072.244067,1791471072.2522008,1791471072.244067,1791471072.2522008,1791471071.2521882,1791471072.2522008,1791471071.2521882,1791471072.2522008,1791470991.1841657,GAZEBO_CLOCK_SYSTEM_INTERPOLATION,MAPPED_EXACT,0,81.052,1791471072.2361658,0.0019736289978027344,0.0,RGB,0.0,0,1,0,UNCALIBRATED,PREPARATION,MID,TURNING,1.0,357,1.0,6.7767720222473145,0.3004235327243805,nan,nan,False,0.0,0.0,0.0,0.0,0,0,0,0,0,0.0,0.0,0.0,0.0,0.0,0.0,0.0,0.0,0.0,0.0,0.0,0.0,0.0,0.0,6.473248823122282,0.8341454840151474,-1.8237024189146895,0.0,0.0,0.0,0.0,0.0,0.0,0.0,0.0,0.0,0.0,0.0,False,DISABLED,0,nan,nan,nan,nan,nan,nan,nan,nan,nan,nan,nan,nan,nan,nan,nan,nan,nan,nan,nan,nan,nan,nan,nan,nan,nan,nan,nan,nan,nan,nan,nan,nan,nan,nan,10.042969488511268,11.824302945563655,-0.048045229936400646,0.02183529924567555,0.02183529924567555,0.02183529924567555,10.010771743457395,11.89285717482851,0.0048247895668103915,0.03219774505387285,-0.06855422926485488,-0.05287001950321104,0.07573887467247238,0.09236674779877439,0.01861882209777832,False,DISABLED,none,MODEL_ORIGIN_FRAME_NOT_ESTABLISHED,nan,nan,nan,nan,nan,nan,nan,nan,nan,nan,nan,nan,nan,NOT_EVALUATED,nan,nan,nan,nan,DISABLED,nan,nan,nan,nan,nan,nan
1791471072.284161,1791471072.3079562,1791471072.311099,1791471072.3111207,front_rgbd_red_sphere,True,True,True,,81.1,81.1,1791471072.2985709,1791471072.3079562,1791471072.284161,1791471072.284161,1791471072.284161,0.0,1791471071.2721686,1791471072.2921782,1791471072.284067,1791471072.2921782,1791471072.284067,1791471072.2921782,1791471071.268169,1791471072.2921782,1791471071.2721686,1791471072.2921782,1791470991.1841612,GAZEBO_CLOCK_SYSTEM_INTERPOLATION,MAPPED_EXACT,0,81.1,1791471072.284161,0.004027128219604492,0.0,RGB,0.0,0,1,0,UNCALIBRATED,PREPARATION,MID,TURNING,1.0,360,1.0,6.775517463684082,0.29908955097198486,nan,nan,False,0.0,0.0,0.0,0.0,0,0,0,0,0,0.0,0.0,0.0,0.0,0.0,0.0,0.0,0.0,0.0,0.0,0.0,0.0,0.0,0.0,6.474719215377838,0.8433851601994728,-1.8095156302569642,0.0,0.0,0.0,0.0,0.0,0.0,0.0,0.0,0.0,0.0,0.0,False,DISABLED,0,nan,nan,nan,nan,nan,nan,nan,nan,nan,nan,nan,nan,nan,nan,nan,nan,nan,nan,nan,nan,nan,nan,nan,nan,nan,nan,nan,nan,nan,nan,nan,nan,nan,nan,10.116387182409918,12.010011047593526,-0.05930109930648081,0.02183159105666366,0.02183159105666366,0.02183159105666366,10.081132637902046,12.07136220910389,-0.00647023670475732,0.0352545445078718,-0.06135116151036435,-0.05283086260172349,0.07075908370752355,0.08830599056898977,0.023795127868652344,False,DISABLED,none,MODEL_ORIGIN_FRAME_NOT_ESTABLISHED,nan,nan,nan,nan,nan,nan,nan,nan,nan,nan,nan,nan,nan,NOT_EVALUATED,nan,nan,nan,nan,DISABLED,nan,nan,nan,nan,nan,nan
1791471072.3361597,1791471072.350553,1791471072.3605044,1791471072.3605325,front_rgbd_red_sphere,True,True,True,,81.152,81.152,1791471072.350553,1791471072.3492725,1791471072.3361597,1791471072.3361597,1791471072.3361597,0.0,1791471071.352172,1791471072.3481672,1791471072.340067,1791471072.3481672,1791471072.3440669,1791471072.3521755,1791471071.3481665,1791471072.3481672,1791471071.352172,1791471072.3521755,1791470991.1841598,GAZEBO_CLOCK_SYSTEM_INTERPOLATION,MAPPED_EXACT,0,81.152,1791471072.3361597,0.0012028217315673828,0.0,RGB,0.0,0,1,0,UNCALIBRATED,PREPARATION,MID,TURNING,1.0,357,1.0,6.763350963592529,0.2991158366203308,nan,nan,False,0.0,0.0,0.0,0.0,0,0,0,0,0,0.0,0.0,0.0,0.0,0.0,0.0,0.0,0.0,0.0,0.0,0.0,0.0,0.0,0.0,6.463040413157011,0.849662688062347,-1.8028020414293433,0.0,0.0,0.0,0.0,0.0,0.0,0.0,0.0,0.0,0.0,0.0,False,DISABLED,0,nan,nan,nan,nan,nan,nan,nan,nan,nan,nan,nan,nan,nan,nan,nan,nan,nan,nan,nan,nan,nan,nan,nan,nan,nan,nan,nan,nan,nan,nan,nan,nan,nan,nan,10.191399820794453,12.195116087729101,-0.07041808421384038,0.021795652514627742,0.021795652514627742,0.021795652514627742,10.159263752605854,12.26431906220418,-0.01868009289447875,0.032136068188599154,-0.06920297447507906,-0.05173799131936163,0.07630058030461327,0.09218784247710257,0.014393329620361328,False,DISABLED,none,MODEL_ORIGIN_FRAME_NOT_ESTABLISHED,nan,nan,nan,nan,nan,nan,nan,nan,nan,nan,nan,nan,nan,NOT_EVALUATED,nan,nan,nan,nan,DISABLED,nan,nan,nan,nan,nan,nan
1791471072.3841596,1791471072.3993745,1791471072.4038062,1791471072.4038298,front_rgbd_red_sphere,True,True,True,,81.2,81.2,1791471072.3993745,1791471072.3970788,1791471072.3841596,1791471072.3841596,1791471072.3841596,0.0,1791471071.3921657,1791471072.3881736,1791471072.3800669,1791471072.3881736,1791471072.3840668,1791471072.392177,1791471071.3881657,1791471072.3881736,1791471071.3921657,1791471072.392177,1791470991.1841595,GAZEBO_CLOCK_SYSTEM_INTERPOLATION,MAPPED_EXACT,0,81.2,1791471072.3841596,0.003484010696411133,0.0,RGB,0.0,0,1,0,UNCALIBRATED,PREPARATION,MID,TURNING,1.0,360,1.0,6.762022018432617,0.29760146141052246,nan,nan,False,0.0,0.0,0.0,0.0,0,0,0,0,0,0.0,0.0,0.0,0.0,0.0,0.0,0.0,0.0,0.0,0.0,0.0,0.0,0.0,0.0,6.464780792245876,0.8591382514816779,-1.7870177120184545,0.0,0.0,0.0,0.0,0.0,0.0,0.0,0.0,0.0,0.0,0.0,False,DISABLED,0,nan,nan,nan,nan,nan,nan,nan,nan,nan,nan,nan,nan,nan,nan,nan,nan,nan,nan,nan,nan,nan,nan,nan,nan,nan,nan,nan,nan,nan,nan,nan,nan,nan,nan,10.268007591938265,12.379577091765562,-0.08151547384869046,0.021791729353183263,0.021791729353183263,0.021791729353183263,10.23294955188767,12.441715225699527,-0.029840806917586213,0.035058040050595096,-0.06213813393396528,-0.05167466693110424,0.07134573470772122,0.08809361533859929,0.015214920043945312,False,DISABLED,none,MODEL_ORIGIN_FRAME_NOT_ESTABLISHED,nan,nan,nan,nan,nan,nan,nan,nan,nan,nan,nan,nan,nan,NOT_EVALUATED,nan,nan,nan,nan,DISABLED,nan,nan,nan,nan,nan,nan
1791471072.4361587,1791471072.4599893,1791471072.4648893,1791471072.4649215,front_rgbd_red_sphere,True,True,True,,81.252,81.252,1791471072.4599893,1791471072.4589403,1791471072.4361587,1791471072.4361587,1791471072.4361587,0.0,1791471071.4321597,1791471072.452171,1791471072.444067,1791471072.452171,1791471072.444067,1791471072.452171,1791471071.4281554,1791471072.452171,1791471071.4321597,1791471072.452171,1791470991.1841586,GAZEBO_CLOCK_SYSTEM_INTERPOLATION,MAPPED_EXACT,0,81.252,1791471072.4361587,0.004003763198852539,0.0,RGB,0.0,0,1,0,UNCALIBRATED,PREPARATION,MID,TURNING,1.0,361,1.0,6.750011920928955,0.2977130711078644,nan,nan,False,0.0,0.0,0.0,0.0,0,0,0,0,0,0.0,0.0,0.0,0.0,0.0,0.0,0.0,0.0,0.0,0.0,0.0,0.0,0.0,0.0,6.453077881628286,0.8659349077113987,-1.7806196312278324,0.0,0.0,0.0,0.0,0.0,0.0,0.0,0.0,0.0,0.0,0.0,False,DISABLED,0,nan,nan,nan,nan,nan,nan,nan,nan,nan,nan,nan,nan,nan,nan,nan,nan,nan,nan,nan,nan,nan,nan,nan,nan,nan,nan,nan,nan,nan,nan,nan,nan,nan,nan,10.346528451570258,12.563272871338816,-0.0921552454853431,0.02175628576750173,0.02175628576750173,0.02175628576750173,10.31453485468942,12.632913590729293,-0.04172039214252434,0.03199359688083803,-0.06964071939047756,-0.050434853342818754,0.07663824135897696,0.09174472448216542,0.023830652236938477,False,DISABLED,none,MODEL_ORIGIN_FRAME_NOT_ESTABLISHED,nan,nan,nan,nan,nan,nan,nan,nan,nan,nan,nan,nan,nan,NOT_EVALUATED,nan,nan,nan,nan,DISABLED,nan,nan,nan,nan,nan,nan
1791471072.4841619,1791471072.5079336,1791471072.511095,1791471072.5111187,front_rgbd_red_sphere,True,True,True,,81.3,81.3,1791471072.5079336,1791471072.506661,1791471072.4841619,1791471072.4841619,1791471072.4841619,0.0,1791471071.4921782,1791471072.4921792,1791471072.484067,1791471072.4921792,1791471072.484067,1791471072.4921792,1791471071.4921782,1791471072.4921792,1791471071.4921782,1791471072.4921792,1791470991.184162,GAZEBO_CLOCK_SYSTEM_INTERPOLATION,MAPPED_EXACT,0,81.3,1791471072.4841619,0.004054546356201172,0.0,RGB,0.0,0,1,0,UNCALIBRATED,PREPARATION,MID,TURNING,1.0,357,1.0,6.749392986297607,0.2966660261154175,nan,nan,False,0.0,0.0,0.0,0.0,0,0,0,0,0,0.0,0.0,0.0,0.0,0.0,0.0,0.0,0.0,0.0,0.0,0.0,0.0,0.0,0.0,6.454555447153147,0.8762104471881589,-1.7678447961136277,0.0,0.0,0.0,0.0,0.0,0.0,0.0,0.0,0.0,0.0,0.0,False,DISABLED,0,nan,nan,nan,nan,nan,nan,nan,nan,nan,nan,nan,nan,nan,nan,nan,nan,nan,nan,nan,nan,nan,nan,nan,nan,nan,nan,nan,nan,nan,nan,nan,nan,nan,nan,10.426962686817301,12.746540896405197,-0.1024741954863701,0.02175445941368751,0.02175445941368751,0.02175445941368751,10.391541237347196,12.80882783350221,-0.05245622708825802,0.03542144947010506,-0.062286937097013606,-0.05001796839811208,0.07165432028489654,0.08738500316510307,0.02377176284790039,False,DISABLED,none,MODEL_ORIGIN_FRAME_NOT_ESTABLISHED,nan,nan,nan,nan,nan,nan,nan,nan,nan,nan,nan,nan,nan,NOT_EVALUATED,nan,nan,nan,nan,DISABLED,nan,nan,nan,nan,nan,nan
1791471072.5361605,1791471072.560906,1791471072.5640302,1791471072.5640514,front_rgbd_red_sphere,True,True,True,,81.352,81.352,1791471072.5514991,1791471072.560906,1791471072.5361605,1791471072.5361605,1791471072.5361605,0.0,1791471071.55217,1791471072.5481734,1791471072.540067,1791471072.5481734,1791471072.544067,1791471072.552172,1791471071.5481646,1791471072.5481734,1791471071.55217,1791471072.552172,1791470991.1841605,GAZEBO_CLOCK_SYSTEM_INTERPOLATION,MAPPED_EXACT,0,81.352,1791471072.5361605,0.0010294914245605469,0.0,RGB,0.0,0,1,0,UNCALIBRATED,PREPARATION,MID,TURNING,1.0,358,1.0,6.737677097320557,0.29725182056427,nan,nan,False,0.0,0.0,0.0,0.0,0,0,0,0,0,0.0,0.0,0.0,0.0,0.0,0.0,0.0,0.0,0.0,0.0,0.0,0.0,0.0,0.0,6.442196417598014,0.8835275093121719,-1.764589698814846,0.0,0.0,0.0,0.0,0.0,0.0,0.0,0.0,0.0,0.0,0.0,False,DISABLED,0,nan,nan,nan,nan,nan,nan,nan,nan,nan,nan,nan,nan,nan,nan,nan,nan,nan,nan,nan,nan,nan,nan,nan,nan,nan,nan,nan,nan,nan,nan,nan,nan,nan,nan,10.509036745642504,12.928193283265696,-0.11195266766994821,0.021719912552499866,0.021719912552499866,0.021719912552499866,10.47689496032728,12.998593695821015,-0.06374097403513179,0.032141785315223714,-0.07040041255531904,-0.04821169363481642,0.07739064834467439,0.09117938283595943,0.024745464324951172,False,DISABLED,none,MODEL_ORIGIN_FRAME_NOT_ESTABLISHED,nan,nan,nan,nan,nan,nan,nan,nan,nan,nan,nan,nan,nan,NOT_EVALUATED,nan,nan,nan,nan,DISABLED,nan,nan,nan,nan,nan,nan
1791471072.5841668,1791471072.6063652,1791471072.609677,1791471072.6096997,front_rgbd_red_sphere,True,True,True,,81.4,81.4,1791471072.597788,1791471072.6063652,1791471072.5841668,1791471072.5841668,1791471072.5841668,0.0,1791471071.5921803,1791471072.5881674,1791471072.580067,1791471072.5881674,1791471072.5840669,1791471072.5923462,1791471071.572161,1791471072.5881674,1791471071.5921803,1791471072.5923462,1791470991.1841667,GAZEBO_CLOCK_SYSTEM_INTERPOLATION,MAPPED_EXACT,0,81.4,1791471072.5841668,0.0024106502532958984,0.0,RGB,0.0,0,1,0,UNCALIBRATED,PREPARATION,MID,TURNING,1.0,359,1.0,6.737116813659668,0.2961503863334656,nan,nan,False,0.0,0.0,0.0,0.0,0,0,0,0,0,0.0,0.0,0.0,0.0,0.0,0.0,0.0,0.0,0.0,0.0,0.0,0.0,0.0,0.0,6.443830209344512,0.8945341021851316,-1.7508866647617003,0.0,0.0,0.0,0.0,0.0,0.0,0.0,0.0,0.0,0.0,0.0,False,DISABLED,0,nan,nan,nan,nan,nan,nan,nan,nan,nan,nan,nan,nan,nan,nan,nan,nan,nan,nan,nan,nan,nan,nan,nan,nan,nan,nan,nan,nan,nan,nan,nan,nan,nan,nan,10.593292258557613,13.109579347915172,-0.12150901804233166,0.021718261237051797,0.021718261237051797,0.021718261237051797,10.557318020639412,13.172860981569444,-0.07378529495821916,0.0359742379182002,-0.06328163365427208,-0.047723723084112504,0.07279224513468982,0.08704174111745369,0.02219843864440918,False,DISABLED,none,MODEL_ORIGIN_FRAME_NOT_ESTABLISHED,nan,nan,nan,nan,nan,nan,nan,nan,nan,nan,nan,nan,nan,NOT_EVALUATED,nan,nan,nan,nan,DISABLED,nan,nan,nan,nan,nan,nan
1791471072.6361635,1791471072.6647303,1791471072.6683843,1791471072.6684055,front_rgbd_red_sphere,True,True,True,,81.452,81.452,1791471072.6647303,1791471072.6530192,1791471072.6361635,1791471072.6361635,1791471072.6361635,0.0,1791471071.6321607,1791471072.652166,1791471072.6440668,1791471072.652166,1791471072.6440668,1791471072.652166,1791471071.6281605,1791471072.652166,1791471071.6321607,1791471072.652166,1791470991.1841636,GAZEBO_CLOCK_SYSTEM_INTERPOLATION,MAPPED_EXACT,0,81.452,1791471072.6361635,0.0009303092956542969,0.0,RGB,0.0,0,1,0,UNCALIBRATED,PREPARATION,MID,TURNING,1.0,364,1.0,6.726155757904053,0.29639503359794617,nan,nan,False,0.0,0.0,0.0,0.0,0,0,0,0,0,0.0,0.0,0.0,0.0,0.0,0.0,0.0,0.0,0.0,0.0,0.0,0.0,0.0,0.0,6.432865939366519,0.9032578244847542,-1.7445725050143084,0.0,0.0,0.0,0.0,0.0,0.0,0.0,0.0,0.0,0.0,0.0,False,DISABLED,0,nan,nan,nan,nan,nan,nan,nan,nan,nan,nan,nan,nan,nan,nan,nan,nan,nan,nan,nan,nan,nan,nan,nan,nan,nan,nan,nan,nan,nan,nan,nan,nan,nan,nan,10.67948949192113,13.29009809397604,-0.1300925377926711,0.021685966523861303,0.021685966523861303,0.021685966523861303,10.646413630724291,13.360725035677548,-0.08417891643171198,0.033075861196838474,-0.07062694170150863,-0.045913621360959125,0.07798831635585438,0.09049993433422118,0.028566837310791016,False,DISABLED,none,MODEL_ORIGIN_FRAME_NOT_ESTABLISHED,nan,nan,nan,nan,nan,nan,nan,nan,nan,nan,nan,nan,nan,NOT_EVALUATED,nan,nan,nan,nan,DISABLED,nan,nan,nan,nan,nan,nan
1791471072.6841652,1791471072.7143297,1791471072.7223969,1791471072.7224188,front_rgbd_red_sphere,True,True,True,,81.5,81.5,1791471072.7143297,1791471072.7021232,1791471072.6841652,1791471072.6841652,1791471072.6841652,0.0,1791471071.6721563,1791471072.6921654,1791471072.684067,1791471072.6921654,1791471072.684067,1791471072.6921654,1791471071.668163,1791471072.6921654,1791471071.6721563,1791471072.6921654,1791470991.1841652,GAZEBO_CLOCK_SYSTEM_INTERPOLATION,MAPPED_EXACT,0,81.5,1791471072.6841652,0.002804994583129883,0.0,RGB,0.0,0,1,0,UNCALIBRATED,PREPARATION,MID,TURNING,1.0,363,1.0,6.726380825042725,0.29532137513160706,nan,nan,False,0.0,0.0,0.0,0.0,0,0,0,0,0,0.0,0.0,0.0,0.0,0.0,0.0,0.0,0.0,0.0,0.0,0.0,0.0,0.0,0.0,6.43518669641125,0.9157731348484166,-1.7302975162473109,0.0,0.0,0.0,0.0,0.0,0.0,0.0,0.0,0.0,0.0,0.0,False,DISABLED,0,nan,nan,nan,nan,nan,nan,nan,nan,nan,nan,nan,nan,nan,nan,nan,nan,nan,nan,nan,nan,nan,nan,nan,nan,nan,nan,nan,nan,nan,nan,nan,nan,nan,nan,10.767539211280234,13.469936314780874,-0.13867635746420953,0.021686628945306936,0.021686628945306936,0.021686628945306936,10.730376662052661,13.533237488479902,-0.0932877928964193,0.03716254922757223,-0.06330117369902766,-0.04538856456779024,0.07340363517405797,0.08630304427012214,0.030164480209350586,False,DISABLED,none,MODEL_ORIGIN_FRAME_NOT_ESTABLISHED,nan,nan,nan,nan,nan,nan,nan,nan,nan,nan,nan,nan,nan,NOT_EVALUATED,nan,nan,nan,nan,DISABLED,nan,nan,nan,nan,nan,nan
1791471072.7361612,1791471072.7626476,1791471072.768316,1791471072.7683656,front_rgbd_red_sphere,True,True,True,,81.552,81.552,1791471072.7626476,1791471072.7615318,1791471072.7361612,1791471072.7361612,1791471072.7361612,0.0,1791471071.7481627,1791471072.7481732,1791471072.7400959,1791471072.7481732,1791471072.7440958,1791471072.752174,1791471071.7481627,1791471072.7481732,1791471071.7321568,1791471072.752174,1791470991.1841612,GAZEBO_CLOCK_SYSTEM_INTERPOLATION,MAPPED_EXACT,0,81.552,1791471072.7361612,0.0027837753295898438,0.0,RGB,0.0,0,1,0,UNCALIBRATED,PREPARATION,MID,TURNING,1.0,361,1.0,6.715888023376465,0.2957225441932678,nan,nan,False,0.0,0.0,0.0,0.0,0,0,0,0,0,0.0,0.0,0.0,0.0,0.0,0.0,0.0,0.0,0.0,0.0,0.0,0.0,0.0,0.0,6.42436343446619,0.9254731771545384,-1.7245880667480256,0.0,0.0,0.0,0.0,0.0,0.0,0.0,0.0,0.0,0.0,0.0,False,DISABLED,0,nan,nan,nan,nan,nan,nan,nan,nan,nan,nan,nan,nan,nan,nan,nan,nan,nan,nan,nan,nan,nan,nan,nan,nan,nan,nan,nan,nan,nan,nan,nan,nan,nan,nan,10.857206037757374,13.64841107863837,-0.14640651869306515,0.021655735636619995,0.021655735636619995,0.021655735636619995,10.823550258533354,13.719457847561259,-0.10255551687140235,0.033655779224019966,-0.07104676892288886,-0.043851001821662794,0.07861523293585246,0.09001813822959134,0.02648639678955078,False,DISABLED,none,MODEL_ORIGIN_FRAME_NOT_ESTABLISHED,nan,nan,nan,nan,nan,nan,nan,nan,nan,nan,nan,nan,nan,NOT_EVALUATED,nan,nan,nan,nan,DISABLED,nan,nan,nan,nan,nan,nan
1791471072.7841594,1791471072.802324,1791471072.8056073,1791471072.8056276,front_rgbd_red_sphere,True,True,True,,81.6,81.6,1791471072.802324,1791471072.8012516,1791471072.7841594,1791471072.7841594,1791471072.7841594,0.0,1791471071.7921658,1791471072.788193,1791471072.7800958,1791471072.788193,1791471072.784096,1791471072.7921863,1791471071.788171,1791471072.788193,1791471071.7921658,1791471072.7921863,1791470991.1841595,GAZEBO_CLOCK_SYSTEM_INTERPOLATION,MAPPED_EXACT,0,81.6,1791471072.7841594,0.002347230911254883,0.0,RGB,0.0,0,1,0,UNCALIBRATED,PREPARATION,MID,TURNING,1.0,360,1.0,6.716979503631592,0.2946033775806427,nan,nan,False,0.0,0.0,0.0,0.0,0,0,0,0,0,0.0,0.0,0.0,0.0,0.0,0.0,0.0,0.0,0.0,0.0,0.0,0.0,0.0,0.0,6.427594233047109,0.939152114504278,-1.709337961148302,0.0,0.0,0.0,0.0,0.0,0.0,0.0,0.0,0.0,0.0,0.0,False,DISABLED,0,nan,nan,nan,nan,nan,nan,nan,nan,nan,nan,nan,nan,nan,nan,nan,nan,nan,nan,nan,nan,nan,nan,nan,nan,nan,nan,nan,nan,nan,nan,nan,nan,nan,nan,10.948967208442852,13.826292689314137,-0.15384817913671517,0.021658947898849496,0.021658947898849496,0.021658947898849496,10.911301990725509,13.890299534456434,-0.1105145442852901,0.037665217717343324,-0.0640068451422966,-0.043333634851425065,0.07426671428550485,0.08598458443349861,0.018164634704589844,False,DISABLED,none,MODEL_ORIGIN_FRAME_NOT_ESTABLISHED,nan,nan,nan,nan,nan,nan,nan,nan,nan,nan,nan,nan,nan,NOT_EVALUATED,nan,nan,nan,nan,DISABLED,nan,nan,nan,nan,nan,nan
1791471072.8361692,1791471072.8657598,1791471072.8691003,1791471072.8691263,front_rgbd_red_sphere,True,True,True,,81.652,81.652,1791471072.8657598,1791471072.8652046,1791471072.8361692,1791471072.8361692,1791471072.8361692,0.0,1791471071.8321595,1791471072.8521657,1791471072.844096,1791471072.8521657,1791471072.844096,1791471072.8521657,1791471071.8281605,1791471072.8521657,1791471071.8321595,1791471072.8521657,1791470991.1841693,GAZEBO_CLOCK_SYSTEM_INTERPOLATION,MAPPED_EXACT,0,81.652,1791471072.8361692,0.0017724037170410156,0.0,RGB,0.0,0,1,0,UNCALIBRATED,PREPARATION,MID,TURNING,1.0,362,1.0,6.707225322723389,0.2946426570415497,nan,nan,False,0.0,0.0,0.0,0.0,0,0,0,0,0,0.0,0.0,0.0,0.0,0.0,0.0,0.0,0.0,0.0,0.0,0.0,0.0,0.0,0.0,6.41818408845042,0.9505264427538389,-1.700083885930412,0.0,0.0,0.0,0.0,0.0,0.0,0.0,0.0,0.0,0.0,0.0,False,DISABLED,0,nan,nan,nan,nan,nan,nan,nan,nan,nan,nan,nan,nan,nan,nan,nan,nan,nan,nan,nan,nan,nan,nan,nan,nan,nan,nan,nan,nan,nan,nan,nan,nan,nan,nan,11.04249365962561,14.00331000642853,-0.1609921978277064,0.021630247932690867,0.021630247932690867,0.021630247932690867,11.008432742615499,14.074195960611029,-0.11840376246274657,0.034060917010110714,-0.07088595418249888,-0.042588435364959834,0.07864454569728901,0.08943567182488395,0.029590606689453125,False,DISABLED,none,MODEL_ORIGIN_FRAME_NOT_ESTABLISHED,nan,nan,nan,nan,nan,nan,nan,nan,nan,nan,nan,nan,nan,NOT_EVALUATED,nan,nan,nan,nan,DISABLED,nan,nan,nan,nan,nan,nan
1791471072.884161,1791471072.9101398,1791471072.914482,1791471072.914509,front_rgbd_red_sphere,True,True,True,,81.7,81.7,1791471072.9101398,1791471072.8996816,1791471072.884161,1791471072.884161,1791471072.884161,0.0,1791471071.8921669,1791471072.892183,1791471072.884096,1791471072.892183,1791471072.884096,1791471072.892183,1791471071.8921669,1791471072.892183,1791471071.8921669,1791471072.892183,1791470991.184161,GAZEBO_CLOCK_SYSTEM_INTERPOLATION,MAPPED_EXACT,0,81.7,1791471072.884161,0.002287149429321289,0.0,RGB,0.0,0,1,0,UNCALIBRATED,PREPARATION,MID,TURNING,1.0,356,1.0,6.709268569946289,0.2936720848083496,nan,nan,False,0.0,0.0,0.0,0.0,0,0,0,0,0,0.0,0.0,0.0,0.0,0.0,0.0,0.0,0.0,0.0,0.0,0.0,0.0,0.0,0.0,6.422027120918755,0.9660609167828422,-1.6848079189538732,0.0,0.0,0.0,0.0,0.0,0.0,0.0,0.0,0.0,0.0,0.0,False,DISABLED,0,nan,nan,nan,nan,nan,nan,nan,nan,nan,nan,nan,nan,nan,nan,nan,nan,nan,nan,nan,nan,nan,nan,nan,nan,nan,nan,nan,nan,nan,nan,nan,nan,nan,nan,11.137830844231617,14.179106586605617,-0.16742771998079847,0.02163625797073752,0.02163625797073752,0.02163625797073752,11.099942147762633,14.242900935857628,-0.12500431236835233,0.037888696468984406,-0.06379434925201188,-0.042423407612446146,0.07419752230773276,0.08546939703811099,0.025978803634643555,False,DISABLED,none,MODEL_ORIGIN_FRAME_NOT_ESTABLISHED,nan,nan,nan,nan,nan,nan,nan,nan,nan,nan,nan,nan,nan,NOT_EVALUATED,nan,nan,nan,nan,DISABLED,nan,nan,nan,nan,nan,nan
1791471072.9361677,1791471072.9626591,1791471072.9662101,1791471072.9662297,front_rgbd_red_sphere,True,True,True,,81.752,81.752,1791471072.9626591,1791471072.95177,1791471072.9361677,1791471072.9361677,1791471072.9361677,0.0,1791471071.9521687,1791471072.9481716,1791471072.940096,1791471072.9481716,1791471072.9440958,1791471072.952176,1791471071.948164,1791471072.9481716,1791471071.9521687,1791471072.952176,1791470991.1841676,GAZEBO_CLOCK_SYSTEM_INTERPOLATION,MAPPED_EXACT,0,81.752,1791471072.9361677,0.002798795700073242,0.0,RGB,0.0,0,1,0,UNCALIBRATED,PREPARATION,MID,TURNING,1.0,362,1.0,6.700624465942383,0.29464560747146606,nan,nan,False,0.0,0.0,0.0,0.0,0,0,0,0,0,0.0,0.0,0.0,0.0,0.0,0.0,0.0,0.0,0.0,0.0,0.0,0.0,0.0,0.0,6.411861886408843,0.9787261833381589,-1.6818117336666463,0.0,0.0,0.0,0.0,0.0,0.0,0.0,0.0,0.0,0.0,0.0,False,DISABLED,0,nan,nan,nan,nan,nan,nan,nan,nan,nan,nan,nan,nan,nan,nan,nan,nan,nan,nan,nan,nan,nan,nan,nan,nan,nan,nan,nan,nan,nan,nan,nan,nan,nan,nan,11.235062912484242,14.353243365914704,-0.17304682574383617,0.02161083602727885,0.02161083602727885,0.02161083602727885,11.201329246785528,14.42458967871184,-0.1313345248049127,0.03373366569871372,-0.07134631279713588,-0.041712300938923474,0.0789193040467244,0.08926462121601507,0.026491403579711914,False,DISABLED,none,MODEL_ORIGIN_FRAME_NOT_ESTABLISHED,nan,nan,nan,nan,nan,nan,nan,nan,nan,nan,nan,nan,nan,NOT_EVALUATED,nan,nan,nan,nan,DISABLED,nan,nan,nan,nan,nan,nan
1791471072.9841576,1791471073.0138547,1791471073.0198352,1791471073.0198662,front_rgbd_red_sphere,True,True,True,,81.8,81.8,1791471073.0138547,1791471073.0026834,1791471072.9841576,1791471072.9841576,1791471072.9841576,0.0,1791471071.9721625,1791471072.988165,1791471072.9800959,1791471072.988165,1791471072.9840958,1791471072.9921658,1791471071.9721625,1791471072.988165,1791471071.9721625,1791471072.9921658,1791470991.1841576,GAZEBO_CLOCK_SYSTEM_INTERPOLATION,MAPPED_EXACT,0,81.8,1791471072.9841576,0.0023784637451171875,0.0,RGB,0.0,0,1,0,UNCALIBRATED,PREPARATION,MID,TURNING,1.0,362,1.0,6.7035369873046875,0.2945372760295868,nan,nan,False,0.0,0.0,0.0,0.0,0,0,0,0,0,0.0,0.0,0.0,0.0,0.0,0.0,0.0,0.0,0.0,0.0,0.0,0.0,0.0,0.0,6.414859543305898,0.9951435593677207,-1.6723253936455764,0.0,0.0,0.0,0.0,0.0,0.0,0.0,0.0,0.0,0.0,0.0,False,DISABLED,0,nan,nan,nan,nan,nan,nan,nan,nan,nan,nan,nan,nan,nan,nan,nan,nan,nan,nan,nan,nan,nan,nan,nan,nan,nan,nan,nan,nan,nan,nan,nan,nan,nan,nan,11.334431513762002,14.526294677823127,-0.17845816399005793,0.02161939949934727,0.02161939949934727,0.02161939949934727,11.296801583638159,14.591115717212144,-0.13642024525869206,0.037629930123843636,-0.06482103938901673,-0.042037918731365864,0.07495184313009129,0.08593582140098932,0.029697179794311523,False,DISABLED,none,MODEL_ORIGIN_FRAME_NOT_ESTABLISHED,nan,nan,nan,nan,nan,nan,nan,nan,nan,nan,nan,nan,nan,NOT_EVALUATED,nan,nan,nan,nan,DISABLED,nan,nan,nan,nan,nan,nan
1791471073.0362256,1791471073.0618725,1791471073.0656576,1791471073.0656807,front_rgbd_red_sphere,True,True,True,,81.852,81.852,1791471073.0618725,1791471073.0506532,1791471073.0362256,1791471073.0362256,1791471073.0362256,0.0,1791471072.0521684,1791471073.0521705,1791471073.044096,1791471073.0521705,1791471073.044096,1791471073.0521705,1791471072.0521684,1791471073.0521705,1791471072.0521684,1791471073.0521705,1791470991.1842256,GAZEBO_CLOCK_SYSTEM_INTERPOLATION,MAPPED_EXACT,0,81.852,1791471073.0362256,0.0019218921661376953,0.0,RGB,0.0,0,1,0,UNCALIBRATED,PREPARATION,MID,TURNING,1.0,365,1.0,6.696018218994141,0.2959177792072296,nan,nan,False,0.0,0.0,0.0,0.0,0,0,0,0,0,0.0,0.0,0.0,0.0,0.0,0.0,0.0,0.0,0.0,0.0,0.0,0.0,0.0,0.0,6.404975181780557,1.0094080250139008,-1.6715408075376175,0.0,0.0,0.0,0.0,0.0,0.0,0.0,0.0,0.0,0.0,0.0,False,DISABLED,0,nan,nan,nan,nan,nan,nan,nan,nan,nan,nan,nan,nan,nan,nan,nan,nan,nan,nan,nan,nan,nan,nan,nan,nan,nan,nan,nan,nan,nan,nan,nan,nan,nan,nan,11.435800159729926,14.697965115113812,-0.18273353771795525,0.02159729522004808,0.02159729522004808,0.02159729522004808,11.402692438786454,14.770551484146111,-0.1410377735474572,0.033107720943471364,-0.0725863690322992,-0.041695764170498056,0.07978033689678113,0.09001910300111686,0.02564692497253418,False,DISABLED,none,MODEL_ORIGIN_FRAME_NOT_ESTABLISHED,nan,nan,nan,nan,nan,nan,nan,nan,nan,nan,nan,nan,nan,NOT_EVALUATED,nan,nan,nan,nan,DISABLED,nan,nan,nan,nan,nan,nan
1791471073.0841894,1791471073.1039696,1791471073.107291,1791471073.107315,front_rgbd_red_sphere,True,True,True,,81.9,81.9,1791471073.1039696,1791471073.1034534,1791471073.0841894,1791471073.0841894,1791471073.0841894,0.0,1791471072.0721576,1791471073.0921786,1791471073.084096,1791471073.0921786,1791471073.084096,1791471073.0921786,1791471072.06816,1791471073.0921786,1791471072.0721576,1791471073.0921786,1791470991.1841893,GAZEBO_CLOCK_SYSTEM_INTERPOLATION,MAPPED_EXACT,0,81.9,1791471073.0841894,0.004030466079711914,0.0,RGB,0.0,0,1,0,UNCALIBRATED,PREPARATION,MID,TURNING,1.0,364,1.0,6.700074195861816,0.2962731122970581,nan,nan,False,0.0,0.0,0.0,0.0,0,0,0,0,0,0.0,0.0,0.0,0.0,0.0,0.0,0.0,0.0,0.0,0.0,0.0,0.0,0.0,0.0,6.408160157957518,1.0277812876769126,-1.6643747227808126,0.0,0.0,0.0,0.0,0.0,0.0,0.0,0.0,0.0,0.0,0.0,False,DISABLED,0,nan,nan,nan,nan,nan,nan,nan,nan,nan,nan,nan,nan,nan,nan,nan,nan,nan,nan,nan,nan,nan,nan,nan,nan,nan,nan,nan,nan,nan,nan,nan,nan,nan,nan,11.539076814896928,14.867848936525768,-0.18641882216863154,0.02160921813048481,0.02160921813048481,0.02160921813048481,11.502182380250717,14.934555805601065,-0.14447863957687945,0.03689443464621078,-0.06670686907529699,-0.041940182591752084,0.07622995270687456,0.08700565846841134,0.01978015899658203,False,DISABLED,none,MODEL_ORIGIN_FRAME_NOT_ESTABLISHED,nan,nan,nan,nan,nan,nan,nan,nan,nan,nan,nan,nan,nan,NOT_EVALUATED,nan,nan,nan,nan,DISABLED,nan,nan,nan,nan,nan,nan
1791471073.1361573,1791471073.154287,1791471073.1627166,1791471073.162752,front_rgbd_red_sphere,True,True,True,,81.952,81.952,1791471073.154287,1791471073.1532524,1791471073.1361573,1791471073.1361573,1791471073.1361573,0.0,1791471072.14818,1791471073.1482027,1791471073.140096,1791471073.1482027,1791471073.144096,1791471073.1521697,1791471072.14818,1791471073.1482027,1791471072.1321576,1791471073.1521697,1791470991.1841574,GAZEBO_CLOCK_SYSTEM_INTERPOLATION,MAPPED_EXACT,0,81.952,1791471073.1361573,0.0018312931060791016,0.0,RGB,0.0,0,1,0,UNCALIBRATED,PREPARATION,MID,TURNING,1.0,365,1.0,6.693620681762695,0.2978810667991638,nan,nan,False,0.0,0.0,0.0,0.0,0,0,0,0,0,0.0,0.0,0.0,0.0,0.0,0.0,0.0,0.0,0.0,0.0,0.0,0.0,0.0,0.0,6.398837220149331,1.04369239908719,-1.6643758023503485,0.0,0.0,0.0,0.0,0.0,0.0,0.0,0.0,0.0,0.0,0.0,False,DISABLED,0,nan,nan,nan,nan,nan,nan,nan,nan,nan,nan,nan,nan,nan,nan,nan,nan,nan,nan,nan,nan,nan,nan,nan,nan,nan,nan,nan,nan,nan,nan,nan,nan,nan,nan,11.644278705353262,15.036348976626401,-0.1891917288247002,0.02159024899995702,0.02159024899995702,0.02159024899995702,11.612274286145915,15.110776901605215,-0.14725585342587796,0.03200441920734676,-0.07442792497881356,-0.04193587539882224,0.0810172751050755,0.09122727942297211,0.018129825592041016,False,DISABLED,none,MODEL_ORIGIN_FRAME_NOT_ESTABLISHED,nan,nan,nan,nan,nan,nan,nan,nan,nan,nan,nan,nan,nan,NOT_EVALUATED,nan,nan,nan,nan,DISABLED,nan,nan,nan,nan,nan,nan
1791471073.1841621,1791471073.2031498,1791471073.2064455,1791471073.2064643,front_rgbd_red_sphere,True,True,True,,82.0,82.0,1791471073.2031498,1791471073.2023988,1791471073.1841621,1791471073.1841621,1791471073.1841621,0.0,1791471072.1921768,1791471073.1881824,1791471073.180096,1791471073.1881824,1791471073.1840959,1791471073.1921804,1791471072.18817,1791471073.1881824,1791471072.1921768,1791471073.1921804,1791470991.1841621,GAZEBO_CLOCK_SYSTEM_INTERPOLATION,MAPPED_EXACT,0,82.0,1791471073.1841621,0.003189563751220703,0.0,RGB,0.0,0,1,0,UNCALIBRATED,PREPARATION,MID,TURNING,1.0,360,1.0,6.6987104415893555,0.29823797941207886,nan,nan,False,0.0,0.0,0.0,0.0,0,0,0,0,0,0.0,0.0,0.0,0.0,0.0,0.0,0.0,0.0,0.0,0.0,0.0,0.0,0.0,0.0,6.403000449071508,1.0635640637552513,-1.6562413011021961,0.0,0.0,0.0,0.0,0.0,0.0,0.0,0.0,0.0,0.0,0.0,False,DISABLED,0,nan,nan,nan,nan,nan,nan,nan,nan,nan,nan,nan,nan,nan,nan,nan,nan,nan,nan,nan,nan,nan,nan,nan,nan,nan,nan,nan,nan,nan,nan,nan,nan,nan,nan,11.751880583435497,15.203694670273366,-0.19130827369531994,0.021605208192190552,0.021605208192190552,0.021605208192190552,11.716021396082297,15.272230592003936,-0.14897466533974107,0.03585918735319993,-0.06853592173056988,-0.04233360835557887,0.07735020287685543,0.0881770280826828,0.018987655639648438,False,DISABLED,none,MODEL_ORIGIN_FRAME_NOT_ESTABLISHED,nan,nan,nan,nan,nan,nan,nan,nan,nan,nan,nan,nan,nan,NOT_EVALUATED,nan,nan,nan,nan,DISABLED,nan,nan,nan,nan,nan,nan
1791471073.2361565,1791471073.2571719,1791471073.2658346,1791471073.2658741,front_rgbd_red_sphere,True,True,True,,82.052,82.052,1791471073.2571719,1791471073.2531524,1791471073.2361565,1791471073.2361565,1791471073.2361565,0.0,1791471072.2321613,1791471073.252192,1791471073.2440958,1791471073.252192,1791471073.2440958,1791471073.252192,1791471072.2281597,1791471073.252192,1791471072.2321613,1791471073.252192,1791470991.1841564,GAZEBO_CLOCK_SYSTEM_INTERPOLATION,MAPPED_EXACT,0,82.052,1791471073.2361565,0.003559112548828125,0.0,RGB,0.0,0,1,0,UNCALIBRATED,PREPARATION,MID,TURNING,1.0,365,1.0,6.6933207511901855,0.30058056116104126,nan,nan,False,0.0,0.0,0.0,0.0,0,0,0,0,0,0.0,0.0,0.0,0.0,0.0,0.0,0.0,0.0,0.0,0.0,0.0,0.0,0.0,0.0,6.393224001507962,1.0806252171540063,-1.6611674913355197,0.0,0.0,0.0,0.0,0.0,0.0,0.0,0.0,0.0,0.0,0.0,False,DISABLED,0,nan,nan,nan,nan,nan,nan,nan,nan,nan,nan,nan,nan,nan,nan,nan,nan,nan,nan,nan,nan,nan,nan,nan,nan,nan,nan,nan,nan,nan,nan,nan,nan,nan,nan,11.861573521100446,15.368958755898412,-0.19219728113341533,0.021589367195193197,0.021589367195193197,0.021589367195193197,11.830913086409591,15.445714271760053,-0.14985552320084897,0.030660434690855,-0.07675551586164175,-0.042341757932566365,0.08265271605107072,0.09286708747149859,0.021015405654907227,False,DISABLED,none,MODEL_ORIGIN_FRAME_NOT_ESTABLISHED,nan,nan,nan,nan,nan,nan,nan,nan,nan,nan,nan,nan,nan,NOT_EVALUATED,nan,nan,nan,nan,DISABLED,nan,nan,nan,nan,nan,nan
1791471073.2841573,1791471073.3013792,1791471073.305054,1791471073.305074,front_rgbd_red_sphere,True,True,True,,82.1,82.1,1791471073.3013792,1791471073.2994432,1791471073.2841573,1791471073.2841573,1791471073.2841573,0.0,1791471072.272161,1791471073.2921662,1791471073.284096,1791471073.2921662,1791471073.284096,1791471073.2921662,1791471072.268172,1791471073.2921662,1791471072.272161,1791471073.2921662,1791470991.1841574,GAZEBO_CLOCK_SYSTEM_INTERPOLATION,MAPPED_EXACT,0,82.1,1791471073.2841573,0.0016207695007324219,0.0,RGB,0.0,0,1,0,UNCALIBRATED,PREPARATION,MID,TURNING,1.0,367,1.0,6.699452877044678,0.30211135745048523,nan,nan,False,0.0,0.0,0.0,0.0,0,0,0,0,0,0.0,0.0,0.0,0.0,0.0,0.0,0.0,0.0,0.0,0.0,0.0,0.0,0.0,0.0,6.396037214749806,1.101514786019962,-1.6613366734250992,0.0,0.0,0.0,0.0,0.0,0.0,0.0,0.0,0.0,0.0,0.0,False,DISABLED,0,nan,nan,nan,nan,nan,nan,nan,nan,nan,nan,nan,nan,nan,nan,nan,nan,nan,nan,nan,nan,nan,nan,nan,nan,nan,nan,nan,nan,nan,nan,nan,nan,nan,nan,11.97351014074804,15.532975720005336,-0.1923822544025659,0.02160739095461672,0.02160739095461672,0.02160739095461672,11.939063856213753,15.604368049264055,-0.1498053913190548,0.034446284534286775,-0.0713923292587193,-0.04257686308351111,0.07926797080285601,0.08997888899755589,0.017221927642822266,False,DISABLED,none,MODEL_ORIGIN_FRAME_NOT_ESTABLISHED,nan,nan,nan,nan,nan,nan,nan,nan,nan,nan,nan,nan,nan,NOT_EVALUATED,nan,nan,nan,nan,DISABLED,nan,nan,nan,nan,nan,nan
1791471073.3361628,1791471073.3520918,1791471073.3601704,1791471073.360194,front_rgbd_red_sphere,True,True,True,,82.152,82.152,1791471073.3520918,1791471073.3505797,1791471073.3361628,1791471073.3361628,1791471073.3361628,0.0,1791471072.3521755,1791471073.348172,1791471073.340096,1791471073.348172,1791471073.344096,1791471073.352177,1791471072.3481672,1791471073.348172,1791471072.3521755,1791471073.352177,1791470991.1841629,GAZEBO_CLOCK_SYSTEM_INTERPOLATION,MAPPED_EXACT,0,82.152,1791471073.3361628,0.0010306835174560547,0.0,RGB,0.0,0,1,0,UNCALIBRATED,PREPARATION,MID,TURNING,1.0,368,1.0,6.695179462432861,0.30512723326683044,nan,nan,False,0.0,0.0,0.0,0.0,0,0,0,0,0,0.0,0.0,0.0,0.0,0.0,0.0,0.0,0.0,0.0,0.0,0.0,0.0,0.0,0.0,6.385920514330153,1.1194067009856452,-1.6710397567242392,0.0,0.0,0.0,0.0,0.0,0.0,0.0,0.0,0.0,0.0,0.0,False,DISABLED,0,nan,nan,nan,nan,nan,nan,nan,nan,nan,nan,nan,nan,nan,nan,nan,nan,nan,nan,nan,nan,nan,nan,nan,nan,nan,nan,nan,nan,nan,nan,nan,nan,nan,nan,12.087693884599346,15.695395922821955,-0.19126172878814346,0.02159482950695023,0.02159482950695023,0.02159482950695023,12.058754210705393,15.774599038958529,-0.14876350868461294,0.028939673893953355,-0.07920311613657383,-0.04249822010353052,0.08432460098234658,0.09442847580470677,0.015928983688354492,False,DISABLED,none,MODEL_ORIGIN_FRAME_NOT_ESTABLISHED,nan,nan,nan,nan,nan,nan,nan,nan,nan,nan,nan,nan,nan,NOT_EVALUATED,nan,nan,nan,nan,DISABLED,nan,nan,nan,nan,nan,nan
1791471073.3841567,1791471073.4005957,1791471073.4040978,1791471073.404121,front_rgbd_red_sphere,True,True,True,,82.2,82.2,1791471073.4005957,1791471073.3992388,1791471073.3841567,1791471073.3841567,1791471073.3841567,0.0,1791471072.3721607,1791471073.388169,1791471073.380096,1791471073.388169,1791471073.384096,1791471073.392166,1791471072.3721607,1791471073.388169,1791471072.3721607,1791471073.392166,1791470991.1841567,GAZEBO_CLOCK_SYSTEM_INTERPOLATION,MAPPED_EXACT,0,82.2,1791471073.3841567,0.0007028579711914062,0.0,RGB,0.0,0,1,0,UNCALIBRATED,PREPARATION,MID,TURNING,1.0,368,1.0,6.702400207519531,0.30678004026412964,nan,nan,False,0.0,0.0,0.0,0.0,0,0,0,0,0,0.0,0.0,0.0,0.0,0.0,0.0,0.0,0.0,0.0,0.0,0.0,0.0,0.0,0.0,6.389471108513141,1.1415183994242284,-1.6714549616958259,0.0,0.0,0.0,0.0,0.0,0.0,0.0,0.0,0.0,0.0,0.0,False,DISABLED,0,nan,nan,nan,nan,nan,nan,nan,nan,nan,nan,nan,nan,nan,nan,nan,nan,nan,nan,nan,nan,nan,nan,nan,nan,nan,nan,nan,nan,nan,nan,nan,nan,nan,nan,12.204457224812035,15.85659638828713,-0.18960804647826274,0.02161605684619165,0.02161605684619165,0.02161605684619165,12.17131338797837,15.930006632756312,-0.14694694174710135,0.03314383683366451,-0.07341024446918176,-0.04266110473116139,0.08054550212818595,0.09114575014757807,0.016438961029052734,False,DISABLED,none,MODEL_ORIGIN_FRAME_NOT_ESTABLISHED,nan,nan,nan,nan,nan,nan,nan,nan,nan,nan,nan,nan,nan,NOT_EVALUATED,nan,nan,nan,nan,DISABLED,nan,nan,nan,nan,nan,nan
1791471073.4361596,1791471073.451789,1791471073.4607704,1791471073.4607909,front_rgbd_red_sphere,True,True,True,,82.252,82.252,1791471073.451789,1791471073.450242,1791471073.4361596,1791471073.4361596,1791471073.4361596,0.0,1791471072.452171,1791471073.4521742,1791471073.4440958,1791471073.4521742,1791471073.4440958,1791471073.4521742,1791471072.452171,1791471073.4521742,1791471072.452171,1791471073.4521742,1791470991.1841595,GAZEBO_CLOCK_SYSTEM_INTERPOLATION,MAPPED_EXACT,0,82.252,1791471073.4361596,0.0013289451599121094,0.0,RGB,0.0,0,1,0,UNCALIBRATED,PREPARATION,MID,TURNING,1.0,367,1.0,6.699460506439209,0.3099941611289978,nan,nan,False,0.0,0.0,0.0,0.0,0,0,0,0,0,0.0,0.0,0.0,0.0,0.0,0.0,0.0,0.0,0.0,0.0,0.0,0.0,0.0,0.0,6.380132838217113,1.1610816641817516,-1.6818330161513604,0.0,0.0,0.0,0.0,0.0,0.0,0.0,0.0,0.0,0.0,0.0,False,DISABLED,0,nan,nan,nan,nan,nan,nan,nan,nan,nan,nan,nan,nan,nan,nan,nan,nan,nan,nan,nan,nan,nan,nan,nan,nan,nan,nan,nan,nan,nan,nan,nan,nan,nan,nan,12.323711504089385,16.016499056031016,-0.18695016948935977,0.021607413233704822,0.021607413233704822,0.021607413233704822,12.295862933086102,16.09658400592235,-0.1440111708812848,0.02784857100328253,-0.08008494989133297,-0.042938998608074985,0.08478880884894056,0.09504156831348295,0.015629291534423828,False,DISABLED,none,MODEL_ORIGIN_FRAME_NOT_ESTABLISHED,nan,nan,nan,nan,nan,nan,nan,nan,nan,nan,nan,nan,nan,NOT_EVALUATED,nan,nan,nan,nan,DISABLED,nan,nan,nan,nan,nan,nan
1791471073.4841597,1791471073.5015771,1791471073.5066154,1791471073.5067353,front_rgbd_red_sphere,True,True,True,,82.3,82.3,1791471073.5015771,1791471073.5005057,1791471073.4841597,1791471073.4841597,1791471073.4841597,0.0,1791471072.4721596,1791471073.4921732,1791471073.4840958,1791471073.4921732,1791471073.4840958,1791471073.4921732,1791471072.4681642,1791471073.4921732,1791471072.4721596,1791471073.4921732,1791470991.1841598,GAZEBO_CLOCK_SYSTEM_INTERPOLATION,MAPPED_EXACT,0,82.3,1791471073.4841597,0.001957416534423828,0.0,RGB,0.0,0,1,0,UNCALIBRATED,PREPARATION,MID,TURNING,1.0,369,1.0,6.707778453826904,0.31237658858299255,nan,nan,False,0.0,0.0,0.0,0.0,0,0,0,0,0,0.0,0.0,0.0,0.0,0.0,0.0,0.0,0.0,0.0,0.0,0.0,0.0,0.0,0.0,6.383161483111534,1.1849373397742342,-1.686850743612538,0.0,0.0,0.0,0.0,0.0,0.0,0.0,0.0,0.0,0.0,0.0,False,DISABLED,0,nan,nan,nan,nan,nan,nan,nan,nan,nan,nan,nan,nan,nan,nan,nan,nan,nan,nan,nan,nan,nan,nan,nan,nan,nan,nan,nan,nan,nan,nan,nan,nan,nan,nan,12.445147689598482,16.174487945857162,-0.18358447552961182,0.021631874850336692,0.021631874850336692,0.021631874850336692,12.413119000479911,16.248676139189456,-0.1404698444076278,0.0320286891185706,-0.07418819333229365,-0.04311463112198402,0.08080671356121237,0.09158928088673136,0.017417430877685547,False,DISABLED,none,MODEL_ORIGIN_FRAME_NOT_ESTABLISHED,nan,nan,nan,nan,nan,nan,nan,nan,nan,nan,nan,nan,nan,NOT_EVALUATED,nan,nan,nan,nan,DISABLED,nan,nan,nan,nan,nan,nan
1791471073.536159,1791471073.5610154,1791471073.564029,1791471073.5640495,front_rgbd_red_sphere,True,True,True,,82.352,82.352,1791471073.5519702,1791471073.5610154,1791471073.536159,1791471073.536159,1791471073.536159,0.0,1791471072.5481734,1791471073.5481803,1791471073.5400958,1791471073.5481803,1791471073.544096,1791471073.5521665,1791471072.5481734,1791471073.5481803,1791471072.5321693,1791471073.5521665,1791470991.184159,GAZEBO_CLOCK_SYSTEM_INTERPOLATION,MAPPED_EXACT,0,82.352,1791471073.536159,0.0010802745819091797,0.0,RGB,0.0,0,1,0,UNCALIBRATED,PREPARATION,MID,TURNING,1.0,366,1.0,6.705644607543945,0.31622955203056335,nan,nan,False,0.0,0.0,0.0,0.0,0,0,0,0,0,0.0,0.0,0.0,0.0,0.0,0.0,0.0,0.0,0.0,0.0,0.0,0.0,0.0,0.0,6.373143189311479,1.2057996824713664,-1.7013994670519597,0.0,0.0,0.0,0.0,0.0,0.0,0.0,0.0,0.0,0.0,0.0,False,DISABLED,0,nan,nan,nan,nan,nan,nan,nan,nan,nan,nan,nan,nan,nan,nan,nan,nan,nan,nan,nan,nan,nan,nan,nan,nan,nan,nan,nan,nan,nan,nan,nan,nan,nan,nan,12.56894903408528,16.33072702512861,-0.17915180515975665,0.02162559779055556,0.02162559779055556,0.02162559779055556,12.54275825882879,16.411390775460664,-0.13570831795775554,0.02619077525648983,-0.08066375033205375,-0.04344348720200111,0.08480918185059835,0.09528868719023416,0.0248563289642334,False,DISABLED,none,MODEL_ORIGIN_FRAME_NOT_ESTABLISHED,nan,nan,nan,nan,nan,nan,nan,nan,nan,nan,nan,nan,nan,NOT_EVALUATED,nan,nan,nan,nan,DISABLED,nan,nan,nan,nan,nan,nan
1791471073.5841637,1791471073.6025271,1791471073.6070783,1791471073.6071115,front_rgbd_red_sphere,True,True,True,,82.4,82.4,1791471073.6025271,1791471073.6006997,1791471073.5841637,1791471073.5841637,1791471073.5841637,0.0,1791471072.5881674,1791471073.5881715,1791471073.580096,1791471073.5881715,1791471073.584096,1791471073.5921714,1791471072.5881674,1791471073.5881715,1791471072.57216,1791471073.5921714,1791470991.1841636,GAZEBO_CLOCK_SYSTEM_INTERPOLATION,MAPPED_EXACT,0,82.4,1791471073.5841637,0.0025968551635742188,0.0,RGB,0.0,0,1,0,UNCALIBRATED,PREPARATION,MID,TURNING,1.0,370,1.0,6.715223789215088,0.31877851486206055,nan,nan,False,0.0,0.0,0.0,0.0,0,0,0,0,0,0.0,0.0,0.0,0.0,0.0,0.0,0.0,0.0,0.0,0.0,0.0,0.0,0.0,0.0,6.376903858486264,1.2312537203851983,-1.7068519428083198,0.0,0.0,0.0,0.0,0.0,0.0,0.0,0.0,0.0,0.0,0.0,False,DISABLED,0,nan,nan,nan,nan,nan,nan,nan,nan,nan,nan,nan,nan,nan,nan,nan,nan,nan,nan,nan,nan,nan,nan,nan,nan,nan,nan,nan,nan,nan,nan,nan,nan,nan,nan,12.695356760094752,16.4857290157955,-0.17411524459825584,0.021653781458463632,0.021653781458463632,0.021653781458463632,12.664638682272853,16.559609272275512,-0.13053563157312692,0.030718077821898504,-0.07388025648001317,-0.043579613025128916,0.08001182789203569,0.09111023693331462,0.018363475799560547,False,DISABLED,none,MODEL_ORIGIN_FRAME_NOT_ESTABLISHED,nan,nan,nan,nan,nan,nan,nan,nan,nan,nan,nan,nan,nan,NOT_EVALUATED,nan,nan,nan,nan,DISABLED,nan,nan,nan,nan,nan,nan
1791471073.6361575,1791471073.653653,1791471073.6621184,1791471073.662159,front_rgbd_red_sphere,True,True,True,,82.452,82.452,1791471073.653653,1791471073.6529746,1791471073.6361575,1791471073.6361575,1791471073.6361575,0.0,1791471072.652166,1791471073.6521811,1791471073.644096,1791471073.6521811,1791471073.644096,1791471073.6521811,1791471072.652166,1791471073.6521811,1791471072.652166,1791471073.6521811,1791470991.1841576,GAZEBO_CLOCK_SYSTEM_INTERPOLATION,MAPPED_EXACT,0,82.452,1791471073.6361575,0.0016739368438720703,0.0,RGB,0.0,0,1,0,UNCALIBRATED,PREPARATION,MID,TURNING,1.0,371,1.0,6.714406967163086,0.32286590337753296,nan,nan,False,0.0,0.0,0.0,0.0,0,0,0,0,0,0.0,0.0,0.0,0.0,0.0,0.0,0.0,0.0,0.0,0.0,0.0,0.0,0.0,0.0,6.367473778513409,1.254136419990151,-1.7221159830547954,0.0,0.0,0.0,0.0,0.0,0.0,0.0,0.0,0.0,0.0,0.0,False,DISABLED,0,nan,nan,nan,nan,nan,nan,nan,nan,nan,nan,nan,nan,nan,nan,nan,nan,nan,nan,nan,nan,nan,nan,nan,nan,nan,nan,nan,nan,nan,nan,nan,nan,nan,nan,12.824132786217277,16.6384974591561,-0.1676967315022279,0.02165137790100375,0.02165137790100375,0.02165137790100375,12.799405193014108,16.718015639945953,-0.12407074422005289,0.024727593203168752,-0.0795181807898544,-0.043625987282175024,0.08327421534754541,0.09400968943728015,0.017495393753051758,False,DISABLED,none,MODEL_ORIGIN_FRAME_NOT_ESTABLISHED,nan,nan,nan,nan,nan,nan,nan,nan,nan,nan,nan,nan,nan,NOT_EVALUATED,nan,nan,nan,nan,DISABLED,nan,nan,nan,nan,nan,nan
1791471073.6841614,1791471073.7018023,1791471073.705646,1791471073.7056677,front_rgbd_red_sphere,True,True,True,,82.5,82.5,1791471073.7018023,1791471073.6997044,1791471073.6841614,1791471073.6841614,1791471073.6841614,0.0,1791471072.6921654,1791471073.6921673,1791471073.6840959,1791471073.6921673,1791471073.6840959,1791471073.6921673,1791471072.6921654,1791471073.6921673,1791471072.6921654,1791471073.6921673,1791470991.1841614,GAZEBO_CLOCK_SYSTEM_INTERPOLATION,MAPPED_EXACT,0,82.5,1791471073.6841614,0.0019481182098388672,0.0,RGB,0.0,0,1,0,UNCALIBRATED,PREPARATION,MID,TURNING,1.0,372,1.0,6.724673271179199,0.3258478343486786,nan,nan,False,0.0,0.0,0.0,0.0,0,0,0,0,0,0.0,0.0,0.0,0.0,0.0,0.0,0.0,0.0,0.0,0.0,0.0,0.0,0.0,0.0,6.370818627371087,1.282113188298493,-1.729186303665934,0.0,0.0,0.0,0.0,0.0,0.0,0.0,0.0,0.0,0.0,0.0,False,DISABLED,0,nan,nan,nan,nan,nan,nan,nan,nan,nan,nan,nan,nan,nan,nan,nan,nan,nan,nan,nan,nan,nan,nan,nan,nan,nan,nan,nan,nan,nan,nan,nan,nan,nan,nan,12.955587140797753,16.789042175238706,-0.16092032701111586,0.021681600048869203,0.021681600048869203,0.021681600048869203,12.92624666931195,16.86228765035182,-0.11738242150359882,0.029340471485802766,-0.07324547511311508,-0.043537905507517044,0.07890350367097247,0.090118322818041,0.01764082908630371,False,DISABLED,none,MODEL_ORIGIN_FRAME_NOT_ESTABLISHED,nan,nan,nan,nan,nan,nan,nan,nan,nan,nan,nan,nan,nan,NOT_EVALUATED,nan,nan,nan,nan,DISABLED,nan,nan,nan,nan,nan,nan
1791471073.7361586,1791471073.753883,1791471073.7633178,1791471073.763339,front_rgbd_red_sphere,True,True,True,,82.552,82.552,1791471073.753883,1791471073.7520802,1791471073.7361586,1791471073.7361586,1791471073.7361586,0.0,1791471072.752174,1791471073.7482033,1791471073.740126,1791471073.7482033,1791471073.7441258,1791471073.7521827,1791471072.7481732,1791471073.7482033,1791471072.752174,1791471073.7521827,1791470991.1841586,GAZEBO_CLOCK_SYSTEM_INTERPOLATION,MAPPED_EXACT,0,82.552,1791471073.7361586,0.0024662017822265625,0.0,RGB,0.0,0,1,0,UNCALIBRATED,PREPARATION,MID,TURNING,1.0,374,1.0,6.724815845489502,0.33006855845451355,nan,nan,False,0.0,0.0,0.0,0.0,0,0,0,0,0,0.0,0.0,0.0,0.0,0.0,0.0,0.0,0.0,0.0,0.0,0.0,0.0,0.0,0.0,6.36181091816337,1.3074660812157735,-1.7438576201317364,0.0,0.0,0.0,0.0,0.0,0.0,0.0,0.0,0.0,0.0,0.0,False,DISABLED,0,nan,nan,nan,nan,nan,nan,nan,nan,nan,nan,nan,nan,nan,nan,nan,nan,nan,nan,nan,nan,nan,nan,nan,nan,nan,nan,nan,nan,nan,nan,nan,nan,nan,nan,13.089852364166529,16.937794765617692,-0.15337292497008187,0.0216820195017351,0.0216820195017351,0.0216820195017351,13.06622787288901,17.01598373416618,-0.10937414927326648,0.02362449127751809,-0.07818896854848845,-0.04399877569681539,0.08168005503669817,0.09277674090857425,0.017724275588989258,False,DISABLED,none,MODEL_ORIGIN_FRAME_NOT_ESTABLISHED,nan,nan,nan,nan,nan,nan,nan,nan,nan,nan,nan,nan,nan,NOT_EVALUATED,nan,nan,nan,nan,DISABLED,nan,nan,nan,nan,nan,nan
1791471073.7841558,1791471073.8010197,1791471073.8043969,1791471073.80442,front_rgbd_red_sphere,True,True,True,,82.6,82.6,1791471073.8010197,1791471073.7998767,1791471073.7841558,1791471073.7841558,1791471073.7841558,0.0,1791471072.7721598,1791471073.7881708,1791471073.7801259,1791471073.7881708,1791471073.7841258,1791471073.792164,1791471072.7721598,1791471073.7881708,1791471072.7721598,1791471073.792164,1791470991.184156,GAZEBO_CLOCK_SYSTEM_INTERPOLATION,MAPPED_EXACT,0,82.6,1791471073.7841558,0.001069784164428711,0.0,RGB,0.0,0,1,0,UNCALIBRATED,PREPARATION,MID,TURNING,1.0,371,1.0,6.736176013946533,0.33308035135269165,nan,nan,False,0.0,0.0,0.0,0.0,0,0,0,0,0,0.0,0.0,0.0,0.0,0.0,0.0,0.0,0.0,0.0,0.0,0.0,0.0,0.0,0.0,6.365953461853962,1.3373985219806501,-1.749875992763101,0.0,0.0,0.0,0.0,0.0,0.0,0.0,0.0,0.0,0.0,0.0,False,DISABLED,0,nan,nan,nan,nan,nan,nan,nan,nan,nan,nan,nan,nan,nan,nan,nan,nan,nan,nan,nan,nan,nan,nan,nan,nan,nan,nan,nan,nan,nan,nan,nan,nan,nan,nan,13.226417754026585,17.08406640700832,-0.14525483371412568,0.0217154876916742,0.0217154876916742,0.0217154876916742,13.197940789931986,17.155745667079156,-0.10134443381874206,0.02847696409459921,-0.07167926007083736,-0.04391039989538362,0.07712881308789751,0.08875233533445943,0.01686382293701172,False,DISABLED,none,MODEL_ORIGIN_FRAME_NOT_ESTABLISHED,nan,nan,nan,nan,nan,nan,nan,nan,nan,nan,nan,nan,nan,NOT_EVALUATED,nan,nan,nan,nan,DISABLED,nan,nan,nan,nan,nan,nan
1791471073.8361607,1791471073.8612497,1791471073.8669198,1791471073.8669431,front_rgbd_red_sphere,True,True,True,,82.652,82.652,1791471073.8612497,1791471073.8581223,1791471073.8361607,1791471073.8361607,1791471073.8361607,0.0,1791471072.8521657,1791471073.8522003,1791471073.844126,1791471073.8522003,1791471073.844126,1791471073.8522003,1791471072.8521657,1791471073.8522003,1791471072.8521657,1791471073.8522003,1791470991.1841607,GAZEBO_CLOCK_SYSTEM_INTERPOLATION,MAPPED_EXACT,0,82.652,1791471073.8361607,0.001979827880859375,0.0,RGB,0.0,0,1,0,UNCALIBRATED,PREPARATION,MID,TURNING,1.0,368,1.0,6.737129211425781,0.3376230001449585,nan,nan,False,0.0,0.0,0.0,0.0,0,0,0,0,0,0.0,0.0,0.0,0.0,0.0,0.0,0.0,0.0,0.0,0.0,0.0,0.0,0.0,0.0,6.356782529948343,1.3646471365187836,-1.7657757217366643,0.0,0.0,0.0,0.0,0.0,0.0,0.0,0.0,0.0,0.0,0.0,False,DISABLED,0,nan,nan,nan,nan,nan,nan,nan,nan,nan,nan,nan,nan,nan,nan,nan,nan,nan,nan,nan,nan,nan,nan,nan,nan,nan,nan,nan,nan,nan,nan,nan,nan,nan,nan,13.365529373931944,17.22776961244484,-0.1362248712493636,0.021718297701865966,0.021718297701865966,0.021718297701865966,13.343382361722618,17.304496308175477,-0.0919801561624662,0.022147012209325467,-0.07672669573063828,-0.04424471508689741,0.07985910084356046,0.09129660892203327,0.025089025497436523,False,DISABLED,none,MODEL_ORIGIN_FRAME_NOT_ESTABLISHED,nan,nan,nan,nan,nan,nan,nan,nan,nan,nan,nan,nan,nan,NOT_EVALUATED,nan,nan,nan,nan,DISABLED,nan,nan,nan,nan,nan,nan
1791471073.8841593,1791471073.909333,1791471073.9128702,1791471073.9128895,front_rgbd_red_sphere,True,True,True,,82.7,82.7,1791471073.909333,1791471073.9067986,1791471073.8841593,1791471073.8841593,1791471073.8841593,0.0,1791471072.872161,1791471073.8921638,1791471073.884126,1791471073.8921638,1791471073.884126,1791471073.8921638,1791471072.8681686,1791471073.8921638,1791471072.872161,1791471073.8921638,1791470991.1841593,GAZEBO_CLOCK_SYSTEM_INTERPOLATION,MAPPED_EXACT,0,82.7,1791471073.8841593,0.0015513896942138672,0.0,RGB,0.0,0,1,0,UNCALIBRATED,PREPARATION,MID,TURNING,1.0,376,1.0,6.749523639678955,0.3410954475402832,nan,nan,False,0.0,0.0,0.0,0.0,0,0,0,0,0,0.0,0.0,0.0,0.0,0.0,0.0,0.0,0.0,0.0,0.0,0.0,0.0,0.0,0.0,6.3606753993388585,1.3969968994748392,-1.7737750801529018,0.0,0.0,0.0,0.0,0.0,0.0,0.0,0.0,0.0,0.0,0.0,False,DISABLED,0,nan,nan,nan,nan,nan,nan,nan,nan,nan,nan,nan,nan,nan,nan,nan,nan,nan,nan,nan,nan,nan,nan,nan,nan,nan,nan,nan,nan,nan,nan,nan,nan,nan,nan,13.507498306985019,17.369112740414433,-0.12689614390274068,0.02175484487890388,0.02175484487890388,0.02175484487890388,13.480029506977212,17.439357554062735,-0.08280674595577929,0.027468800007806493,-0.07024481364830137,-0.04408939794696139,0.07542459027633798,0.08736557577031688,0.025173664093017578,False,DISABLED,none,MODEL_ORIGIN_FRAME_NOT_ESTABLISHED,nan,nan,nan,nan,nan,nan,nan,nan,nan,nan,nan,nan,nan,NOT_EVALUATED,nan,nan,nan,nan,DISABLED,nan,nan,nan,nan,nan,nan
1791471073.9361632,1791471073.9524045,1791471073.9626803,1791471073.9627023,front_rgbd_red_sphere,True,True,True,,82.752,82.752,1791471073.9524045,1791471073.9517019,1791471073.9361632,1791471073.9361632,1791471073.9361632,0.0,1791471072.9321578,1791471073.9481673,1791471073.940126,1791471073.9481673,1791471073.944126,1791471073.9521694,1791471072.9321578,1791471073.9481673,1791471072.9321578,1791471073.9521694,1791470991.184163,GAZEBO_CLOCK_SYSTEM_INTERPOLATION,MAPPED_EXACT,0,82.752,1791471073.9361632,0.0017044544219970703,0.0,RGB,0.0,0,1,0,UNCALIBRATED,PREPARATION,MID,TURNING,1.0,378,1.0,6.751276969909668,0.3457622528076172,nan,nan,False,0.0,0.0,0.0,0.0,0,0,0,0,0,0.0,0.0,0.0,0.0,0.0,0.0,0.0,0.0,0.0,0.0,0.0,0.0,0.0,0.0,6.351718806248754,1.4262964905050692,-1.789158362404328,0.0,0.0,0.0,0.0,0.0,0.0,0.0,0.0,0.0,0.0,0.0,False,DISABLED,0,nan,nan,nan,nan,nan,nan,nan,nan,nan,nan,nan,nan,nan,nan,nan,nan,nan,nan,nan,nan,nan,nan,nan,nan,nan,nan,nan,nan,nan,nan,nan,nan,nan,nan,13.651930895722577,17.507641286719306,-0.11709194648700455,0.02176001731034465,0.02176001731034465,0.02176001731034465,13.630777323261963,17.58251844340346,-0.07233043082287252,0.021153572460614,-0.07487715668415262,-0.04476151566413203,0.07780785449393647,0.08976444455072358,0.01624131202697754,False,DISABLED,none,MODEL_ORIGIN_FRAME_NOT_ESTABLISHED,nan,nan,nan,nan,nan,nan,nan,nan,nan,nan,nan,nan,nan,NOT_EVALUATED,nan,nan,nan,nan,DISABLED,nan,nan,nan,nan,nan,nan
1791471073.9841595,1791471074.0027413,1791471074.0066478,1791471074.0066679,front_rgbd_red_sphere,True,True,True,,82.8,82.8,1791471074.0027413,1791471074.0013871,1791471073.9841595,1791471073.9841595,1791471073.9841595,0.0,1791471072.9921658,1791471073.9881704,1791471073.980126,1791471073.9881704,1791471073.9841259,1791471073.9921732,1791471072.988165,1791471073.9881704,1791471072.9921658,1791471073.9921732,1791470991.1841595,GAZEBO_CLOCK_SYSTEM_INTERPOLATION,MAPPED_EXACT,0,82.8,1791471073.9841595,0.0029108524322509766,0.0,RGB,0.0,0,1,0,UNCALIBRATED,PREPARATION,MID,TURNING,1.0,380,1.0,6.764606952667236,0.3492685556411743,nan,nan,False,0.0,0.0,0.0,0.0,0,0,0,0,0,0.0,0.0,0.0,0.0,0.0,0.0,0.0,0.0,0.0,0.0,0.0,0.0,0.0,0.0,6.356182078177204,1.4606728538657014,-1.795909557458009,0.0,0.0,0.0,0.0,0.0,0.0,0.0,0.0,0.0,0.0,0.0,False,DISABLED,0,nan,nan,nan,nan,nan,nan,nan,nan,nan,nan,nan,nan,nan,nan,nan,nan,nan,nan,nan,nan,nan,nan,nan,nan,nan,nan,nan,nan,nan,nan,nan,nan,nan,nan,13.799213976122505,17.643632287127755,-0.10703263582368899,0.021799361783696684,0.021799361783696684,0.021799361783696684,13.772399771246716,17.712092137242774,-0.06223968653966533,0.026814204875789116,-0.0684598501150191,-0.044792949284023664,0.0735238237640812,0.08609390783587878,0.018581867218017578,False,DISABLED,none,MODEL_ORIGIN_FRAME_NOT_ESTABLISHED,nan,nan,nan,nan,nan,nan,nan,nan,nan,nan,nan,nan,nan,NOT_EVALUATED,nan,nan,nan,nan,DISABLED,nan,nan,nan,nan,nan,nan
1791471074.0361645,1791471074.05691,1791471074.0617073,1791471074.0617259,front_rgbd_red_sphere,True,True,True,,82.852,82.852,1791471074.05691,1791471074.0556266,1791471074.0361645,1791471074.0361645,1791471074.0361645,0.0,1791471073.0521705,1791471074.0521708,1791471074.044126,1791471074.0521708,1791471074.044126,1791471074.0521708,1791471073.0521705,1791471074.0521708,1791471073.0521705,1791471074.0521708,1791470991.1841645,GAZEBO_CLOCK_SYSTEM_INTERPOLATION,MAPPED_EXACT,0,82.852,1791471074.0361645,0.0026302337646484375,0.0,RGB,0.0,0,1,0,UNCALIBRATED,PREPARATION,MID,TURNING,1.0,380,1.0,6.766720771789551,0.35399651527404785,nan,nan,False,0.0,0.0,0.0,0.0,0,0,0,0,0,0.0,0.0,0.0,0.0,0.0,0.0,0.0,0.0,0.0,0.0,0.0,0.0,0.0,0.0,6.3471489406510315,1.492082802443135,-1.8099441906320206,0.0,0.0,0.0,0.0,0.0,0.0,0.0,0.0,0.0,0.0,0.0,False,DISABLED,0,nan,nan,nan,nan,nan,nan,nan,nan,nan,nan,nan,nan,nan,nan,nan,nan,nan,nan,nan,nan,nan,nan,nan,nan,nan,nan,nan,nan,nan,nan,nan,nan,nan,nan,13.948469819134676,17.775825866717152,-0.09662277919190204,0.02180560395892391,0.02180560395892391,0.02180560395892391,13.928677130779302,17.84940010559466,-0.05089511743834624,0.0197926883553734,-0.07357423887750869,-0.045727661753555804,0.07619001994183783,0.08885909175872357,0.020745515823364258,False,DISABLED,none,MODEL_ORIGIN_FRAME_NOT_ESTABLISHED,nan,nan,nan,nan,nan,nan,nan,nan,nan,nan,nan,nan,nan,NOT_EVALUATED,nan,nan,nan,nan,DISABLED,nan,nan,nan,nan,nan,nan
1791471074.0841622,1791471074.1148949,1791471074.118735,1791471074.1187582,front_rgbd_red_sphere,True,True,True,,82.9,82.9,1791471074.1148949,1791471074.1036549,1791471074.0841622,1791471074.0841622,1791471074.0841622,0.0,1791471073.0721595,1791471074.0921776,1791471074.084126,1791471074.0921776,1791471074.084126,1791471074.0921776,1791471073.0681622,1791471074.0921776,1791471073.0721595,1791471074.0921776,1791470991.1841621,GAZEBO_CLOCK_SYSTEM_INTERPOLATION,MAPPED_EXACT,0,82.9,1791471074.0841622,0.0030367374420166016,0.0,RGB,0.0,0,1,0,UNCALIBRATED,PREPARATION,MID,TURNING,1.0,375,1.0,6.780106067657471,0.35751453042030334,nan,nan,False,0.0,0.0,0.0,0.0,0,0,0,0,0,0.0,0.0,0.0,0.0,0.0,0.0,0.0,0.0,0.0,0.0,0.0,0.0,0.0,0.0,6.351396335847353,1.528820570410649,-1.8144716541189725,0.0,0.0,0.0,0.0,0.0,0.0,0.0,0.0,0.0,0.0,0.0,False,DISABLED,0,nan,nan,nan,nan,nan,nan,nan,nan,nan,nan,nan,nan,nan,nan,nan,nan,nan,nan,nan,nan,nan,nan,nan,nan,nan,nan,nan,nan,nan,nan,nan,nan,nan,nan,14.100389146023034,17.905112202341854,-0.08615864950193325,0.02184515284966919,0.02184515284966919,0.02184515284966919,14.075346217875438,17.97330943472732,-0.040129767541867624,0.025042928147595234,-0.06819723238546516,-0.046028881960065625,0.07264991916886594,0.08600388787570251,0.03073263168334961,False,DISABLED,none,MODEL_ORIGIN_FRAME_NOT_ESTABLISHED,nan,nan,nan,nan,nan,nan,nan,nan,nan,nan,nan,nan,nan,NOT_EVALUATED,nan,nan,nan,nan,DISABLED,nan,nan,nan,nan,nan,nan
1791471074.1361625,1791471074.1652658,1791471074.1704793,1791471074.1705005,front_rgbd_red_sphere,True,True,True,,82.952,82.952,1791471074.1560583,1791471074.1652658,1791471074.1361625,1791471074.1361625,1791471074.1361625,0.0,1791471073.1321585,1791471074.1481745,1791471074.140126,1791471074.1481745,1791471074.144126,1791471074.1521661,1791471073.1321585,1791471074.1481745,1791471073.1321585,1791471074.1521661,1791470991.1841626,GAZEBO_CLOCK_SYSTEM_INTERPOLATION,MAPPED_EXACT,0,82.952,1791471074.1361625,0.005518913269042969,0.0,RGB,0.0,0,1,0,UNCALIBRATED,PREPARATION,MID,TURNING,1.0,381,1.0,6.783113479614258,0.36221814155578613,nan,nan,False,0.0,0.0,0.0,0.0,0,0,0,0,0,0.0,0.0,0.0,0.0,0.0,0.0,0.0,0.0,0.0,0.0,0.0,0.0,0.0,0.0,6.342978452542532,1.5621592051814295,-1.826721456897865,0.0,0.0,0.0,0.0,0.0,0.0,0.0,0.0,0.0,0.0,0.0,False,DISABLED,0,nan,nan,nan,nan,nan,nan,nan,nan,nan,nan,nan,nan,nan,nan,nan,nan,nan,nan,nan,nan,nan,nan,nan,nan,nan,nan,nan,nan,nan,nan,nan,nan,nan,nan,14.255018586731886,18.0308454670099,-0.0750103013324494,0.021854044379268158,0.021854044379268158,0.021854044379268158,14.237028266800609,18.10420496553586,-0.02820371988343419,0.0179903199312772,-0.07335949852596002,-0.046806581449015214,0.0755332220629442,0.08886013561858509,0.02910327911376953,False,DISABLED,none,MODEL_ORIGIN_FRAME_NOT_ESTABLISHED,nan,nan,nan,nan,nan,nan,nan,nan,nan,nan,nan,nan,nan,NOT_EVALUATED,nan,nan,nan,nan,DISABLED,nan,nan,nan,nan,nan,nan
1791471074.1841574,1791471074.2031696,1791471074.2078035,1791471074.207834,front_rgbd_red_sphere,True,True,True,,83.0,83.0,1791471074.2031696,1791471074.201346,1791471074.1841574,1791471074.1841574,1791471074.1841574,0.0,1791471073.1921804,1791471074.1881816,1791471074.180126,1791471074.1881816,1791471074.184126,1791471074.1922348,1791471073.1721609,1791471074.1881816,1791471073.1921804,1791471074.1922348,1791470991.1841574,GAZEBO_CLOCK_SYSTEM_INTERPOLATION,MAPPED_EXACT,0,83.0,1791471074.1841574,0.0033211708068847656,0.0,RGB,0.0,0,1,0,UNCALIBRATED,PREPARATION,MID,TURNING,1.0,382,1.0,6.79701042175293,0.3657607138156891,nan,nan,False,0.0,0.0,0.0,0.0,0,0,0,0,0,0.0,0.0,0.0,0.0,0.0,0.0,0.0,0.0,0.0,0.0,0.0,0.0,0.0,0.0,6.347401280690236,1.6002395254773045,-1.8300487865220383,0.0,0.0,0.0,0.0,0.0,0.0,0.0,0.0,0.0,0.0,0.0,False,DISABLED,0,nan,nan,nan,nan,nan,nan,nan,nan,nan,nan,nan,nan,nan,nan,nan,nan,nan,nan,nan,nan,nan,nan,nan,nan,nan,nan,nan,nan,nan,nan,nan,nan,nan,nan,14.412319356686112,18.15326489403742,-0.06393764645782246,0.021895151185847818,0.021895151185847818,0.021895151185847818,14.38860723583075,18.221941495957633,-0.017036047262794556,0.023712120855361007,-0.06867660192021319,-0.046901599195027906,0.07265494014013553,0.08647832291284167,0.0190122127532959,False,DISABLED,none,MODEL_ORIGIN_FRAME_NOT_ESTABLISHED,nan,nan,nan,nan,nan,nan,nan,nan,nan,nan,nan,nan,nan,NOT_EVALUATED,nan,nan,nan,nan,DISABLED,nan,nan,nan,nan,nan,nan
1791471074.236163,1791471074.26609,1791471074.2704055,1791471074.2704303,front_rgbd_red_sphere,True,True,True,,83.052,83.052,1791471074.26609,1791471074.2643123,1791471074.236163,1791471074.236163,1791471074.236163,0.0,1791471073.2321558,1791471074.2521837,1791471074.2441258,1791471074.2521837,1791471074.2441258,1791471074.2521837,1791471073.2281573,1791471074.2521837,1791471073.2321558,1791471074.2521837,1791470991.1841629,GAZEBO_CLOCK_SYSTEM_INTERPOLATION,MAPPED_EXACT,0,83.052,1791471074.236163,0.002303600311279297,0.0,RGB,0.0,0,1,0,UNCALIBRATED,PREPARATION,MID,TURNING,1.0,379,1.0,6.800050258636475,0.37020790576934814,nan,nan,False,0.0,0.0,0.0,0.0,0,0,0,0,0,0.0,0.0,0.0,0.0,0.0,0.0,0.0,0.0,0.0,0.0,0.0,0.0,0.0,0.0,6.339361530052269,1.6355037732487423,-1.838017407649509,0.0,0.0,0.0,0.0,0.0,0.0,0.0,0.0,0.0,0.0,0.0,False,DISABLED,0,nan,nan,nan,nan,nan,nan,nan,nan,nan,nan,nan,nan,nan,nan,nan,nan,nan,nan,nan,nan,nan,nan,nan,nan,nan,nan,nan,nan,nan,nan,nan,nan,nan,nan,14.57245736042645,18.272068575506687,-0.05300327685509826,0.021904149129690114,0.021904149129690114,0.021904149129690114,14.555551437602766,18.345902185563958,-0.0048272736377624826,0.01690592282368364,-0.07383361005727096,-0.048176003217335776,0.07574438725482893,0.08976714034994229,0.02992701530456543,False,DISABLED,none,MODEL_ORIGIN_FRAME_NOT_ESTABLISHED,nan,nan,nan,nan,nan,nan,nan,nan,nan,nan,nan,nan,nan,NOT_EVALUATED,nan,nan,nan,nan,DISABLED,nan,nan,nan,nan,nan,nan
1791471074.284156,1791471074.3108683,1791471074.3145235,1791471074.314545,front_rgbd_red_sphere,True,True,True,,83.1,83.1,1791471074.3108683,1791471074.2995179,1791471074.284156,1791471074.284156,1791471074.284156,0.0,1791471073.2721593,1791471074.2921648,1791471074.2841258,1791471074.2921648,1791471074.2841258,1791471074.2921648,1791471073.268176,1791471074.2921648,1791471073.2721593,1791471074.2921648,1791470991.1841562,GAZEBO_CLOCK_SYSTEM_INTERPOLATION,MAPPED_EXACT,0,83.1,1791471074.284156,0.002960205078125,0.0,RGB,0.0,0,1,0,UNCALIBRATED,PREPARATION,MID,TURNING,1.0,383,1.0,6.813732147216797,0.373558908700943,nan,nan,False,0.0,0.0,0.0,0.0,0,0,0,0,0,0.0,0.0,0.0,0.0,0.0,0.0,0.0,0.0,0.0,0.0,0.0,0.0,0.0,0.0,6.343819630906603,1.6763469292390116,-1.83650748021133,0.0,0.0,0.0,0.0,0.0,0.0,0.0,0.0,0.0,0.0,0.0,False,DISABLED,0,nan,nan,nan,nan,nan,nan,nan,nan,nan,nan,nan,nan,nan,nan,nan,nan,nan,nan,nan,nan,nan,nan,nan,nan,nan,nan,nan,nan,nan,nan,nan,nan,nan,nan,14.734836454218309,18.387137163608905,-0.0417704081164913,0.02194466611893614,0.02194466611893614,0.02194466611893614,14.712089504936287,18.457131616926272,0.006477627151902726,0.02274694928202159,-0.06999445331736709,-0.048248035268394024,0.07359787494782674,0.08800295508729317,0.02671217918395996,False,DISABLED,none,MODEL_ORIGIN_FRAME_NOT_ESTABLISHED,nan,nan,nan,nan,nan,nan,nan,nan,nan,nan,nan,nan,nan,NOT_EVALUATED,nan,nan,nan,nan,DISABLED,nan,nan,nan,nan,nan,nan
1791471074.336188,1791471074.3684564,1791471074.3729677,1791471074.372992,front_rgbd_red_sphere,True,True,True,,83.152,83.152,1791471074.3684564,1791471074.367254,1791471074.336188,1791471074.336188,1791471074.336188,0.0,1791471073.348172,1791471074.348177,1791471074.340126,1791471074.348177,1791471074.344126,1791471074.3521705,1791471073.348172,1791471074.348177,1791471073.3321621,1791471074.3521705,1791470991.1841881,GAZEBO_CLOCK_SYSTEM_INTERPOLATION,MAPPED_EXACT,0,83.152,1791471074.336188,0.0007455348968505859,0.0,RGB,0.0,0,1,0,UNCALIBRATED,PREPARATION,MID,TURNING,1.0,383,1.0,6.817049980163574,0.37809595465660095,nan,nan,False,0.0,0.0,0.0,0.0,0,0,0,0,0,0.0,0.0,0.0,0.0,0.0,0.0,0.0,0.0,0.0,0.0,0.0,0.0,0.0,0.0,6.335556164089354,1.7130167597961181,-1.8434941410756296,0.0,0.0,0.0,0.0,0.0,0.0,0.0,0.0,0.0,0.0,0.0,False,DISABLED,0,nan,nan,nan,nan,nan,nan,nan,nan,nan,nan,nan,nan,nan,nan,nan,nan,nan,nan,nan,nan,nan,nan,nan,nan,nan,nan,nan,nan,nan,nan,nan,nan,nan,nan,14.89974016272727,18.49860548103637,-0.03001255959264698,0.021954496694958452,0.021954496694958452,0.021954496694958452,14.884422380218076,18.57385330996091,0.01868596924298523,0.015317782509193023,-0.07524782892453885,-0.04869852883563221,0.07679108163618745,0.09093083596674181,0.03226828575134277,False,DISABLED,none,MODEL_ORIGIN_FRAME_NOT_ESTABLISHED,nan,nan,nan,nan,nan,nan,nan,nan,nan,nan,nan,nan,nan,NOT_EVALUATED,nan,nan,nan,nan,DISABLED,nan,nan,nan,nan,nan,nan
1791471074.38416,1791471074.4140382,1791471074.417813,1791471074.4178343,front_rgbd_red_sphere,True,True,True,,83.2,83.2,1791471074.4140382,1791471074.4025939,1791471074.38416,1791471074.38416,1791471074.38416,0.0,1791471073.392166,1791471074.3881733,1791471074.380126,1791471074.3881733,1791471074.384126,1791471074.392179,1791471073.388169,1791471074.3881733,1791471073.392166,1791471074.392179,1791470991.18416,GAZEBO_CLOCK_SYSTEM_INTERPOLATION,MAPPED_EXACT,0,83.2,1791471074.38416,0.0021975040435791016,0.0,RGB,0.0,0,1,0,UNCALIBRATED,PREPARATION,MID,TURNING,1.0,383,1.0,6.830810070037842,0.38170719146728516,nan,nan,False,0.0,0.0,0.0,0.0,0,0,0,0,0,0.0,0.0,0.0,0.0,0.0,0.0,0.0,0.0,0.0,0.0,0.0,0.0,0.0,0.0,6.339197167831767,1.7540976732238622,-1.8432820466808475,0.0,0.0,0.0,0.0,0.0,0.0,0.0,0.0,0.0,0.0,0.0,False,DISABLED,0,nan,nan,nan,nan,nan,nan,nan,nan,nan,nan,nan,nan,nan,nan,nan,nan,nan,nan,nan,nan,nan,nan,nan,nan,nan,nan,nan,nan,nan,nan,nan,nan,nan,nan,15.067150493941364,18.606296412830392,-0.01873464011028586,0.02199529313947879,0.02199529313947879,0.02199529313947879,15.045529853778916,18.67797718542055,0.029831980562913883,0.021620640162447913,-0.07168077259015604,-0.048566620673199744,0.07487045639072679,0.08924293744476473,0.02987813949584961,False,DISABLED,none,MODEL_ORIGIN_FRAME_NOT_ESTABLISHED,nan,nan,nan,nan,nan,nan,nan,nan,nan,nan,nan,nan,nan,NOT_EVALUATED,nan,nan,nan,nan,DISABLED,nan,nan,nan,nan,nan,nan
1791471074.4361627,1791471074.4660335,1791471074.4714787,1791471074.4715047,front_rgbd_red_sphere,True,True,True,,83.252,83.252,1791471074.4660335,1791471074.4551027,1791471074.4361627,1791471074.4361627,1791471074.4361627,0.0,1791471073.4321573,1791471074.4521608,1791471074.444126,1791471074.4521608,1791471074.444126,1791471074.4521608,1791471073.4281578,1791471074.4521608,1791471073.4321573,1791471074.4521608,1791470991.1841626,GAZEBO_CLOCK_SYSTEM_INTERPOLATION,MAPPED_EXACT,0,83.252,1791471074.4361627,0.00228118896484375,0.0,RGB,0.0,0,1,0,UNCALIBRATED,PREPARATION,MID,TURNING,1.0,385,1.0,6.83377742767334,0.38642939925193787,nan,nan,False,0.0,0.0,0.0,0.0,0,0,0,0,0,0.0,0.0,0.0,0.0,0.0,0.0,0.0,0.0,0.0,0.0,0.0,0.0,0.0,0.0,6.329859241170043,1.7912678215380344,-1.850609513117666,0.0,0.0,0.0,0.0,0.0,0.0,0.0,0.0,0.0,0.0,0.0,False,DISABLED,0,nan,nan,nan,nan,nan,nan,nan,nan,nan,nan,nan,nan,nan,nan,nan,nan,nan,nan,nan,nan,nan,nan,nan,nan,nan,nan,nan,nan,nan,nan,nan,nan,nan,nan,15.237012258896886,18.709929280896695,-0.007343517122706922,0.0220040952905222,0.0220040952905222,0.0220040952905222,15.222831892930186,18.786845848949447,0.04172252239929055,0.014180365966700137,-0.07691656805275215,-0.04906603952199747,0.07821279447739482,0.0923293964798721,0.02987074851989746,False,DISABLED,none,MODEL_ORIGIN_FRAME_NOT_ESTABLISHED,nan,nan,nan,nan,nan,nan,nan,nan,nan,nan,nan,nan,nan,NOT_EVALUATED,nan,nan,nan,nan,DISABLED,nan,nan,nan,nan,nan,nan
1791471074.4841611,1791471074.503955,1791471074.507313,1791471074.5073333,front_rgbd_red_sphere,True,True,True,,83.3,83.3,1791471074.503955,1791471074.5023787,1791471074.4841611,1791471074.4841611,1791471074.4841611,0.0,1791471073.4921732,1791471074.4921749,1791471074.4841259,1791471074.4921749,1791471074.4841259,1791471074.4921749,1791471073.4921732,1791471074.4921749,1791471073.4921732,1791471074.4921749,1791470991.1841612,GAZEBO_CLOCK_SYSTEM_INTERPOLATION,MAPPED_EXACT,0,83.3,1791471074.4841611,0.00413823127746582,0.0,RGB,0.0,0,1,0,UNCALIBRATED,PREPARATION,MID,TURNING,1.0,385,1.0,6.847358226776123,0.39035117626190186,nan,nan,False,0.0,0.0,0.0,0.0,0,0,0,0,0,0.0,0.0,0.0,0.0,0.0,0.0,0.0,0.0,0.0,0.0,0.0,0.0,0.0,0.0,6.332268959497389,1.8338434673484167,-1.850864835306995,0.0,0.0,0.0,0.0,0.0,0.0,0.0,0.0,0.0,0.0,0.0,False,DISABLED,0,nan,nan,nan,nan,nan,nan,nan,nan,nan,nan,nan,nan,nan,nan,nan,nan,nan,nan,nan,nan,nan,nan,nan,nan,nan,nan,nan,nan,nan,nan,nan,nan,nan,nan,15.409144052695206,18.809872498275872,0.003759197131788794,0.02204440419578778,0.02204440419578778,0.02204440419578778,15.388617479026022,18.883650973118325,0.052455729625411424,0.020526573669183534,-0.07377847484245237,-0.04869653249362263,0.07658069976616037,0.09075216721146245,0.01979374885559082,False,DISABLED,none,MODEL_ORIGIN_FRAME_NOT_ESTABLISHED,nan,nan,nan,nan,nan,nan,nan,nan,nan,nan,nan,nan,nan,NOT_EVALUATED,nan,nan,nan,nan,DISABLED,nan,nan,nan,nan,nan,nan
1791471074.5361607,1791471074.559175,1791471074.5643883,1791471074.5644147,front_rgbd_red_sphere,True,True,True,,83.352,83.352,1791471074.559175,1791471074.556554,1791471074.5361607,1791471074.5361607,1791471074.5361607,0.0,1791471073.5521665,1791471074.5481725,1791471074.5401258,1791471074.5481725,1791471074.544126,1791471074.5521734,1791471073.5321624,1791471074.5481725,1791471073.5521665,1791471074.5521734,1791470991.1841607,GAZEBO_CLOCK_SYSTEM_INTERPOLATION,MAPPED_EXACT,0,83.352,1791471074.5361607,0.0033349990844726562,0.0,RGB,0.0,0,1,0,UNCALIBRATED,PREPARATION,MID,TURNING,1.0,388,1.0,6.8498711585998535,0.3951561450958252,nan,nan,False,0.0,0.0,0.0,0.0,0,0,0,0,0,0.0,0.0,0.0,0.0,0.0,0.0,0.0,0.0,0.0,0.0,0.0,0.0,0.0,0.0,6.321995893965638,1.871636205362786,-1.8574393768643584,0.0,0.0,0.0,0.0,0.0,0.0,0.0,0.0,0.0,0.0,0.0,False,DISABLED,0,nan,nan,nan,nan,nan,nan,nan,nan,nan,nan,nan,nan,nan,nan,nan,nan,nan,nan,nan,nan,nan,nan,nan,nan,nan,nan,nan,nan,nan,nan,nan,nan,nan,nan,15.583325821142338,18.905731839651974,0.014586979830221003,0.022051867411608736,0.022051867411608736,0.022051867411608736,15.570605609896411,18.984222418228704,0.06373339953449543,0.01272021124592726,-0.07849057857673003,-0.04914641970427443,0.07951461940706782,0.09347697721471067,0.023014307022094727,False,DISABLED,none,MODEL_ORIGIN_FRAME_NOT_ESTABLISHED,nan,nan,nan,nan,nan,nan,nan,nan,nan,nan,nan,nan,nan,NOT_EVALUATED,nan,nan,nan,nan,DISABLED,nan,nan,nan,nan,nan,nan
1791471074.5841577,1791471074.602066,1791471074.605258,1791471074.6052773,front_rgbd_red_sphere,True,True,True,,83.4,83.4,1791471074.602066,1791471074.6004727,1791471074.5841577,1791471074.5841577,1791471074.5841577,0.0,1791471073.5721579,1791471074.5881684,1791471074.5801258,1791471074.5881684,1791471074.584126,1791471074.5921638,1791471073.5721579,1791471074.5881684,1791471073.5721579,1791471074.5921638,1791470991.1841576,GAZEBO_CLOCK_SYSTEM_INTERPOLATION,MAPPED_EXACT,0,83.4,1791471074.5841577,0.002080202102661133,0.0,RGB,0.0,0,1,0,UNCALIBRATED,PREPARATION,MID,TURNING,1.0,387,1.0,6.862826347351074,0.3991548418998718,nan,nan,False,0.0,0.0,0.0,0.0,0,0,0,0,0,0.0,0.0,0.0,0.0,0.0,0.0,0.0,0.0,0.0,0.0,0.0,0.0,0.0,0.0,6.323338287753973,1.9145856517617466,-1.8569175951952894,0.0,0.0,0.0,0.0,0.0,0.0,0.0,0.0,0.0,0.0,0.0,False,DISABLED,0,nan,nan,nan,nan,nan,nan,nan,nan,nan,nan,nan,nan,nan,nan,nan,nan,nan,nan,nan,nan,nan,nan,nan,nan,nan,nan,nan,nan,nan,nan,nan,nan,nan,nan,15.760001235803562,18.997476534544955,0.025079615064475702,0.022090361309711416,0.022090361309711416,0.022090361309711416,15.740710686225594,19.07326261443971,0.07378191097384473,0.01929054957796872,-0.07578607989475472,-0.04870229590936903,0.07820265474288078,0.0921280024513609,0.017908334732055664,False,DISABLED,none,MODEL_ORIGIN_FRAME_NOT_ESTABLISHED,nan,nan,nan,nan,nan,nan,nan,nan,nan,nan,nan,nan,nan,NOT_EVALUATED,nan,nan,nan,nan,DISABLED,nan,nan,nan,nan,nan,nan
1791471074.6361582,1791471074.6600785,1791471074.6632922,1791471074.6633122,front_rgbd_red_sphere,True,True,True,,83.452,83.452,1791471074.6600785,1791471074.6568012,1791471074.6361582,1791471074.6361582,1791471074.6361582,0.0,1791471073.632184,1791471074.6521792,1791471074.644126,1791471074.6521792,1791471074.644126,1791471074.6521792,1791471073.6281595,1791471074.6521792,1791471073.632184,1791471074.6521792,1791470991.1841583,GAZEBO_CLOCK_SYSTEM_INTERPOLATION,MAPPED_EXACT,0,83.452,1791471074.6361582,0.004126310348510742,0.0,RGB,0.0,0,1,0,UNCALIBRATED,PREPARATION,MID,TURNING,1.0,390,1.0,6.865315914154053,0.4045875370502472,nan,nan,False,0.0,0.0,0.0,0.0,0,0,0,0,0,0.0,0.0,0.0,0.0,0.0,0.0,0.0,0.0,0.0,0.0,0.0,0.0,0.0,0.0,6.311043484528679,1.9526348338660577,-1.8682906107467738,0.0,0.0,0.0,0.0,0.0,0.0,0.0,0.0,0.0,0.0,0.0,False,DISABLED,0,nan,nan,nan,nan,nan,nan,nan,nan,nan,nan,nan,nan,nan,nan,nan,nan,nan,nan,nan,nan,nan,nan,nan,nan,nan,nan,nan,nan,nan,nan,nan,nan,nan,nan,15.939023486675033,19.084858853952458,0.035579052544089385,0.02209776169311897,0.02209776169311897,0.02209776169311897,15.927194344203878,19.165226454513505,0.08417708212736545,0.011829142471155407,-0.08036760056104697,-0.04859802958327607,0.08123348959353457,0.09466070098472684,0.023920297622680664,False,DISABLED,none,MODEL_ORIGIN_FRAME_NOT_ESTABLISHED,nan,nan,nan,nan,nan,nan,nan,nan,nan,nan,nan,nan,nan,NOT_EVALUATED,nan,nan,nan,nan,DISABLED,nan,nan,nan,nan,nan,nan
1791471074.6841578,1791471074.703728,1791471074.707546,1791471074.707567,front_rgbd_red_sphere,True,True,True,,83.5,83.5,1791471074.703728,1791471074.70236,1791471074.6841578,1791471074.6841578,1791471074.6841578,0.0,1791471073.6921673,1791471074.6921835,1791471074.684126,1791471074.6921835,1791471074.684126,1791471074.6921835,1791471073.6921673,1791471074.6921835,1791471073.6921673,1791471074.6921835,1791470991.1841578,GAZEBO_CLOCK_SYSTEM_INTERPOLATION,MAPPED_EXACT,0,83.5,1791471074.6841578,0.003885984420776367,0.0,RGB,0.0,0,1,0,UNCALIBRATED,PREPARATION,MID,TURNING,1.0,391,1.0,6.877505779266357,0.40957731008529663,nan,nan,False,0.0,0.0,0.0,0.0,0,0,0,0,0,0.0,0.0,0.0,0.0,0.0,0.0,0.0,0.0,0.0,0.0,0.0,0.0,0.0,0.0,6.308661832577265,1.9952239893712007,-1.8761530605405554,0.0,0.0,0.0,0.0,0.0,0.0,0.0,0.0,0.0,0.0,0.0,False,DISABLED,0,nan,nan,nan,nan,nan,nan,nan,nan,nan,nan,nan,nan,nan,nan,nan,nan,nan,nan,nan,nan,nan,nan,nan,nan,nan,nan,nan,nan,nan,nan,nan,nan,nan,nan,16.11931839341522,19.16790604526368,0.04541295938388418,0.022134017269226293,0.022134017269226293,0.022134017269226293,16.101375377804928,19.246187346997658,0.09329535689680338,0.017943015610292434,-0.07828130173397696,-0.0478823975129192,0.08031135667112804,0.09350207485367559,0.019570112228393555,False,DISABLED,none,MODEL_ORIGIN_FRAME_NOT_ESTABLISHED,nan,nan,nan,nan,nan,nan,nan,nan,nan,nan,nan,nan,nan,NOT_EVALUATED,nan,nan,nan,nan,DISABLED,nan,nan,nan,nan,nan,nan
1791471074.736165,1791471074.7651176,1791471074.768608,1791471074.768628,front_rgbd_red_sphere,True,True,True,,83.552,83.552,1791471074.7571392,1791471074.7651176,1791471074.736165,1791471074.736165,1791471074.736165,0.0,1791471073.7521827,1791471074.7482164,1791471074.740155,1791471074.7482164,1791471074.744155,1791471074.7522018,1791471073.7482033,1791471074.7482164,1791471073.7521827,1791471074.7522018,1791470991.184165,GAZEBO_CLOCK_SYSTEM_INTERPOLATION,MAPPED_EXACT,0,83.552,1791471074.736165,0.001190185546875,0.0,RGB,0.0,0,1,0,UNCALIBRATED,PREPARATION,MID,TURNING,1.0,390,1.0,6.879333019256592,0.41554731130599976,nan,nan,False,0.0,0.0,0.0,0.0,0,0,0,0,0,0.0,0.0,0.0,0.0,0.0,0.0,0.0,0.0,0.0,0.0,0.0,0.0,0.0,0.0,6.293870823235735,2.0324144696452624,-1.8925386733157574,0.0,0.0,0.0,0.0,0.0,0.0,0.0,0.0,0.0,0.0,0.0,False,DISABLED,0,nan,nan,nan,nan,nan,nan,nan,nan,nan,nan,nan,nan,nan,nan,nan,nan,nan,nan,nan,nan,nan,nan,nan,nan,nan,nan,nan,nan,nan,nan,nan,nan,nan,nan,16.302298325911167,19.24701649260562,0.055001104784238974,0.022139454754247934,0.022139454754247934,0.022139454754247934,16.2921274855899,19.32925389154283,0.1025562089741678,0.010170840321265473,-0.0822373989372096,-0.047555104189928823,0.08286395945643946,0.0955401680515239,0.028952598571777344,False,DISABLED,none,MODEL_ORIGIN_FRAME_NOT_ESTABLISHED,nan,nan,nan,nan,nan,nan,nan,nan,nan,nan,nan,nan,nan,NOT_EVALUATED,nan,nan,nan,nan,DISABLED,nan,nan,nan,nan,nan,nan
1791471074.7841604,1791471074.8036358,1791471074.8094795,1791471074.8095052,front_rgbd_red_sphere,True,True,True,,83.6,83.6,1791471074.8036358,1791471074.8018713,1791471074.7841604,1791471074.7841604,1791471074.7841604,0.0,1791471073.792164,1791471074.7881758,1791471074.780155,1791471074.7881758,1791471074.784155,1791471074.7922275,1791471073.7881708,1791471074.7881758,1791471073.792164,1791471074.7922275,1791470991.1841605,GAZEBO_CLOCK_SYSTEM_INTERPOLATION,MAPPED_EXACT,0,83.6,1791471074.7841604,0.0037970542907714844,0.0,RGB,0.0,0,1,0,UNCALIBRATED,PREPARATION,MID,TURNING,1.0,395,1.0,6.890854835510254,0.42056992650032043,nan,nan,False,0.0,0.0,0.0,0.0,0,0,0,0,0,0.0,0.0,0.0,0.0,0.0,0.0,0.0,0.0,0.0,0.0,0.0,0.0,0.0,0.0,6.2903610697105865,2.074854027104099,-1.9000582903444645,0.0,0.0,0.0,0.0,0.0,0.0,0.0,0.0,0.0,0.0,0.0,False,DISABLED,0,nan,nan,nan,nan,nan,nan,nan,nan,nan,nan,nan,nan,nan,nan,nan,nan,nan,nan,nan,nan,nan,nan,nan,nan,nan,nan,nan,nan,nan,nan,nan,nan,nan,nan,16.48688727688234,19.321864232284586,0.06387002242864975,0.022173756370459444,0.022173756370459444,0.022173756370459444,16.46990511984372,19.401804626340184,0.11051331045939906,0.01698215703861905,-0.07994039405559761,-0.04664328803074931,0.08172429418140327,0.09409812207354612,0.019475460052490234,False,DISABLED,none,MODEL_ORIGIN_FRAME_NOT_ESTABLISHED,nan,nan,nan,nan,nan,nan,nan,nan,nan,nan,nan,nan,nan,NOT_EVALUATED,nan,nan,nan,nan,DISABLED,nan,nan,nan,nan,nan,nan
1791471074.8361688,1791471074.8606138,1791471074.8642197,1791471074.86424,front_rgbd_red_sphere,True,True,True,,83.652,83.652,1791471074.8606138,1791471074.8572552,1791471074.8361688,1791471074.8361688,1791471074.8361688,0.0,1791471073.8321588,1791471074.8521745,1791471074.8441548,1791471074.8521745,1791471074.8441548,1791471074.8521745,1791471073.8281574,1791471074.8521745,1791471073.8321588,1791471074.8521745,1791470991.1841688,GAZEBO_CLOCK_SYSTEM_INTERPOLATION,MAPPED_EXACT,0,83.652,1791471074.8361688,0.0007581710815429688,0.0,RGB,0.0,0,1,0,UNCALIBRATED,PREPARATION,MID,TURNING,1.0,398,1.0,6.891974449157715,0.4265245497226715,nan,nan,False,0.0,0.0,0.0,0.0,0,0,0,0,0,0.0,0.0,0.0,0.0,0.0,0.0,0.0,0.0,0.0,0.0,0.0,0.0,0.0,0.0,6.274516173845484,2.112726317563427,-1.9147186305556119,0.0,0.0,0.0,0.0,0.0,0.0,0.0,0.0,0.0,0.0,0.0,False,DISABLED,0,nan,nan,nan,nan,nan,nan,nan,nan,nan,nan,nan,nan,nan,nan,nan,nan,nan,nan,nan,nan,nan,nan,nan,nan,nan,nan,nan,nan,nan,nan,nan,nan,nan,nan,16.67387814180841,19.392374585494554,0.07247136747768407,0.022177090587927058,0.022177090587927058,0.022177090587927058,16.664204842368104,19.475591565412135,0.11839886039926242,0.009673299440304817,-0.08321697991758015,-0.045927492921578356,0.0837773147616032,0.09554042638970359,0.024445056915283203,False,DISABLED,none,MODEL_ORIGIN_FRAME_NOT_ESTABLISHED,nan,nan,nan,nan,nan,nan,nan,nan,nan,nan,nan,nan,nan,NOT_EVALUATED,nan,nan,nan,nan,DISABLED,nan,nan,nan,nan,nan,nan
1791471074.8841608,1791471074.9028676,1791471074.9063911,1791471074.9064116,front_rgbd_red_sphere,True,True,True,,83.7,83.7,1791471074.9028676,1791471074.9007733,1791471074.8841608,1791471074.8841608,1791471074.8841608,0.0,1791471073.8921638,1791471074.8922074,1791471074.884155,1791471074.8922074,1791471074.884155,1791471074.8922074,1791471073.8921638,1791471074.8922074,1791471073.8921638,1791471074.8922074,1791470991.1841607,GAZEBO_CLOCK_SYSTEM_INTERPOLATION,MAPPED_EXACT,0,83.7,1791471074.8841608,0.002932310104370117,0.0,RGB,0.0,0,1,0,UNCALIBRATED,PREPARATION,MID,TURNING,1.0,400,1.0,6.9027814865112305,0.43154609203338623,nan,nan,False,0.0,0.0,0.0,0.0,0,0,0,0,0,0.0,0.0,0.0,0.0,0.0,0.0,0.0,0.0,0.0,0.0,0.0,0.0,0.0,0.0,6.269935390124835,2.1568638474969264,-1.9194371650394035,0.0,0.0,0.0,0.0,0.0,0.0,0.0,0.0,0.0,0.0,0.0,False,DISABLED,0,nan,nan,nan,nan,nan,nan,nan,nan,nan,nan,nan,nan,nan,nan,nan,nan,nan,nan,nan,nan,nan,nan,nan,nan,nan,nan,nan,nan,nan,nan,nan,nan,nan,nan,16.862076465972272,19.45817215289636,0.08019249226434694,0.02220928922198132,0.02220928922198132,0.02220928922198132,16.845305121363435,19.53957359965813,0.12500435026175227,0.01677134460883778,-0.0814014467617703,-0.044811857997405335,0.08311121184832836,0.09442232867323988,0.018706798553466797,False,DISABLED,none,MODEL_ORIGIN_FRAME_NOT_ESTABLISHED,nan,nan,nan,nan,nan,nan,nan,nan,nan,nan,nan,nan,nan,NOT_EVALUATED,nan,nan,nan,nan,DISABLED,nan,nan,nan,nan,nan,nan
1791471074.9361637,1791471074.9542174,1791471074.9608784,1791471074.9608989,front_rgbd_red_sphere,True,True,True,,83.752,83.752,1791471074.9542174,1791471074.9529984,1791471074.9361637,1791471074.9361637,1791471074.9361637,0.0,1791471073.9521694,1791471074.9481657,1791471074.940155,1791471074.9481657,1791471074.944155,1791471074.9521732,1791471073.9321585,1791471074.9481657,1791471073.9521694,1791471074.9521732,1791470991.1841636,GAZEBO_CLOCK_SYSTEM_INTERPOLATION,MAPPED_EXACT,0,83.752,1791471074.9361637,0.001585245132446289,0.0,RGB,0.0,0,1,0,UNCALIBRATED,PREPARATION,MID,TURNING,1.0,403,1.0,6.902584075927734,0.43718916177749634,nan,nan,False,0.0,0.0,0.0,0.0,0,0,0,0,0,0.0,0.0,0.0,0.0,0.0,0.0,0.0,0.0,0.0,0.0,0.0,0.0,0.0,0.0,6.2533638928229,2.195439428794655,-1.929029118974294,0.0,0.0,0.0,0.0,0.0,0.0,0.0,0.0,0.0,0.0,0.0,False,DISABLED,0,nan,nan,nan,nan,nan,nan,nan,nan,nan,nan,nan,nan,nan,nan,nan,nan,nan,nan,nan,nan,nan,nan,nan,nan,nan,nan,nan,nan,nan,nan,nan,nan,nan,nan,17.05216234344052,19.51956912250911,0.08709927276159318,0.022208701360424805,0.022208701360424805,0.022208701360424805,17.043072569037236,19.604023422637248,0.1313333914614201,0.009089774403285844,-0.0844543001281366,-0.04423411869982691,0.0849420555957766,0.0957695675357594,0.018053770065307617,False,DISABLED,none,MODEL_ORIGIN_FRAME_NOT_ESTABLISHED,nan,nan,nan,nan,nan,nan,nan,nan,nan,nan,nan,nan,nan,NOT_EVALUATED,nan,nan,nan,nan,DISABLED,nan,nan,nan,nan,nan,nan
1791471074.9841568,1791471075.0039692,1791471075.0072544,1791471075.0072777,front_rgbd_red_sphere,True,True,True,,83.8,83.8,1791471075.0039692,1791471075.0020523,1791471074.9841568,1791471074.9841568,1791471074.9841568,0.0,1791471073.9921732,1791471074.9881759,1791471074.980155,1791471074.9881759,1791471074.984155,1791471074.992179,1791471073.9881704,1791471074.9881759,1791471073.9921732,1791471074.992179,1791470991.184157,GAZEBO_CLOCK_SYSTEM_INTERPOLATION,MAPPED_EXACT,0,83.8,1791471074.9841568,0.003986835479736328,0.0,RGB,0.0,0,1,0,UNCALIBRATED,PREPARATION,MID,TURNING,1.0,405,1.0,6.912619113922119,0.4419117271900177,nan,nan,False,0.0,0.0,0.0,0.0,0,0,0,0,0,0.0,0.0,0.0,0.0,0.0,0.0,0.0,0.0,0.0,0.0,0.0,0.0,0.0,0.0,6.248563489878404,2.2398031664640987,-1.9295180358665889,0.0,0.0,0.0,0.0,0.0,0.0,0.0,0.0,0.0,0.0,0.0,False,DISABLED,0,nan,nan,nan,nan,nan,nan,nan,nan,nan,nan,nan,nan,nan,nan,nan,nan,nan,nan,nan,nan,nan,nan,nan,nan,nan,nan,nan,nan,nan,nan,nan,nan,nan,nan,17.24403853311657,19.576494541626136,0.09298496572539167,0.022238621045083104,0.022238621045083104,0.022238621045083104,17.22690166667297,19.659245250050557,0.13641901314602556,0.01713686644360024,-0.08275070842442034,-0.04343404742063389,0.08450652008128853,0.09501509570372013,0.019812345504760742,False,DISABLED,none,MODEL_ORIGIN_FRAME_NOT_ESTABLISHED,nan,nan,nan,nan,nan,nan,nan,nan,nan,nan,nan,nan,nan,NOT_EVALUATED,nan,nan,nan,nan,DISABLED,nan,nan,nan,nan,nan,nan
1791471075.0361612,1791471075.067916,1791471075.073424,1791471075.073449,front_rgbd_red_sphere,True,True,True,,83.852,83.852,1791471075.060183,1791471075.067916,1791471075.0361612,1791471075.0361612,1791471075.0361612,0.0,1791471074.0321627,1791471075.052166,1791471075.044155,1791471075.052166,1791471075.044155,1791471075.052166,1791471074.0281615,1791471075.052166,1791471074.0321627,1791471075.052166,1791470991.1841612,GAZEBO_CLOCK_SYSTEM_INTERPOLATION,MAPPED_EXACT,0,83.852,1791471075.0361612,0.004267215728759766,0.0,RGB,0.0,0,1,0,UNCALIBRATED,PREPARATION,MID,TURNING,1.0,410,1.0,6.912008762359619,0.4475330710411072,nan,nan,False,0.0,0.0,0.0,0.0,0,0,0,0,0,0.0,0.0,0.0,0.0,0.0,0.0,0.0,0.0,0.0,0.0,0.0,0.0,0.0,0.0,6.231295926595631,2.2782093144352222,-1.9381887941254154,0.0,0.0,0.0,0.0,0.0,0.0,0.0,0.0,0.0,0.0,0.0,False,DISABLED,0,nan,nan,nan,nan,nan,nan,nan,nan,nan,nan,nan,nan,nan,nan,nan,nan,nan,nan,nan,nan,nan,nan,nan,nan,nan,nan,nan,nan,nan,nan,nan,nan,nan,nan,17.43764457161801,19.628311126106496,0.0981929512264062,0.022236799945175207,0.022236799945175207,0.022236799945175207,17.427417243698045,19.71418191597096,0.14102912491072764,0.010227327919963614,-0.08587078986446528,-0.04283617368432144,0.0864776895408846,0.09650558825396058,0.03175473213195801,False,DISABLED,none,MODEL_ORIGIN_FRAME_NOT_ESTABLISHED,nan,nan,nan,nan,nan,nan,nan,nan,nan,nan,nan,nan,nan,NOT_EVALUATED,nan,nan,nan,nan,DISABLED,nan,nan,nan,nan,nan,nan
1791471075.0841649,1791471075.1063547,1791471075.1096132,1791471075.1096323,front_rgbd_red_sphere,True,True,True,,83.9,83.9,1791471075.1063547,1791471075.1046178,1791471075.0841649,1791471075.0841649,1791471075.0841649,0.0,1791471074.0721614,1791471075.0921757,1791471075.0841548,1791471075.0921757,1791471075.0841548,1791471075.0921757,1791471074.0681603,1791471075.0921757,1791471074.0721614,1791471075.0921757,1791470991.1841648,GAZEBO_CLOCK_SYSTEM_INTERPOLATION,MAPPED_EXACT,0,83.9,1791471075.0841649,0.0024051666259765625,0.0,RGB,0.0,0,1,0,UNCALIBRATED,PREPARATION,MID,TURNING,1.0,408,1.0,6.921076774597168,0.4524441361427307,nan,nan,False,0.0,0.0,0.0,0.0,0,0,0,0,0,0.0,0.0,0.0,0.0,0.0,0.0,0.0,0.0,0.0,0.0,0.0,0.0,0.0,0.0,6.224686941641329,2.3220864073771676,-1.9397138871048403,0.0,0.0,0.0,0.0,0.0,0.0,0.0,0.0,0.0,0.0,0.0,False,DISABLED,0,nan,nan,nan,nan,nan,nan,nan,nan,nan,nan,nan,nan,nan,nan,nan,nan,nan,nan,nan,nan,nan,nan,nan,nan,nan,nan,nan,nan,nan,nan,nan,nan,nan,nan,17.63204706489105,19.675680546723417,0.10206284558359974,0.022263853006257904,0.022263853006257904,0.022263853006257904,17.613887735597334,19.76068129163648,0.14447727272229563,0.018159329293716553,-0.08500074491306364,-0.04241442713869589,0.08691885800085818,0.09671541503647228,0.022189855575561523,False,DISABLED,none,MODEL_ORIGIN_FRAME_NOT_ESTABLISHED,nan,nan,nan,nan,nan,nan,nan,nan,nan,nan,nan,nan,nan,NOT_EVALUATED,nan,nan,nan,nan,DISABLED,nan,nan,nan,nan,nan,nan
1791471075.1361568,1791471075.1580045,1791471075.1637914,1791471075.1638143,front_rgbd_red_sphere,True,True,True,,83.952,83.952,1791471075.1580045,1791471075.1565886,1791471075.1361568,1791471075.1361568,1791471075.1361568,0.0,1791471074.1521661,1791471075.1481853,1791471075.1401548,1791471075.1481853,1791471075.144155,1791471075.1521788,1791471074.1481745,1791471075.1481853,1791471074.1521661,1791471075.1521788,1791470991.184157,GAZEBO_CLOCK_SYSTEM_INTERPOLATION,MAPPED_EXACT,0,83.952,1791471075.1361568,0.0034351348876953125,0.0,RGB,0.0,0,1,0,UNCALIBRATED,PREPARATION,MID,TURNING,1.0,415,1.0,6.919435977935791,0.45783326029777527,nan,nan,False,0.0,0.0,0.0,0.0,0,0,0,0,0,0.0,0.0,0.0,0.0,0.0,0.0,0.0,0.0,0.0,0.0,0.0,0.0,0.0,0.0,6.206819427777535,2.358888412083577,-1.9466984161640575,0.0,0.0,0.0,0.0,0.0,0.0,0.0,0.0,0.0,0.0,0.0,False,DISABLED,0,nan,nan,nan,nan,nan,nan,nan,nan,nan,nan,nan,nan,nan,nan,nan,nan,nan,nan,nan,nan,nan,nan,nan,nan,nan,nan,nan,nan,nan,nan,nan,nan,nan,nan,17.827719241582887,19.71874011663232,0.1050238419432033,0.022258957511859433,0.022258957511859433,0.022258957511859433,17.816849816408094,19.806124320831017,0.14725679104794492,0.010869425174792724,-0.08738420419869897,-0.042232949104741624,0.08805761492948998,0.09766148440994551,0.02184772491455078,False,DISABLED,none,MODEL_ORIGIN_FRAME_NOT_ESTABLISHED,nan,nan,nan,nan,nan,nan,nan,nan,nan,nan,nan,nan,nan,NOT_EVALUATED,nan,nan,nan,nan,DISABLED,nan,nan,nan,nan,nan,nan
1791471075.1841617,1791471075.2140737,1791471075.2199125,1791471075.2199638,front_rgbd_red_sphere,True,True,True,,84.0,84.0,1791471075.2140737,1791471075.20264,1791471075.1841617,1791471075.1841617,1791471075.1841617,0.0,1791471074.1721625,1791471075.1881716,1791471075.1801548,1791471075.1881716,1791471075.184155,1791471075.1921804,1791471074.1721625,1791471075.1881716,1791471074.1721625,1791471075.1921804,1791470991.1841617,GAZEBO_CLOCK_SYSTEM_INTERPOLATION,MAPPED_EXACT,0,84.0,1791471075.1841617,0.0022215843200683594,0.0,RGB,0.0,0,1,0,UNCALIBRATED,PREPARATION,MID,TURNING,1.0,409,1.0,6.927475452423096,0.4619586169719696,nan,nan,False,0.0,0.0,0.0,0.0,0,0,0,0,0,0.0,0.0,0.0,0.0,0.0,0.0,0.0,0.0,0.0,0.0,0.0,0.0,0.0,0.0,6.201346234825825,2.40168794476658,-1.9403908155120022,0.0,0.0,0.0,0.0,0.0,0.0,0.0,0.0,0.0,0.0,0.0,False,DISABLED,0,nan,nan,nan,nan,nan,nan,nan,nan,nan,nan,nan,nan,nan,nan,nan,nan,nan,nan,nan,nan,nan,nan,nan,nan,nan,nan,nan,nan,nan,nan,nan,nan,nan,nan,18.024771915494068,19.75749278315498,0.10674891295698791,0.022282952441964675,0.022282952441964675,0.022282952441964675,18.00512758364978,19.843824109197197,0.14897505562062935,0.01964433184428671,-0.08633132604221672,-0.04222614266364144,0.08853811399513761,0.0980920218675616,0.02991199493408203,False,DISABLED,none,MODEL_ORIGIN_FRAME_NOT_ESTABLISHED,nan,nan,nan,nan,nan,nan,nan,nan,nan,nan,nan,nan,nan,NOT_EVALUATED,nan,nan,nan,nan,DISABLED,nan,nan,nan,nan,nan,nan
1791471075.2361572,1791471075.2623723,1791471075.2680383,1791471075.2680643,front_rgbd_red_sphere,True,True,True,,84.052,84.052,1791471075.2623723,1791471075.2571833,1791471075.2361572,1791471075.2361572,1791471075.2361572,0.0,1791471074.2321641,1791471075.252178,1791471075.244155,1791471075.252178,1791471075.244155,1791471075.252178,1791471074.228159,1791471075.252178,1791471074.2321641,1791471075.252178,1791470991.1841571,GAZEBO_CLOCK_SYSTEM_INTERPOLATION,MAPPED_EXACT,0,84.052,1791471075.2361572,0.0013651847839355469,0.0,RGB,0.0,0,1,0,UNCALIBRATED,PREPARATION,MID,TURNING,1.0,421,1.0,6.924894332885742,0.4665960669517517,nan,nan,False,0.0,0.0,0.0,0.0,0,0,0,0,0,0.0,0.0,0.0,0.0,0.0,0.0,0.0,0.0,0.0,0.0,0.0,0.0,0.0,0.0,6.184655919102721,2.4383251654786466,-1.9387535627745858,0.0,0.0,0.0,0.0,0.0,0.0,0.0,0.0,0.0,0.0,0.0,False,DISABLED,0,nan,nan,nan,nan,nan,nan,nan,nan,nan,nan,nan,nan,nan,nan,nan,nan,nan,nan,nan,nan,nan,nan,nan,nan,nan,nan,nan,nan,nan,nan,nan,nan,nan,nan,18.222964971166164,19.79147904447598,0.10782814329057638,0.022275247581746507,0.022275247581746507,0.022275247581746507,18.209914082012826,19.87981407193584,0.14985483777207664,0.013050889153337408,-0.0883350274598591,-0.04202669448150026,0.08929391235704012,0.09868964400112165,0.026215076446533203,False,DISABLED,none,MODEL_ORIGIN_FRAME_NOT_ESTABLISHED,nan,nan,nan,nan,nan,nan,nan,nan,nan,nan,nan,nan,nan,NOT_EVALUATED,nan,nan,nan,nan,DISABLED,nan,nan,nan,nan,nan,nan
1791471075.2841623,1791471075.3159993,1791471075.3256834,1791471075.325715,front_rgbd_red_sphere,True,True,True,,84.1,84.1,1791471075.3159993,1791471075.3039532,1791471075.2841623,1791471075.2841623,1791471075.2841623,0.0,1791471074.3121572,1791471075.3081646,1791471075.300155,1791471075.3081646,1791471075.3041549,1791471075.3121583,1791471074.3081644,1791471075.3081646,1791471074.3121572,1791471075.3121583,1791470991.1841624,GAZEBO_CLOCK_SYSTEM_INTERPOLATION,MAPPED_EXACT,0,84.1,1791471075.2841623,0.002613067626953125,0.0,RGB,0.0,0,1,0,UNCALIBRATED,PREPARATION,MID,TURNING,1.0,420,1.0,6.93267297744751,0.4705923795700073,nan,nan,False,0.0,0.0,0.0,0.0,0,0,0,0,0,0.0,0.0,0.0,0.0,0.0,0.0,0.0,0.0,0.0,0.0,0.0,0.0,0.0,0.0,6.1790903922314,2.4807889333475086,-1.9304099884605748,0.0,0.0,0.0,0.0,0.0,0.0,0.0,0.0,0.0,0.0,0.0,False,DISABLED,0,nan,nan,nan,nan,nan,nan,nan,nan,nan,nan,nan,nan,nan,nan,nan,nan,nan,nan,nan,nan,nan,nan,nan,nan,nan,nan,nan,nan,nan,nan,nan,nan,nan,nan,18.422362925480826,19.821305147058847,0.10774306842743725,0.02229847220758507,0.02229847220758507,0.02229847220758507,18.399542793012007,19.908840012438716,0.1498073100589703,0.02282013246881931,-0.08753486537986888,-0.04206424163153305,0.09046054998155952,0.09976227506929775,0.03183698654174805,False,DISABLED,none,MODEL_ORIGIN_FRAME_NOT_ESTABLISHED,nan,nan,nan,nan,nan,nan,nan,nan,nan,nan,nan,nan,nan,NOT_EVALUATED,nan,nan,nan,nan,DISABLED,nan,nan,nan,nan,nan,nan
1791471075.3361578,1791471075.3624327,1791471075.3670273,1791471075.3670561,front_rgbd_red_sphere,True,True,True,,84.152,84.152,1791471075.3624327,1791471075.3513358,1791471075.3361578,1791471075.3361578,1791471075.3361578,0.0,1791471074.3521705,1791471075.3481746,1791471075.340155,1791471075.3481746,1791471075.3441548,1791471075.352175,1791471074.332165,1791471075.3481746,1791471074.3521705,1791471075.352175,1791470991.1841578,GAZEBO_CLOCK_SYSTEM_INTERPOLATION,MAPPED_EXACT,0,84.152,1791471075.3361578,0.002565622329711914,0.0,RGB,0.0,0,1,0,UNCALIBRATED,PREPARATION,MID,TURNING,1.0,422,1.0,6.928586006164551,0.4748194217681885,nan,nan,False,0.0,0.0,0.0,0.0,0,0,0,0,0,0.0,0.0,0.0,0.0,0.0,0.0,0.0,0.0,0.0,0.0,0.0,0.0,0.0,0.0,6.1621132699864525,2.5144002482740033,-1.9265139056664928,0.0,0.0,0.0,0.0,0.0,0.0,0.0,0.0,0.0,0.0,0.0,False,DISABLED,0,nan,nan,nan,nan,nan,nan,nan,nan,nan,nan,nan,nan,nan,nan,nan,nan,nan,nan,nan,nan,nan,nan,nan,nan,nan,nan,nan,nan,nan,nan,nan,nan,nan,nan,18.620903731131342,19.846497078446934,0.10665866263009166,0.022286268088587656,0.022286268088587656,0.022286268088587656,18.605986604298522,19.935556685262444,0.1487637472986548,0.014917126832820315,-0.0890596068155105,-0.042105084668563136,0.09030024495581268,0.09963419289594633,0.026274919509887695,False,DISABLED,none,MODEL_ORIGIN_FRAME_NOT_ESTABLISHED,nan,nan,nan,nan,nan,nan,nan,nan,nan,nan,nan,nan,nan,NOT_EVALUATED,nan,nan,nan,nan,DISABLED,nan,nan,nan,nan,nan,nan
1791471075.3841605,1791471075.4142652,1791471075.419395,1791471075.4194338,front_rgbd_red_sphere,True,True,True,,84.2,84.2,1791471075.4142652,1791471075.4033465,1791471075.3841605,1791471075.3841605,1791471075.3841605,0.0,1791471074.392179,1791471075.388188,1791471075.3801548,1791471075.388188,1791471075.384155,1791471075.3921804,1791471074.3881733,1791471075.388188,1791471074.392179,1791471075.3921804,1791470991.1841605,GAZEBO_CLOCK_SYSTEM_INTERPOLATION,MAPPED_EXACT,0,84.2,1791471075.3841605,0.0023741722106933594,0.0,RGB,0.0,0,1,0,UNCALIBRATED,PREPARATION,MID,TURNING,1.0,425,1.0,6.934957504272461,0.47799262404441833,nan,nan,False,0.0,0.0,0.0,0.0,0,0,0,0,0,0.0,0.0,0.0,0.0,0.0,0.0,0.0,0.0,0.0,0.0,0.0,0.0,0.0,0.0,6.157688094669926,2.5542102383152834,-1.9111570478512945,0.0,0.0,0.0,0.0,0.0,0.0,0.0,0.0,0.0,0.0,0.0,False,DISABLED,0,nan,nan,nan,nan,nan,nan,nan,nan,nan,nan,nan,nan,nan,nan,nan,nan,nan,nan,nan,nan,nan,nan,nan,nan,nan,nan,nan,nan,nan,nan,nan,nan,nan,nan,18.82074390645365,19.86739046194984,0.10453369205235769,0.02230529519680216,0.02230529519680216,0.02230529519680216,18.79677472252897,19.95608953873223,0.14694785396747262,0.023969183924680948,-0.08869907678239031,-0.042414161915114934,0.09188061819591527,0.10119787117832638,0.030104637145996094,False,DISABLED,none,MODEL_ORIGIN_FRAME_NOT_ESTABLISHED,nan,nan,nan,nan,nan,nan,nan,nan,nan,nan,nan,nan,nan,NOT_EVALUATED,nan,nan,nan,nan,DISABLED,nan,nan,nan,nan,nan,nan
1791471075.4361627,1791471075.4661405,1791471075.4709601,1791471075.4709828,front_rgbd_red_sphere,True,True,True,,84.252,84.252,1791471075.4573193,1791471075.4661405,1791471075.4361627,1791471075.4361627,1791471075.4361627,0.0,1791471074.4521608,1791471075.4521677,1791471075.444155,1791471075.4521677,1791471075.444155,1791471075.4521677,1791471074.4521608,1791471075.4521677,1791471074.4521608,1791471075.4521677,1791470991.1841626,GAZEBO_CLOCK_SYSTEM_INTERPOLATION,MAPPED_EXACT,0,84.252,1791471075.4361627,0.002432584762573242,0.0,RGB,0.0,0,1,0,UNCALIBRATED,PREPARATION,MID,TURNING,1.0,423,1.0,6.930365562438965,0.48147040605545044,nan,nan,False,0.0,0.0,0.0,0.0,0,0,0,0,0,0.0,0.0,0.0,0.0,0.0,0.0,0.0,0.0,0.0,0.0,0.0,0.0,0.0,0.0,6.14248663766497,2.586171337877772,-1.9004056360825965,0.0,0.0,0.0,0.0,0.0,0.0,0.0,0.0,0.0,0.0,0.0,False,DISABLED,0,nan,nan,nan,nan,nan,nan,nan,nan,nan,nan,nan,nan,nan,nan,nan,nan,nan,nan,nan,nan,nan,nan,nan,nan,nan,nan,nan,nan,nan,nan,nan,nan,nan,nan,19.02075146836971,19.88354224829181,0.10147550351083373,0.02229158137499173,0.02229158137499173,0.02229158137499173,19.004138768689618,19.973712008296324,0.14400911232591607,0.016612699680091936,-0.09016976000451393,-0.042533608815082335,0.09168733505742528,0.10107262383438465,0.029977798461914062,False,DISABLED,none,MODEL_ORIGIN_FRAME_NOT_ESTABLISHED,nan,nan,nan,nan,nan,nan,nan,nan,nan,nan,nan,nan,nan,NOT_EVALUATED,nan,nan,nan,nan,DISABLED,nan,nan,nan,nan,nan,nan
1791471075.4841623,1791471075.5102444,1791471075.5146163,1791471075.5146353,front_rgbd_red_sphere,True,True,True,,84.3,84.3,1791471075.5102444,1791471075.498878,1791471075.4841623,1791471075.4841623,1791471075.4841623,0.0,1791471074.4721634,1791471075.4921672,1791471075.484155,1791471075.4921672,1791471075.484155,1791471075.4921672,1791471074.4681687,1791471075.4921672,1791471074.4721634,1791471075.4921672,1791470991.1841624,GAZEBO_CLOCK_SYSTEM_INTERPOLATION,MAPPED_EXACT,0,84.3,1791471075.4841623,0.002414703369140625,0.0,RGB,0.0,0,1,0,UNCALIBRATED,PREPARATION,MID,TURNING,1.0,430,1.0,6.935718536376953,0.4843158423900604,nan,nan,False,0.0,0.0,0.0,0.0,0,0,0,0,0,0.0,0.0,0.0,0.0,0.0,0.0,0.0,0.0,0.0,0.0,0.0,0.0,0.0,0.0,6.138067222577375,2.623863091978735,-1.882462522706509,0.0,0.0,0.0,0.0,0.0,0.0,0.0,0.0,0.0,0.0,0.0,False,DISABLED,0,nan,nan,nan,nan,nan,nan,nan,nan,nan,nan,nan,nan,nan,nan,nan,nan,nan,nan,nan,nan,nan,nan,nan,nan,nan,nan,nan,nan,nan,nan,nan,nan,nan,nan,19.22101221594167,19.89520227149479,0.0974062596516641,0.02230756888178061,0.02230756888178061,0.02230756888178061,19.195736793187784,19.98597756560939,0.14046869276826063,0.025275422753885834,-0.09077529411460006,-0.04306243311659652,0.0942284512075827,0.10360199883641794,0.02608203887939453,False,DISABLED,none,MODEL_ORIGIN_FRAME_NOT_ESTABLISHED,nan,nan,nan,nan,nan,nan,nan,nan,nan,nan,nan,nan,nan,NOT_EVALUATED,nan,nan,nan,nan,DISABLED,nan,nan,nan,nan,nan,nan
1791471075.53616,1791471075.557556,1791471075.5621321,1791471075.5621521,front_rgbd_red_sphere,True,True,True,,84.352,84.352,1791471075.557556,1791471075.5561054,1791471075.53616,1791471075.53616,1791471075.53616,0.0,1791471074.5521734,1791471075.5481868,1791471075.540155,1791471075.5481868,1791471075.544155,1791471075.5521884,1791471074.5481725,1791471075.5481868,1791471074.5521734,1791471075.5521884,1791470991.18416,GAZEBO_CLOCK_SYSTEM_INTERPOLATION,MAPPED_EXACT,0,84.352,1791471075.53616,0.0028290748596191406,0.0,RGB,0.0,0,1,0,UNCALIBRATED,PREPARATION,MID,TURNING,1.0,429,1.0,6.930293083190918,0.4873446226119995,nan,nan,False,0.0,0.0,0.0,0.0,0,0,0,0,0,0.0,0.0,0.0,0.0,0.0,0.0,0.0,0.0,0.0,0.0,0.0,0.0,0.0,0.0,6.123464404581373,2.6514421114986337,-1.8713631630210317,0.0,0.0,0.0,0.0,0.0,0.0,0.0,0.0,0.0,0.0,0.0,False,DISABLED,0,nan,nan,nan,nan,nan,nan,nan,nan,nan,nan,nan,nan,nan,nan,nan,nan,nan,nan,nan,nan,nan,nan,nan,nan,nan,nan,nan,nan,nan,nan,nan,nan,nan,nan,19.421188162944947,19.90233951431448,0.09250435288207287,0.022291365037325334,0.022291365037325334,0.022291365037325334,19.40353255475328,19.994772651184686,0.1357088720688831,0.017655608191667227,-0.0924331368702056,-0.04320451918681023,0.09410422568771197,0.1035482291999592,0.02139592170715332,False,DISABLED,none,MODEL_ORIGIN_FRAME_NOT_ESTABLISHED,nan,nan,nan,nan,nan,nan,nan,nan,nan,nan,nan,nan,nan,NOT_EVALUATED,nan,nan,nan,nan,DISABLED,nan,nan,nan,nan,nan,nan
1791471075.5841591,1791471075.6139479,1791471075.6189094,1791471075.618933,front_rgbd_red_sphere,True,True,True,,84.4,84.4,1791471075.6139479,1791471075.6023796,1791471075.5841591,1791471075.5841591,1791471075.5841591,0.0,1791471074.5921638,1791471075.5881743,1791471075.580155,1791471075.5881743,1791471075.5841548,1791471075.592177,1791471074.5881684,1791471075.5881743,1791471074.5921638,1791471075.592177,1791470991.184159,GAZEBO_CLOCK_SYSTEM_INTERPOLATION,MAPPED_EXACT,0,84.4,1791471075.5841591,0.0021829605102539062,0.0,RGB,0.0,0,1,0,UNCALIBRATED,PREPARATION,MID,TURNING,1.0,430,1.0,6.9345550537109375,0.4895032048225403,nan,nan,False,0.0,0.0,0.0,0.0,0,0,0,0,0,0.0,0.0,0.0,0.0,0.0,0.0,0.0,0.0,0.0,0.0,0.0,0.0,0.0,0.0,6.120206316061591,2.6837935556347245,-1.8515885834940708,0.0,0.0,0.0,0.0,0.0,0.0,0.0,0.0,0.0,0.0,0.0,False,DISABLED,0,nan,nan,nan,nan,nan,nan,nan,nan,nan,nan,nan,nan,nan,nan,nan,nan,nan,nan,nan,nan,nan,nan,nan,nan,nan,nan,nan,nan,nan,nan,nan,nan,nan,nan,19.621416819200107,19.90532871007944,0.08664867781169067,0.022304093398470295,0.022304093398470295,0.022304093398470295,19.595422178350965,19.999034585395606,0.1305343895869154,0.025994640849141604,-0.09370587531616437,-0.04388571177522474,0.09724460098969198,0.10668865037885944,0.029788732528686523,False,DISABLED,none,MODEL_ORIGIN_FRAME_NOT_ESTABLISHED,nan,nan,nan,nan,nan,nan,nan,nan,nan,nan,nan,nan,nan,NOT_EVALUATED,nan,nan,nan,nan,DISABLED,nan,nan,nan,nan,nan,nan
1791471075.6361587,1791471075.666994,1791471075.671633,1791471075.6716576,front_rgbd_red_sphere,True,True,True,,84.452,84.452,1791471075.666994,1791471075.6660583,1791471075.6361587,1791471075.6361587,1791471075.6361587,0.0,1791471074.632171,1791471075.6521735,1791471075.644155,1791471075.6521735,1791471075.644155,1791471075.6521735,1791471074.6281598,1791471075.6521735,1791471074.632171,1791471075.6521735,1791470991.1841588,GAZEBO_CLOCK_SYSTEM_INTERPOLATION,MAPPED_EXACT,0,84.452,1791471075.6361587,0.0030884742736816406,0.0,RGB,0.0,0,1,0,UNCALIBRATED,PREPARATION,MID,TURNING,1.0,431,1.0,6.928359508514404,0.49192601442337036,nan,nan,False,0.0,0.0,0.0,0.0,0,0,0,0,0,0.0,0.0,0.0,0.0,0.0,0.0,0.0,0.0,0.0,0.0,0.0,0.0,0.0,0.0,6.106827938810168,2.7063106029176343,-1.8397561169808323,0.0,0.0,0.0,0.0,0.0,0.0,0.0,0.0,0.0,0.0,0.0,False,DISABLED,0,nan,nan,nan,nan,nan,nan,nan,nan,nan,nan,nan,nan,nan,nan,nan,nan,nan,nan,nan,nan,nan,nan,nan,nan,nan,nan,nan,nan,nan,nan,nan,nan,nan,nan,19.821475637939262,19.90403197381798,0.08040330048869399,0.022285592115869238,0.022285592115869238,0.022285592115869238,19.803422023010615,19.999329927300607,0.12406836254786884,0.018053614928646766,-0.09529795348262837,-0.04366506205917485,0.09699295309438237,0.10636856017922143,0.030835390090942383,False,DISABLED,none,MODEL_ORIGIN_FRAME_NOT_ESTABLISHED,nan,nan,nan,nan,nan,nan,nan,nan,nan,nan,nan,nan,nan,NOT_EVALUATED,nan,nan,nan,nan,DISABLED,nan,nan,nan,nan,nan,nan
1791471075.6841595,1791471075.7132678,1791471075.7163105,1791471075.7163298,front_rgbd_red_sphere,True,True,True,,84.5,84.5,1791471075.7132678,1791471075.7021391,1791471075.6841595,1791471075.6841595,1791471075.6841595,0.0,1791471074.6721601,1791471075.6921673,1791471075.684155,1791471075.6921673,1791471075.684155,1791471075.6921673,1791471074.668161,1791471075.6921673,1791471074.6721601,1791471075.6921673,1791470991.1841595,GAZEBO_CLOCK_SYSTEM_INTERPOLATION,MAPPED_EXACT,0,84.5,1791471075.6841595,0.0013327598571777344,0.0,RGB,0.0,0,1,0,UNCALIBRATED,PREPARATION,MID,TURNING,1.0,436,1.0,6.9321088790893555,0.4938265383243561,nan,nan,False,0.0,0.0,0.0,0.0,0,0,0,0,0,0.0,0.0,0.0,0.0,0.0,0.0,0.0,0.0,0.0,0.0,0.0,0.0,0.0,0.0,6.103898703300651,2.733526277062446,-1.823289900321386,0.0,0.0,0.0,0.0,0.0,0.0,0.0,0.0,0.0,0.0,0.0,False,DISABLED,0,nan,nan,nan,nan,nan,nan,nan,nan,nan,nan,nan,nan,nan,nan,nan,nan,nan,nan,nan,nan,nan,nan,nan,nan,nan,nan,nan,nan,nan,nan,nan,nan,nan,nan,20.021486773582705,19.898906702673337,0.07323648799222943,0.022296787091693054,0.022296787091693054,0.022296787091693054,19.995398715927575,19.995900664446143,0.11738409263635831,0.026088057655130115,-0.09699396177280661,-0.04414760464412888,0.10044110399931924,0.10971520573018297,0.029108285903930664,False,DISABLED,none,MODEL_ORIGIN_FRAME_NOT_ESTABLISHED,nan,nan,nan,nan,nan,nan,nan,nan,nan,nan,nan,nan,nan,NOT_EVALUATED,nan,nan,nan,nan,DISABLED,nan,nan,nan,nan,nan,nan
1791471075.7361603,1791471075.7630432,1791471075.7698863,1791471075.769926,front_rgbd_red_sphere,True,True,True,,84.552,84.552,1791471075.7630432,1791471075.7518692,1791471075.7361603,1791471075.7361603,1791471075.7361603,0.0,1791471074.7321653,1791471075.7481825,1791471075.740155,1791471075.7481825,1791471075.744155,1791471075.7521777,1791471074.7321653,1791471075.7481825,1791471074.7321653,1791471075.7521777,1791470991.1841602,GAZEBO_CLOCK_SYSTEM_INTERPOLATION,MAPPED_EXACT,0,84.552,1791471075.7361603,0.003304719924926758,0.0,RGB,0.0,0,1,0,UNCALIBRATED,PREPARATION,MID,TURNING,1.0,439,1.0,6.924839496612549,0.4955888092517853,nan,nan,False,0.0,0.0,0.0,0.0,0,0,0,0,0,0.0,0.0,0.0,0.0,0.0,0.0,0.0,0.0,0.0,0.0,0.0,0.0,0.0,0.0,6.0917040497277775,2.7495332737835065,-1.812348968476119,0.0,0.0,0.0,0.0,0.0,0.0,0.0,0.0,0.0,0.0,0.0,False,DISABLED,0,nan,nan,nan,nan,nan,nan,nan,nan,nan,nan,nan,nan,nan,nan,nan,nan,nan,nan,nan,nan,nan,nan,nan,nan,nan,nan,nan,nan,nan,nan,nan,nan,nan,nan,20.221174684168194,19.889931174951787,0.06534637546162442,0.022275083008311294,0.022275083008311294,0.022275083008311294,20.203245122242958,19.98804113976516,0.1093706843559504,0.01792956192523576,-0.09810996481337142,-0.044024308894325986,0.09973482033127569,0.10901914584207158,0.02688288688659668,False,DISABLED,none,MODEL_ORIGIN_FRAME_NOT_ESTABLISHED,nan,nan,nan,nan,nan,nan,nan,nan,nan,nan,nan,nan,nan,NOT_EVALUATED,nan,nan,nan,nan,DISABLED,nan,nan,nan,nan,nan,nan
1791471075.7841604,1791471075.8135774,1791471075.819638,1791471075.819669,front_rgbd_red_sphere,True,True,True,,84.6,84.6,1791471075.8135774,1791471075.801258,1791471075.7841604,1791471075.7841604,1791471075.7841604,0.0,1791471074.7721624,1791471075.7881725,1791471075.780185,1791471075.7881725,1791471075.784185,1791471075.7921643,1791471074.7721624,1791471075.7881725,1791471074.7721624,1791471075.7921643,1791470991.1841605,GAZEBO_CLOCK_SYSTEM_INTERPOLATION,MAPPED_EXACT,0,84.6,1791471075.7841604,0.001766204833984375,0.0,RGB,0.0,0,1,0,UNCALIBRATED,PREPARATION,MID,TURNING,1.0,440,1.0,6.927753925323486,0.49636927247047424,nan,nan,False,0.0,0.0,0.0,0.0,0,0,0,0,0,0.0,0.0,0.0,0.0,0.0,0.0,0.0,0.0,0.0,0.0,0.0,0.0,0.0,0.0,6.0916948095324255,2.771753753425313,-1.789527777991587,0.0,0.0,0.0,0.0,0.0,0.0,0.0,0.0,0.0,0.0,0.0,False,DISABLED,0,nan,nan,nan,nan,nan,nan,nan,nan,nan,nan,nan,nan,nan,nan,nan,nan,nan,nan,nan,nan,nan,nan,nan,nan,nan,nan,nan,nan,nan,nan,nan,nan,nan,nan,20.421573817570135,19.877500337411,0.05665768674694688,0.022283783669580372,0.022283783669580372,0.022283783669580372,20.394705905224985,19.977273548853386,0.10135415680843791,0.026867912345149847,-0.09977321144238616,-0.044696470061491037,0.10332752990037918,0.11258042845571124,0.029417037963867188,False,DISABLED,none,MODEL_ORIGIN_FRAME_NOT_ESTABLISHED,nan,nan,nan,nan,nan,nan,nan,nan,nan,nan,nan,nan,nan,NOT_EVALUATED,nan,nan,nan,nan,DISABLED,nan,nan,nan,nan,nan,nan
1791471075.8361654,1791471075.8678803,1791471075.8711233,1791471075.8711498,front_rgbd_red_sphere,True,True,True,,84.652,84.652,1791471075.8579242,1791471075.8678803,1791471075.8361654,1791471075.8361654,1791471075.8361654,0.0,1791471074.8321645,1791471075.852169,1791471075.8441849,1791471075.852169,1791471075.8441849,1791471075.852169,1791471074.8281615,1791471075.852169,1791471074.8321645,1791471075.852169,1791470991.1841655,GAZEBO_CLOCK_SYSTEM_INTERPOLATION,MAPPED_EXACT,0,84.652,1791471075.8361654,0.003950357437133789,0.0,RGB,0.0,0,1,0,UNCALIBRATED,PREPARATION,MID,TURNING,1.0,438,1.0,6.919296741485596,0.4972071647644043,nan,nan,False,0.0,0.0,0.0,0.0,0,0,0,0,0,0.0,0.0,0.0,0.0,0.0,0.0,0.0,0.0,0.0,0.0,0.0,0.0,0.0,0.0,6.0814951520438525,2.7831256312169295,-1.7737802044013153,0.0,0.0,0.0,0.0,0.0,0.0,0.0,0.0,0.0,0.0,0.0,False,DISABLED,0,nan,nan,nan,nan,nan,nan,nan,nan,nan,nan,nan,nan,nan,nan,nan,nan,nan,nan,nan,nan,nan,nan,nan,nan,nan,nan,nan,nan,nan,nan,nan,nan,nan,nan,20.620724876473233,19.86083887022513,0.04751295729888755,0.02225854160804193,0.02225854160804193,0.02225854160804193,20.602380135005575,19.96161578836346,0.09197898163255862,0.018344741467657855,-0.10077691813832956,-0.04446602433367107,0.10243298672290477,0.11166800835072421,0.03171491622924805,False,DISABLED,none,MODEL_ORIGIN_FRAME_NOT_ESTABLISHED,nan,nan,nan,nan,nan,nan,nan,nan,nan,nan,nan,nan,nan,NOT_EVALUATED,nan,nan,nan,nan,DISABLED,nan,nan,nan,nan,nan,nan
1791471075.8841596,1791471075.9046235,1791471075.9089334,1791471075.9089532,front_rgbd_red_sphere,True,True,True,,84.7,84.7,1791471075.9046235,1791471075.903814,1791471075.8841596,1791471075.8841596,1791471075.8841596,0.0,1791471074.87216,1791471075.892164,1791471075.8841848,1791471075.892164,1791471075.8841848,1791471075.892164,1791471074.868159,1791471075.892164,1791471074.87216,1791471075.892164,1791470991.1841595,GAZEBO_CLOCK_SYSTEM_INTERPOLATION,MAPPED_EXACT,0,84.7,1791471075.8841596,0.0008168220520019531,0.0,RGB,0.0,0,1,0,UNCALIBRATED,PREPARATION,MID,TURNING,1.0,439,1.0,6.921286582946777,0.4975152313709259,nan,nan,False,0.0,0.0,0.0,0.0,0,0,0,0,0,0.0,0.0,0.0,0.0,0.0,0.0,0.0,0.0,0.0,0.0,0.0,0.0,0.0,0.0,6.082226791874422,2.800565677023627,-1.751444729811725,0.0,0.0,0.0,0.0,0.0,0.0,0.0,0.0,0.0,0.0,0.0,False,DISABLED,0,nan,nan,nan,nan,nan,nan,nan,nan,nan,nan,nan,nan,nan,nan,nan,nan,nan,nan,nan,nan,nan,nan,nan,nan,nan,nan,nan,nan,nan,nan,nan,nan,nan,nan,20.819981336983645,19.840800967941963,0.03784962840543221,0.02226447966048899,0.02226447966048899,0.02226447966048899,20.793365420791062,19.943841874320395,0.08281490392342956,0.026615916192582745,-0.10304090637843188,-0.04496527551799735,0.10642290816388807,0.1155322958504191,0.020463943481445312,False,DISABLED,none,MODEL_ORIGIN_FRAME_NOT_ESTABLISHED,nan,nan,nan,nan,nan,nan,nan,nan,nan,nan,nan,nan,nan,NOT_EVALUATED,nan,nan,nan,nan,DISABLED,nan,nan,nan,nan,nan,nan
1791471075.9361603,1791471075.9519472,1791471075.9603915,1791471075.960416,front_rgbd_red_sphere,True,True,True,,84.752,84.752,1791471075.9519472,1791471075.9510536,1791471075.9361603,1791471075.9361603,1791471075.9361603,0.0,1791471074.9521732,1791471075.9481695,1791471075.9401848,1791471075.9481695,1791471075.944185,1791471075.9521775,1791471074.9481657,1791471075.9481695,1791471074.9521732,1791471075.9521775,1791470991.1841602,GAZEBO_CLOCK_SYSTEM_INTERPOLATION,MAPPED_EXACT,0,84.752,1791471075.9361603,0.0012352466583251953,0.0,RGB,0.0,0,1,0,UNCALIBRATED,PREPARATION,MID,TURNING,1.0,443,1.0,6.912415981292725,0.4975971579551697,nan,nan,False,0.0,0.0,0.0,0.0,0,0,0,0,0,0.0,0.0,0.0,0.0,0.0,0.0,0.0,0.0,0.0,0.0,0.0,0.0,0.0,0.0,6.0741611480523865,2.806147946721974,-1.735394466549434,0.0,0.0,0.0,0.0,0.0,0.0,0.0,0.0,0.0,0.0,0.0,False,DISABLED,0,nan,nan,nan,nan,nan,nan,nan,nan,nan,nan,nan,nan,nan,nan,nan,nan,nan,nan,nan,nan,nan,nan,nan,nan,nan,nan,nan,nan,nan,nan,nan,nan,nan,nan,21.018381025357968,19.817552893266125,0.027930749335442207,0.022238014868942533,0.022238014868942533,0.022238014868942533,21.00028068911449,19.92079418390063,0.07232307069398838,0.018100336243477955,-0.10324129063450371,-0.04439232135854618,0.10481596378417281,0.11382910198892662,0.01578688621520996,False,DISABLED,none,MODEL_ORIGIN_FRAME_NOT_ESTABLISHED,nan,nan,nan,nan,nan,nan,nan,nan,nan,nan,nan,nan,nan,NOT_EVALUATED,nan,nan,nan,nan,DISABLED,nan,nan,nan,nan,nan,nan
1791471075.9841697,1791471076.00678,1791471076.0099368,1791471076.0099597,front_rgbd_red_sphere,True,True,True,,84.8,84.8,1791471076.00678,1791471076.0052323,1791471075.9841697,1791471075.9841697,1791471075.9841697,0.0,1791471074.992179,1791471075.9881814,1791471075.980185,1791471075.9881814,1791471075.984185,1791471075.9921858,1791471074.9881759,1791471075.9881814,1791471074.992179,1791471075.9921858,1791470991.1841698,GAZEBO_CLOCK_SYSTEM_INTERPOLATION,MAPPED_EXACT,0,84.8,1791471075.9841697,0.00281524658203125,0.0,RGB,0.0,0,1,0,UNCALIBRATED,PREPARATION,MID,TURNING,1.0,441,1.0,6.913573741912842,0.49699637293815613,nan,nan,False,0.0,0.0,0.0,0.0,0,0,0,0,0,0.0,0.0,0.0,0.0,0.0,0.0,0.0,0.0,0.0,0.0,0.0,0.0,0.0,0.0,6.077160036464689,2.8173132311804054,-1.7112491391249152,0.0,0.0,0.0,0.0,0.0,0.0,0.0,0.0,0.0,0.0,0.0,False,DISABLED,0,nan,nan,nan,nan,nan,nan,nan,nan,nan,nan,nan,nan,nan,nan,nan,nan,nan,nan,nan,nan,nan,nan,nan,nan,nan,nan,nan,nan,nan,nan,nan,nan,nan,nan,21.216203873603845,19.791076326020967,0.017433064937447063,0.02224146810709602,0.02224146810709602,0.02224146810709602,21.19074305060872,19.89634785143795,0.06222784758701438,0.0254608229951252,-0.1052715254169847,-0.044794782649567315,0.10830672911323633,0.11720460794623191,0.022610187530517578,False,DISABLED,none,MODEL_ORIGIN_FRAME_NOT_ESTABLISHED,nan,nan,nan,nan,nan,nan,nan,nan,nan,nan,nan,nan,nan,NOT_EVALUATED,nan,nan,nan,nan,DISABLED,nan,nan,nan,nan,nan,nan
1791471076.0361576,1791471076.0679524,1791471076.0714378,1791471076.0714607,front_rgbd_red_sphere,True,True,True,,84.852,84.852,1791471076.0593822,1791471076.0679524,1791471076.0361576,1791471076.0361576,1791471076.0361576,0.0,1791471075.052166,1791471076.0521681,1791471076.044185,1791471076.0521681,1791471076.044185,1791471076.0521681,1791471075.052166,1791471076.0521681,1791471075.052166,1791471076.0521681,1791470991.1841576,GAZEBO_CLOCK_SYSTEM_INTERPOLATION,MAPPED_EXACT,0,84.852,1791471076.0361576,0.0040667057037353516,0.0,RGB,0.0,0,1,0,UNCALIBRATED,PREPARATION,MID,TURNING,1.0,435,1.0,6.904135704040527,0.49647289514541626,nan,nan,False,0.0,0.0,0.0,0.0,0,0,0,0,0,0.0,0.0,0.0,0.0,0.0,0.0,0.0,0.0,0.0,0.0,0.0,0.0,0.0,0.0,6.070586162667597,2.8164661787690317,-1.697819783681462,0.0,0.0,0.0,0.0,0.0,0.0,0.0,0.0,0.0,0.0,0.0,False,DISABLED,0,nan,nan,nan,nan,nan,nan,nan,nan,nan,nan,nan,nan,nan,nan,nan,nan,nan,nan,nan,nan,nan,nan,nan,nan,nan,nan,nan,nan,nan,nan,nan,nan,nan,nan,21.413190524273148,19.76102657820717,0.006741563447952237,0.022213326171604292,0.022213326171604292,0.022213326171604292,21.396479322276782,19.86633911061711,0.050889995011071734,0.016711201996365332,-0.10531253240993976,-0.0441484315631195,0.10663017281594332,0.11540830890469447,0.03179478645324707,False,DISABLED,none,MODEL_ORIGIN_FRAME_NOT_ESTABLISHED,nan,nan,nan,nan,nan,nan,nan,nan,nan,nan,nan,nan,nan,NOT_EVALUATED,nan,nan,nan,nan,DISABLED,nan,nan,nan,nan,nan,nan
1791471076.0841591,1791471076.1168044,1791471076.122559,1791471076.1225805,front_rgbd_red_sphere,True,True,True,,84.9,84.9,1791471076.1074178,1791471076.1168044,1791471076.0841591,1791471076.0841591,1791471076.0841591,0.0,1791471075.0921757,1791471076.1081667,1791471076.100185,1791471076.1081667,1791471076.1041849,1791471076.1121585,1791471075.0921757,1791471076.1081667,1791471075.0921757,1791471076.1121585,1791470991.184159,GAZEBO_CLOCK_SYSTEM_INTERPOLATION,MAPPED_EXACT,0,84.9,1791471076.0841591,0.0019538402557373047,0.0,RGB,0.0,0,1,0,UNCALIBRATED,PREPARATION,MID,TURNING,1.0,441,1.0,6.90500020980835,0.4956451952457428,nan,nan,False,0.0,0.0,0.0,0.0,0,0,0,0,0,0.0,0.0,0.0,0.0,0.0,0.0,0.0,0.0,0.0,0.0,0.0,0.0,0.0,0.0,6.074066596021692,2.8208401293193517,-1.6815484190949868,0.0,0.0,0.0,0.0,0.0,0.0,0.0,0.0,0.0,0.0,0.0,False,DISABLED,0,nan,nan,nan,nan,nan,nan,nan,nan,nan,nan,nan,nan,nan,nan,nan,nan,nan,nan,nan,nan,nan,nan,nan,nan,nan,nan,nan,nan,nan,nan,nan,nan,nan,nan,21.609430309293103,19.72822828733347,-0.004345771003267218,0.02221590339232399,0.02221590339232399,0.02221590339232399,21.58603890525394,19.835606619521315,0.04012282467146862,0.023391404039163177,-0.10737833218784587,-0.044468595674735836,0.10989660598201728,0.11855260438999175,0.032645225524902344,False,DISABLED,none,MODEL_ORIGIN_FRAME_NOT_ESTABLISHED,nan,nan,nan,nan,nan,nan,nan,nan,nan,nan,nan,nan,nan,NOT_EVALUATED,nan,nan,nan,nan,DISABLED,nan,nan,nan,nan,nan,nan
1791471076.136158,1791471076.1612647,1791471076.164668,1791471076.1646874,front_rgbd_red_sphere,True,True,True,,84.952,84.952,1791471076.1526132,1791471076.1612647,1791471076.136158,1791471076.136158,1791471076.136158,0.0,1791471075.132158,1791471076.1481652,1791471076.1401849,1791471076.1481652,1791471076.1441848,1791471076.1521697,1791471075.132158,1791471076.1481652,1791471075.132158,1791471076.1521697,1791470991.184158,GAZEBO_CLOCK_SYSTEM_INTERPOLATION,MAPPED_EXACT,0,84.952,1791471076.136158,0.0012717247009277344,0.0,RGB,0.0,0,1,0,UNCALIBRATED,PREPARATION,MID,TURNING,1.0,435,1.0,6.895201206207275,0.4945240616798401,nan,nan,False,0.0,0.0,0.0,0.0,0,0,0,0,0,0.0,0.0,0.0,0.0,0.0,0.0,0.0,0.0,0.0,0.0,0.0,0.0,0.0,0.0,6.069119564686246,2.812670595119302,-1.6728633860652262,0.0,0.0,0.0,0.0,0.0,0.0,0.0,0.0,0.0,0.0,0.0,False,DISABLED,0,nan,nan,nan,nan,nan,nan,nan,nan,nan,nan,nan,nan,nan,nan,nan,nan,nan,nan,nan,nan,nan,nan,nan,nan,nan,nan,nan,nan,nan,nan,nan,nan,nan,nan,21.805249806839218,19.692542555328174,-0.01565426042563972,0.022186701984064666,0.022186701984064666,0.022186701984064666,21.790737902871435,19.798985462770602,0.028201477187529654,0.014511903967783013,-0.10644290744242824,-0.043855737613169375,0.10742759376234534,0.11603453633794836,0.02510666847229004,False,DISABLED,none,MODEL_ORIGIN_FRAME_NOT_ESTABLISHED,nan,nan,nan,nan,nan,nan,nan,nan,nan,nan,nan,nan,nan,NOT_EVALUATED,nan,nan,nan,nan,DISABLED,nan,nan,nan,nan,nan,nan
1791471076.1841576,1791471076.2017488,1791471076.2073233,1791471076.207361,front_rgbd_red_sphere,True,True,True,,85.0,85.0,1791471076.2017488,1791471076.2006547,1791471076.1841576,1791471076.1841576,1791471076.1841576,0.0,1791471075.1881716,1791471076.1881874,1791471076.1801848,1791471076.1881874,1791471076.184185,1791471076.192162,1791471075.1881716,1791471076.1881874,1791471075.172163,1791471076.192162,1791470991.1841576,GAZEBO_CLOCK_SYSTEM_INTERPOLATION,MAPPED_EXACT,0,85.0,1791471076.1841576,0.0019061565399169922,0.0,RGB,0.0,0,1,0,UNCALIBRATED,PREPARATION,MID,TURNING,1.0,436,1.0,6.895668983459473,0.4926537275314331,nan,nan,False,0.0,0.0,0.0,0.0,0,0,0,0,0,0.0,0.0,0.0,0.0,0.0,0.0,0.0,0.0,0.0,0.0,0.0,0.0,0.0,0.0,6.075641849073937,2.8117218828771815,-1.6525880124592904,0.0,0.0,0.0,0.0,0.0,0.0,0.0,0.0,0.0,0.0,0.0,False,DISABLED,0,nan,nan,nan,nan,nan,nan,nan,nan,nan,nan,nan,nan,nan,nan,nan,nan,nan,nan,nan,nan,nan,nan,nan,nan,nan,nan,nan,nan,nan,nan,nan,nan,nan,nan,22.000764757107458,19.653943094682965,-0.0273035882687242,0.02218809549710233,0.02218809549710233,0.02218809549710233,21.979099686355184,19.762356468734996,0.01703654848623001,0.021665070752273863,-0.10841337405203078,-0.04434013675495421,0.11055693087295149,0.11911709655416645,0.017591238021850586,False,DISABLED,none,MODEL_ORIGIN_FRAME_NOT_ESTABLISHED,nan,nan,nan,nan,nan,nan,nan,nan,nan,nan,nan,nan,nan,NOT_EVALUATED,nan,nan,nan,nan,DISABLED,nan,nan,nan,nan,nan,nan
1791471076.236163,1791471076.26021,1791471076.2667167,1791471076.2667413,front_rgbd_red_sphere,True,True,True,,85.052,85.052,1791471076.26021,1791471076.2574544,1791471076.236163,1791471076.236163,1791471076.236163,0.0,1791471075.232157,1791471076.252167,1791471076.244185,1791471076.252167,1791471076.244185,1791471076.252167,1791471075.2281632,1791471076.252167,1791471075.232157,1791471076.252167,1791470991.1841629,GAZEBO_CLOCK_SYSTEM_INTERPOLATION,MAPPED_EXACT,0,85.052,1791471076.236163,0.0016512870788574219,0.0,RGB,0.0,0,1,0,UNCALIBRATED,PREPARATION,MID,TURNING,1.0,436,1.0,6.885162353515625,0.49044549465179443,nan,nan,False,0.0,0.0,0.0,0.0,0,0,0,0,0,0.0,0.0,0.0,0.0,0.0,0.0,0.0,0.0,0.0,0.0,0.0,0.0,0.0,0.0,6.073560802393548,2.800132224422585,-1.6360252767375802,0.0,0.0,0.0,0.0,0.0,0.0,0.0,0.0,0.0,0.0,0.0,False,DISABLED,0,nan,nan,nan,nan,nan,nan,nan,nan,nan,nan,nan,nan,nan,nan,nan,nan,nan,nan,nan,nan,nan,nan,nan,nan,nan,nan,nan,nan,nan,nan,nan,nan,nan,nan,22.19578566420294,19.612321464577665,-0.038847649339321444,0.022156805692089263,0.022156805692089263,0.022156805692089263,22.18278740439829,19.71946536071862,0.004815076760813292,0.012998259804650303,-0.1071438961409541,-0.04366272610013473,0.10792946418014289,0.11642681344393195,0.024047136306762695,False,DISABLED,none,MODEL_ORIGIN_FRAME_NOT_ESTABLISHED,nan,nan,nan,nan,nan,nan,nan,nan,nan,nan,nan,nan,nan,NOT_EVALUATED,nan,nan,nan,nan,DISABLED,nan,nan,nan,nan,nan,nan
1791471076.2841568,1791471076.3041623,1791471076.3076828,1791471076.3077052,front_rgbd_red_sphere,True,True,True,,85.1,85.1,1791471076.3041623,1791471076.3025455,1791471076.2841568,1791471076.2841568,1791471076.2841568,0.0,1791471075.272165,1791471076.2921677,1791471076.284185,1791471076.2921677,1791471076.284185,1791471076.2921677,1791471075.2681947,1791471076.2921677,1791471075.272165,1791471076.2921677,1791470991.184157,GAZEBO_CLOCK_SYSTEM_INTERPOLATION,MAPPED_EXACT,0,85.1,1791471076.2841568,0.0004031658172607422,0.0,RGB,0.0,0,1,0,UNCALIBRATED,PREPARATION,MID,TURNING,1.0,437,1.0,6.885075569152832,0.48797762393951416,nan,nan,False,0.0,0.0,0.0,0.0,0,0,0,0,0,0.0,0.0,0.0,0.0,0.0,0.0,0.0,0.0,0.0,0.0,0.0,0.0,0.0,0.0,6.081469180262329,2.795839508370955,-1.6134687326869137,0.0,0.0,0.0,0.0,0.0,0.0,0.0,0.0,0.0,0.0,0.0,False,DISABLED,0,nan,nan,nan,nan,nan,nan,nan,nan,nan,nan,nan,nan,nan,nan,nan,nan,nan,nan,nan,nan,nan,nan,nan,nan,nan,nan,nan,nan,nan,nan,nan,nan,nan,nan,22.38968879557021,19.56787381584901,-0.05020364440925723,0.02215654783864851,0.02215654783864851,0.02215654783864851,22.370016337391604,19.677246132792742,-0.006483491752847051,0.019672458178604302,-0.10937231694373395,-0.04372015265641018,0.11112744631471348,0.1194184285306474,0.020005464553833008,False,DISABLED,none,MODEL_ORIGIN_FRAME_NOT_ESTABLISHED,nan,nan,nan,nan,nan,nan,nan,nan,nan,nan,nan,nan,nan,NOT_EVALUATED,nan,nan,nan,nan,DISABLED,nan,nan,nan,nan,nan,nan
1791471076.3361604,1791471076.3597095,1791471076.3641145,1791471076.364141,front_rgbd_red_sphere,True,True,True,,85.152,85.152,1791471076.3597095,1791471076.3576162,1791471076.3361604,1791471076.3361604,1791471076.3361604,0.0,1791471075.3481746,1791471076.3481784,1791471076.340185,1791471076.3481784,1791471076.3441849,1791471076.3521664,1791471075.3481746,1791471076.3481784,1791471075.3321602,1791471076.3521664,1791470991.1841605,GAZEBO_CLOCK_SYSTEM_INTERPOLATION,MAPPED_EXACT,0,85.152,1791471076.3361604,0.0008916854858398438,0.0,RGB,0.0,0,1,0,UNCALIBRATED,PREPARATION,MID,TURNING,1.0,437,1.0,6.874556541442871,0.48538875579833984,nan,nan,False,0.0,0.0,0.0,0.0,0,0,0,0,0,0.0,0.0,0.0,0.0,0.0,0.0,0.0,0.0,0.0,0.0,0.0,0.0,0.0,0.0,6.080501564458766,2.7783639012791808,-1.6024114804848981,0.0,0.0,0.0,0.0,0.0,0.0,0.0,0.0,0.0,0.0,0.0,False,DISABLED,0,nan,nan,nan,nan,nan,nan,nan,nan,nan,nan,nan,nan,nan,nan,nan,nan,nan,nan,nan,nan,nan,nan,nan,nan,nan,nan,nan,nan,nan,nan,nan,nan,nan,nan,22.58290271420208,19.520816125071104,-0.061202992608494655,0.022125243263911586,0.022125243263911586,0.022125243263911586,22.572277711034978,19.628519525473767,-0.0186860097653738,0.01062500316710313,-0.10770340040266291,-0.04251698284312086,0.10822621286267611,0.11627814489696468,0.02354907989501953,False,DISABLED,none,MODEL_ORIGIN_FRAME_NOT_ESTABLISHED,nan,nan,nan,nan,nan,nan,nan,nan,nan,nan,nan,nan,nan,NOT_EVALUATED,nan,nan,nan,nan,DISABLED,nan,nan,nan,nan,nan,nan
1791471076.3841586,1791471076.403813,1791471076.4076765,1791471076.4076977,front_rgbd_red_sphere,True,True,True,,85.2,85.2,1791471076.403813,1791471076.4020753,1791471076.3841586,1791471076.3841586,1791471076.3841586,0.0,1791471075.3721583,1791471076.3881657,1791471076.380185,1791471076.3881657,1791471076.3841848,1791471076.3921785,1791471075.3721583,1791471076.3881657,1791471075.3721583,1791471076.3921785,1791470991.1841586,GAZEBO_CLOCK_SYSTEM_INTERPOLATION,MAPPED_EXACT,0,85.2,1791471076.3841586,0.0039424896240234375,0.0,RGB,0.0,0,1,0,UNCALIBRATED,PREPARATION,MID,TURNING,1.0,435,1.0,6.874395847320557,0.48235148191452026,nan,nan,False,0.0,0.0,0.0,0.0,0,0,0,0,0,0.0,0.0,0.0,0.0,0.0,0.0,0.0,0.0,0.0,0.0,0.0,0.0,0.0,0.0,6.090072707686662,2.7670329404904734,-1.5848851905299612,0.0,0.0,0.0,0.0,0.0,0.0,0.0,0.0,0.0,0.0,0.0,False,DISABLED,0,nan,nan,nan,nan,nan,nan,nan,nan,nan,nan,nan,nan,nan,nan,nan,nan,nan,nan,nan,nan,nan,nan,nan,nan,nan,nan,nan,nan,nan,nan,nan,nan,nan,nan,22.77508231046913,19.471379276602207,-0.07231949535474941,0.02212476511307637,0.02212476511307637,0.02212476511307637,22.75829752067129,19.5810405141882,-0.02984053665780111,0.01678478979783904,-0.10966123758599267,-0.0424789586969483,0.11093834412613689,0.11879300538931664,0.019654273986816406,False,DISABLED,none,MODEL_ORIGIN_FRAME_NOT_ESTABLISHED,nan,nan,nan,nan,nan,nan,nan,nan,nan,nan,nan,nan,nan,NOT_EVALUATED,nan,nan,nan,nan,DISABLED,nan,nan,nan,nan,nan,nan
1791471076.4361641,1791471076.4665453,1791471076.4700863,1791471076.470108,front_rgbd_red_sphere,True,True,True,,85.252,85.252,1791471076.4597876,1791471076.4665453,1791471076.4361641,1791471076.4361641,1791471076.4361641,0.0,1791471075.4521677,1791471076.4521906,1791471076.444185,1791471076.4521906,1791471076.444185,1791471076.4521906,1791471075.4521677,1791471076.4521906,1791471075.4521677,1791471076.4521906,1791470991.184164,GAZEBO_CLOCK_SYSTEM_INTERPOLATION,MAPPED_EXACT,0,85.252,1791471076.4361641,0.0026082992553710938,0.0,RGB,0.0,0,1,0,UNCALIBRATED,PREPARATION,MID,TURNING,1.0,434,1.0,6.863738536834717,0.4791584312915802,nan,nan,False,0.0,0.0,0.0,0.0,0,0,0,0,0,0.0,0.0,0.0,0.0,0.0,0.0,0.0,0.0,0.0,0.0,0.0,0.0,0.0,0.0,6.090766598004913,2.743674636021731,-1.576616841060047,0.0,0.0,0.0,0.0,0.0,0.0,0.0,0.0,0.0,0.0,0.0,False,DISABLED,0,nan,nan,nan,nan,nan,nan,nan,nan,nan,nan,nan,nan,nan,nan,nan,nan,nan,nan,nan,nan,nan,nan,nan,nan,nan,nan,nan,nan,nan,nan,nan,nan,nan,nan,22.966542859514885,19.419098459719436,-0.0829726314176566,0.022093072810150716,0.022093072810150716,0.022093072810150716,22.95886902151977,19.52688809724828,-0.041713386878779214,0.007673837995113786,-0.10778963752884252,-0.04125924453887738,0.10806245299906211,0.11567116757469595,0.030381202697753906,False,DISABLED,none,MODEL_ORIGIN_FRAME_NOT_ESTABLISHED,nan,nan,nan,nan,nan,nan,nan,nan,nan,nan,nan,nan,nan,NOT_EVALUATED,nan,nan,nan,nan,DISABLED,nan,nan,nan,nan,nan,nan
1791471076.4841573,1791471076.5029745,1791471076.5075388,1791471076.5075614,front_rgbd_red_sphere,True,True,True,,85.3,85.3,1791471076.5029745,1791471076.501452,1791471076.4841573,1791471076.4841573,1791471076.4841573,0.0,1791471075.4921672,1791471076.4921806,1791471076.484185,1791471076.4921806,1791471076.484185,1791471076.4921806,1791471075.4921672,1791471076.4921806,1791471075.4921672,1791471076.4921806,1791470991.1841574,GAZEBO_CLOCK_SYSTEM_INTERPOLATION,MAPPED_EXACT,0,85.3,1791471076.4841573,0.003063201904296875,0.0,RGB,0.0,0,1,0,UNCALIBRATED,PREPARATION,MID,TURNING,1.0,433,1.0,6.863974094390869,0.4756973683834076,nan,nan,False,0.0,0.0,0.0,0.0,0,0,0,0,0,0.0,0.0,0.0,0.0,0.0,0.0,0.0,0.0,0.0,0.0,0.0,0.0,0.0,0.0,6.101891535665127,2.7278500168200335,-1.5620157294550938,0.0,0.0,0.0,0.0,0.0,0.0,0.0,0.0,0.0,0.0,0.0,False,DISABLED,0,nan,nan,nan,nan,nan,nan,nan,nan,nan,nan,nan,nan,nan,nan,nan,nan,nan,nan,nan,nan,nan,nan,nan,nan,nan,nan,nan,nan,nan,nan,nan,nan,nan,nan,23.157483297339418,19.364301825175886,-0.09352366783269689,0.022093772327553173,0.022093772327553173,0.022093772327553173,23.143416464420774,19.474531876699476,-0.052438625553881985,0.014066832918643968,-0.11023005152359033,-0.041085042278814904,0.11112398502238131,0.11847582346751775,0.01881718635559082,False,DISABLED,none,MODEL_ORIGIN_FRAME_NOT_ESTABLISHED,nan,nan,nan,nan,nan,nan,nan,nan,nan,nan,nan,nan,nan,NOT_EVALUATED,nan,nan,nan,nan,DISABLED,nan,nan,nan,nan,nan,nan
1791471076.5361562,1791471076.5664198,1791471076.5697498,1791471076.56977,front_rgbd_red_sphere,True,True,True,,85.352,85.352,1791471076.5664198,1791471076.555804,1791471076.5361562,1791471076.5361562,1791471076.5361562,0.0,1791471075.532156,1791471076.548179,1791471076.540185,1791471076.548179,1791471076.544185,1791471076.552169,1791471075.532156,1791471076.548179,1791471075.532156,1791471076.552169,1791470991.1841562,GAZEBO_CLOCK_SYSTEM_INTERPOLATION,MAPPED_EXACT,0,85.352,1791471076.5361562,0.002499103546142578,0.0,RGB,0.0,0,1,0,UNCALIBRATED,PREPARATION,MID,TURNING,1.0,430,1.0,6.852909564971924,0.47192180156707764,nan,nan,False,0.0,0.0,0.0,0.0,0,0,0,0,0,0.0,0.0,0.0,0.0,0.0,0.0,0.0,0.0,0.0,0.0,0.0,0.0,0.0,0.0,6.103860990430233,2.6990542719330235,-1.5557490143886543,0.0,0.0,0.0,0.0,0.0,0.0,0.0,0.0,0.0,0.0,0.0,False,DISABLED,0,nan,nan,nan,nan,nan,nan,nan,nan,nan,nan,nan,nan,nan,nan,nan,nan,nan,nan,nan,nan,nan,nan,nan,nan,nan,nan,nan,nan,nan,nan,nan,nan,nan,nan,23.346978278508615,19.30708635402136,-0.10346882102829363,0.02206089191715301,0.02206089191715301,0.02206089191715301,23.343059188168805,19.415053566840136,-0.06373654276420634,0.003919090339810083,-0.10796721281877453,-0.03973227826408729,0.10803831872509931,0.1151126936918818,0.030263662338256836,False,DISABLED,none,MODEL_ORIGIN_FRAME_NOT_ESTABLISHED,nan,nan,nan,nan,nan,nan,nan,nan,nan,nan,nan,nan,nan,NOT_EVALUATED,nan,nan,nan,nan,DISABLED,nan,nan,nan,nan,nan,nan
1791471076.5841606,1791471076.6021874,1791471076.6076677,1791471076.6077032,front_rgbd_red_sphere,True,True,True,,85.4,85.4,1791471076.6021874,1791471076.6004386,1791471076.5841606,1791471076.5841606,1791471076.5841606,0.0,1791471075.572162,1791471076.5881705,1791471076.580185,1791471076.5881705,1791471076.584185,1791471076.592163,1791471075.572162,1791471076.5881705,1791471075.572162,1791471076.592163,1791470991.1841605,GAZEBO_CLOCK_SYSTEM_INTERPOLATION,MAPPED_EXACT,0,85.4,1791471076.5841606,0.002216815948486328,0.0,RGB,0.0,0,1,0,UNCALIBRATED,PREPARATION,MID,TURNING,1.0,431,1.0,6.852828025817871,0.4676547348499298,nan,nan,False,0.0,0.0,0.0,0.0,0,0,0,0,0,0.0,0.0,0.0,0.0,0.0,0.0,0.0,0.0,0.0,0.0,0.0,0.0,0.0,0.0,6.117025984570136,2.678332182752635,-1.5394094693607654,0.0,0.0,0.0,0.0,0.0,0.0,0.0,0.0,0.0,0.0,0.0,False,DISABLED,0,nan,nan,nan,nan,nan,nan,nan,nan,nan,nan,nan,nan,nan,nan,nan,nan,nan,nan,nan,nan,nan,nan,nan,nan,nan,nan,nan,nan,nan,nan,nan,nan,nan,nan,23.53619134140084,19.247299470199238,-0.11330290630967438,0.022060649980099097,0.022060649980099097,0.022060649980099097,23.52638603817489,19.358022286896365,-0.07378411018049956,0.009805303225949302,-0.1107228166971268,-0.03951879612917482,0.111156133922957,0.11797212109730687,0.01802682876586914,False,DISABLED,none,MODEL_ORIGIN_FRAME_NOT_ESTABLISHED,nan,nan,nan,nan,nan,nan,nan,nan,nan,nan,nan,nan,nan,NOT_EVALUATED,nan,nan,nan,nan,DISABLED,nan,nan,nan,nan,nan,nan
1791471076.636163,1791471076.6665587,1791471076.670745,1791471076.670765,front_rgbd_red_sphere,True,True,True,,85.452,85.452,1791471076.6665587,1791471076.6555383,1791471076.636163,1791471076.636163,1791471076.636163,0.0,1791471075.6521735,1791471076.6521764,1791471076.6441848,1791471076.6521764,1791471076.6441848,1791471076.6521764,1791471075.6521735,1791471076.6521764,1791471075.6521735,1791471076.6521764,1791470991.184163,GAZEBO_CLOCK_SYSTEM_INTERPOLATION,MAPPED_EXACT,0,85.452,1791471076.636163,0.0027549266815185547,0.0,RGB,0.0,0,1,0,UNCALIBRATED,PREPARATION,MID,TURNING,1.0,419,1.0,6.842343807220459,0.46322375535964966,nan,nan,False,0.0,0.0,0.0,0.0,0,0,0,0,0,0.0,0.0,0.0,0.0,0.0,0.0,0.0,0.0,0.0,0.0,0.0,0.0,0.0,0.0,6.121274859063707,2.6459663223085332,-1.5318376365753372,0.0,0.0,0.0,0.0,0.0,0.0,0.0,0.0,0.0,0.0,0.0,False,DISABLED,0,nan,nan,nan,nan,nan,nan,nan,nan,nan,nan,nan,nan,nan,nan,nan,nan,nan,nan,nan,nan,nan,nan,nan,nan,nan,nan,nan,nan,nan,nan,nan,nan,nan,nan,23.724892417797584,19.18504875741485,-0.12226959737409876,0.022029517283189158,0.022029517283189158,0.022029517283189158,23.724074223214448,19.293834655882975,-0.08417451869690827,0.0008181945831360338,-0.10878589846812403,-0.03809507867719049,0.10878897530491251,0.11526611022895757,0.0303957462310791,False,DISABLED,none,MODEL_ORIGIN_FRAME_NOT_ESTABLISHED,nan,nan,nan,nan,nan,nan,nan,nan,nan,nan,nan,nan,nan,NOT_EVALUATED,nan,nan,nan,nan,DISABLED,nan,nan,nan,nan,nan,nan
1791471076.6841626,1791471076.7131913,1791471076.7186458,1791471076.7186816,front_rgbd_red_sphere,True,True,True,,85.5,85.5,1791471076.7039752,1791471076.7131913,1791471076.6841626,1791471076.6841626,1791471076.6841626,0.0,1791471075.6921673,1791471076.6922212,1791471076.684185,1791471076.6922212,1791471076.684185,1791471076.6922212,1791471075.6921673,1791471076.6922212,1791471075.6921673,1791471076.6922212,1791470991.1841626,GAZEBO_CLOCK_SYSTEM_INTERPOLATION,MAPPED_EXACT,0,85.5,1791471076.6841626,0.0013976097106933594,0.0,RGB,0.0,0,1,0,UNCALIBRATED,PREPARATION,MID,TURNING,1.0,425,1.0,6.84270715713501,0.45856475830078125,nan,nan,False,0.0,0.0,0.0,0.0,0,0,0,0,0,0.0,0.0,0.0,0.0,0.0,0.0,0.0,0.0,0.0,0.0,0.0,0.0,0.0,0.0,6.135778408138616,2.6215103261571175,-1.517414547950017,0.0,0.0,0.0,0.0,0.0,0.0,0.0,0.0,0.0,0.0,0.0,False,DISABLED,0,nan,nan,nan,nan,nan,nan,nan,nan,nan,nan,nan,nan,nan,nan,nan,nan,nan,nan,nan,nan,nan,nan,nan,nan,nan,nan,nan,nan,nan,nan,nan,nan,nan,nan,23.912566942924236,19.12094723354955,-0.13099629505649796,0.02203059530105853,0.02203059530105853,0.02203059530105853,23.905822938394266,19.232527604840584,-0.09328141538858863,0.006744004529970482,-0.11158037129103349,-0.03771487966790933,0.11178399194225062,0.11797488293238537,0.029028654098510742,False,DISABLED,none,MODEL_ORIGIN_FRAME_NOT_ESTABLISHED,nan,nan,nan,nan,nan,nan,nan,nan,nan,nan,nan,nan,nan,NOT_EVALUATED,nan,nan,nan,nan,DISABLED,nan,nan,nan,nan,nan,nan
1791471076.736155,1791471076.7530937,1791471076.762065,1791471076.762086,front_rgbd_red_sphere,True,True,True,,85.552,85.552,1791471076.7530937,1791471076.752047,1791471076.736155,1791471076.736155,1791471076.736155,0.0,1791471075.7481825,1791471076.7481842,1791471076.740185,1791471076.7481842,1791471076.744185,1791471076.7521706,1791471075.7481825,1791471076.7481842,1791471075.7321591,1791471076.7521706,1791470991.184155,GAZEBO_CLOCK_SYSTEM_INTERPOLATION,MAPPED_EXACT,0,85.552,1791471076.736155,0.0014066696166992188,0.0,RGB,0.0,0,1,0,UNCALIBRATED,PREPARATION,MID,TURNING,1.0,419,1.0,6.831892013549805,0.4536728262901306,nan,nan,False,0.0,0.0,0.0,0.0,0,0,0,0,0,0.0,0.0,0.0,0.0,0.0,0.0,0.0,0.0,0.0,0.0,0.0,0.0,0.0,0.0,6.140801613849375,2.5843104503672762,-1.5121653604532552,0.0,0.0,0.0,0.0,0.0,0.0,0.0,0.0,0.0,0.0,0.0,False,DISABLED,0,nan,nan,nan,nan,nan,nan,nan,nan,nan,nan,nan,nan,nan,nan,nan,nan,nan,nan,nan,nan,nan,nan,nan,nan,nan,nan,nan,nan,nan,nan,nan,nan,nan,nan,24.098937270717183,19.055010817862136,-0.13864934252327193,0.02199850219110151,0.02199850219110151,0.02199850219110151,24.102434688543504,19.163628771867735,-0.1025538623029653,-0.0034974178263205147,-0.1086179540055987,-0.03609548022030663,0.1086742465527791,0.114511901373389,0.01693868637084961,False,DISABLED,none,MODEL_ORIGIN_FRAME_NOT_ESTABLISHED,nan,nan,nan,nan,nan,nan,nan,nan,nan,nan,nan,nan,nan,NOT_EVALUATED,nan,nan,nan,nan,DISABLED,nan,nan,nan,nan,nan,nan
1791471076.7841592,1791471076.8048868,1791471076.8080034,1791471076.8080242,front_rgbd_red_sphere,True,True,True,,85.6,85.6,1791471076.8048868,1791471076.80409,1791471076.7841592,1791471076.7841592,1791471076.7841592,0.0,1791471075.7721672,1791471076.7881634,1791471076.7802138,1791471076.7881634,1791471076.784214,1791471076.792162,1791471075.7721672,1791471076.7881634,1791471075.7721672,1791471076.792162,1791470991.1841593,GAZEBO_CLOCK_SYSTEM_INTERPOLATION,MAPPED_EXACT,0,85.6,1791471076.7841592,0.0009043216705322266,0.0,RGB,0.0,0,1,0,UNCALIBRATED,PREPARATION,MID,TURNING,1.0,418,1.0,6.832608699798584,0.4484623670578003,nan,nan,False,0.0,0.0,0.0,0.0,0,0,0,0,0,0.0,0.0,0.0,0.0,0.0,0.0,0.0,0.0,0.0,0.0,0.0,0.0,0.0,0.0,6.156965082603136,2.5554145684852845,-1.4987251242704098,0.0,0.0,0.0,0.0,0.0,0.0,0.0,0.0,0.0,0.0,0.0,False,DISABLED,0,nan,nan,nan,nan,nan,nan,nan,nan,nan,nan,nan,nan,nan,nan,nan,nan,nan,nan,nan,nan,nan,nan,nan,nan,nan,nan,nan,nan,nan,nan,nan,nan,nan,nan,24.28523656262675,18.98695124415528,-0.1461424099917829,0.022000627649697423,0.022000627649697423,0.022000627649697423,24.28299912732728,19.098162920212573,-0.11051351043202821,0.0022374352994702917,-0.11121167605729454,-0.03562889955975469,0.11123418093460272,0.1168009481640925,0.02072763442993164,False,DISABLED,none,MODEL_ORIGIN_FRAME_NOT_ESTABLISHED,nan,nan,nan,nan,nan,nan,nan,nan,nan,nan,nan,nan,nan,NOT_EVALUATED,nan,nan,nan,nan,DISABLED,nan,nan,nan,nan,nan,nan
1791471076.8361604,1791471076.8538203,1791471076.8639343,1791471076.863955,front_rgbd_red_sphere,True,True,True,,85.652,85.652,1791471076.8538203,1791471076.8524137,1791471076.8361604,1791471076.8361604,1791471076.8361604,0.0,1791471075.8321624,1791471076.852167,1791471076.844214,1791471076.852167,1791471076.844214,1791471076.852167,1791471075.828163,1791471076.852167,1791471075.8321624,1791471076.852167,1791470991.1841605,GAZEBO_CLOCK_SYSTEM_INTERPOLATION,MAPPED_EXACT,0,85.652,1791471076.8361604,0.0031566619873046875,0.0,RGB,0.0,0,1,0,UNCALIBRATED,PREPARATION,MID,TURNING,1.0,416,1.0,6.822145462036133,0.4431178569793701,nan,nan,False,0.0,0.0,0.0,0.0,0,0,0,0,0,0.0,0.0,0.0,0.0,0.0,0.0,0.0,0.0,0.0,0.0,0.0,0.0,0.0,0.0,6.163257719371158,2.5149827235908844,-1.493582307310534,0.0,0.0,0.0,0.0,0.0,0.0,0.0,0.0,0.0,0.0,0.0,False,DISABLED,0,nan,nan,nan,nan,nan,nan,nan,nan,nan,nan,nan,nan,nan,nan,nan,nan,nan,nan,nan,nan,nan,nan,nan,nan,nan,nan,nan,nan,nan,nan,nan,nan,nan,nan,24.47022743262319,18.9169410442227,-0.15292094072357448,0.02196960030912624,0.02196960030912624,0.02196960030912624,24.47775294150891,19.025103470955997,-0.11840359722972423,-0.0075255088857204555,-0.10816242673329768,-0.03451734349385026,0.10842390806840088,0.11378572336939943,0.017659902572631836,False,DISABLED,none,MODEL_ORIGIN_FRAME_NOT_ESTABLISHED,nan,nan,nan,nan,nan,nan,nan,nan,nan,nan,nan,nan,nan,NOT_EVALUATED,nan,nan,nan,nan,DISABLED,nan,nan,nan,nan,nan,nan
1791471076.8841605,1791471076.9136992,1791471076.9172,1791471076.9172192,front_rgbd_red_sphere,True,True,True,,85.7,85.7,1791471076.9136992,1791471076.903361,1791471076.8841605,1791471076.8841605,1791471076.8841605,0.0,1791471075.892164,1791471076.8921647,1791471076.884214,1791471076.8921647,1791471076.8882139,1791471076.8961642,1791471075.892164,1791471076.8921647,1791471075.892164,1791471076.8961642,1791470991.1841605,GAZEBO_CLOCK_SYSTEM_INTERPOLATION,MAPPED_EXACT,0,85.7,1791471076.8841605,0.0018515586853027344,0.0,RGB,0.0,0,1,0,UNCALIBRATED,PREPARATION,MID,TURNING,1.0,417,1.0,6.823407173156738,0.43781575560569763,nan,nan,False,0.0,0.0,0.0,0.0,0,0,0,0,0,0.0,0.0,0.0,0.0,0.0,0.0,0.0,0.0,0.0,0.0,0.0,0.0,0.0,0.0,6.179822484254944,2.4833062695235815,-1.4838699376359497,0.0,0.0,0.0,0.0,0.0,0.0,0.0,0.0,0.0,0.0,0.0,False,DISABLED,0,nan,nan,nan,nan,nan,nan,nan,nan,nan,nan,nan,nan,nan,nan,nan,nan,nan,nan,nan,nan,nan,nan,nan,nan,nan,nan,nan,nan,nan,nan,nan,nan,nan,nan,24.654895150103442,18.845014752766073,-0.15932968421113974,0.02197334013210788,0.02197334013210788,0.02197334013210788,24.656741711745745,18.95587287980167,-0.12500405283641186,-0.0018465616423029019,-0.11085812703559839,-0.03432563137472788,0.11087350503948044,0.11606542589855687,0.029538631439208984,False,DISABLED,none,MODEL_ORIGIN_FRAME_NOT_ESTABLISHED,nan,nan,nan,nan,nan,nan,nan,nan,nan,nan,nan,nan,nan,NOT_EVALUATED,nan,nan,nan,nan,DISABLED,nan,nan,nan,nan,nan,nan
1791471076.9361556,1791471076.9529247,1791471076.9608052,1791471076.9608247,front_rgbd_red_sphere,True,True,True,,85.752,85.752,1791471076.9529247,1791471076.9519422,1791471076.9361556,1791471076.9361556,1791471076.9361556,0.0,1791471075.9481695,1791471076.948174,1791471076.940214,1791471076.948174,1791471076.9442139,1791471076.952168,1791471075.9481695,1791471076.948174,1791471075.9321623,1791471076.952168,1791470991.1841555,GAZEBO_CLOCK_SYSTEM_INTERPOLATION,MAPPED_EXACT,0,85.752,1791471076.9361556,0.0011372566223144531,0.0,RGB,0.0,0,1,0,UNCALIBRATED,PREPARATION,MID,TURNING,1.0,412,1.0,6.813693046569824,0.4325942397117615,nan,nan,False,0.0,0.0,0.0,0.0,0,0,0,0,0,0.0,0.0,0.0,0.0,0.0,0.0,0.0,0.0,0.0,0.0,0.0,0.0,0.0,0.0,6.18602405370652,2.438802420642606,-1.4871996839028048,0.0,0.0,0.0,0.0,0.0,0.0,0.0,0.0,0.0,0.0,0.0,False,DISABLED,0,nan,nan,nan,nan,nan,nan,nan,nan,nan,nan,nan,nan,nan,nan,nan,nan,nan,nan,nan,nan,nan,nan,nan,nan,nan,nan,nan,nan,nan,nan,nan,nan,nan,nan,24.83808327781689,18.77144601463901,-0.16467324340155715,0.021944550343226562,0.021944550343226562,0.021944550343226562,24.849957462044728,18.87880418277363,-0.13133312728964502,-0.011874184227838924,-0.10735816813462051,-0.03334011611191212,0.10801283496093465,0.1130413015612165,0.0167691707611084,False,DISABLED,none,MODEL_ORIGIN_FRAME_NOT_ESTABLISHED,nan,nan,nan,nan,nan,nan,nan,nan,nan,nan,nan,nan,nan,NOT_EVALUATED,nan,nan,nan,nan,DISABLED,nan,nan,nan,nan,nan,nan
1791471076.9841592,1791471077.0017507,1791471077.006485,1791471077.0065114,front_rgbd_red_sphere,True,True,True,,85.8,85.8,1791471077.0017507,1791471077.0006335,1791471076.9841592,1791471076.9841592,1791471076.9841592,0.0,1791471075.9881814,1791471076.9881818,1791471076.9802139,1791471076.9881818,1791471076.9842138,1791471076.992174,1791471075.9881814,1791471076.9881818,1791471075.9721613,1791471076.992174,1791470991.1841593,GAZEBO_CLOCK_SYSTEM_INTERPOLATION,MAPPED_EXACT,0,85.8,1791471076.9841592,0.0018684864044189453,0.0,RGB,0.0,0,1,0,UNCALIBRATED,PREPARATION,MID,TURNING,1.0,405,1.0,6.815359592437744,0.42715755105018616,nan,nan,False,0.0,0.0,0.0,0.0,0,0,0,0,0,0.0,0.0,0.0,0.0,0.0,0.0,0.0,0.0,0.0,0.0,0.0,0.0,0.0,0.0,6.20297912243799,2.4026491900706928,-1.4830553011765297,0.0,0.0,0.0,0.0,0.0,0.0,0.0,0.0,0.0,0.0,0.0,False,DISABLED,0,nan,nan,nan,nan,nan,nan,nan,nan,nan,nan,nan,nan,nan,nan,nan,nan,nan,nan,nan,nan,nan,nan,nan,nan,nan,nan,nan,nan,nan,nan,nan,nan,nan,nan,25.02087661577348,18.695924785522543,-0.16977511648184856,0.02194948793664398,0.02194948793664398,0.02194948793664398,25.02765492371274,18.805931411242316,-0.13642097991813623,-0.006778307939256933,-0.11000662571977315,-0.03335413656371233,0.11021525829380273,0.11515164604416396,0.017591476440429688,False,DISABLED,none,MODEL_ORIGIN_FRAME_NOT_ESTABLISHED,nan,nan,nan,nan,nan,nan,nan,nan,nan,nan,nan,nan,nan,NOT_EVALUATED,nan,nan,nan,nan,DISABLED,nan,nan,nan,nan,nan,nan
1791471077.0361612,1791471077.0578418,1791471077.0620327,1791471077.062052,front_rgbd_red_sphere,True,True,True,,85.852,85.852,1791471077.0578418,1791471077.0562088,1791471077.0361612,1791471077.0361612,1791471077.0361612,0.0,1791471076.0521681,1791471077.0521793,1791471077.044214,1791471077.0521793,1791471077.044214,1791471077.0521793,1791471076.0521681,1791471077.0521793,1791471076.0521681,1791471077.0521793,1791470991.1841612,GAZEBO_CLOCK_SYSTEM_INTERPOLATION,MAPPED_EXACT,0,85.852,1791471077.0361612,0.0027353763580322266,0.0,RGB,0.0,0,1,0,UNCALIBRATED,PREPARATION,MID,TURNING,1.0,405,1.0,6.806313991546631,0.4217246472835541,nan,nan,False,0.0,0.0,0.0,0.0,0,0,0,0,0,0.0,0.0,0.0,0.0,0.0,0.0,0.0,0.0,0.0,0.0,0.0,0.0,0.0,0.0,6.209974433303247,2.3559120263715005,-1.4872148047033114,0.0,0.0,0.0,0.0,0.0,0.0,0.0,0.0,0.0,0.0,0.0,False,DISABLED,0,nan,nan,nan,nan,nan,nan,nan,nan,nan,nan,nan,nan,nan,nan,nan,nan,nan,nan,nan,nan,nan,nan,nan,nan,nan,nan,nan,nan,nan,nan,nan,nan,nan,nan,25.203322084279478,18.618229580533335,-0.17396872032990712,0.02192269376319393,0.02192269376319393,0.02192269376319393,25.219274828182275,18.72512573173667,-0.14103160064278403,-0.01595274390279755,-0.10689615120333684,-0.032937119687123095,0.10807995734693318,0.11298730474437724,0.021680593490600586,False,DISABLED,none,MODEL_ORIGIN_FRAME_NOT_ESTABLISHED,nan,nan,nan,nan,nan,nan,nan,nan,nan,nan,nan,nan,nan,NOT_EVALUATED,nan,nan,nan,nan,DISABLED,nan,nan,nan,nan,nan,nan
1791471077.084163,1791471077.1135883,1791471077.1168988,1791471077.1169188,front_rgbd_red_sphere,True,True,True,,85.9,85.9,1791471077.1135883,1791471077.1120212,1791471077.084163,1791471077.084163,1791471077.084163,0.0,1791471076.07217,1791471077.0921779,1791471077.084214,1791471077.0921779,1791471077.084214,1791471077.0921779,1791471076.0681567,1791471077.0921779,1791471076.07217,1791471077.0921779,1791470991.1841629,GAZEBO_CLOCK_SYSTEM_INTERPOLATION,MAPPED_EXACT,0,85.9,1791471077.084163,0.0016751289367675781,0.0,RGB,0.0,0,1,0,UNCALIBRATED,PREPARATION,MID,TURNING,1.0,402,1.0,6.808648586273193,0.41631999611854553,nan,nan,False,0.0,0.0,0.0,0.0,0,0,0,0,0,0.0,0.0,0.0,0.0,0.0,0.0,0.0,0.0,0.0,0.0,0.0,0.0,0.0,0.0,6.227076408064694,2.318407619606122,-1.4853285347431622,0.0,0.0,0.0,0.0,0.0,0.0,0.0,0.0,0.0,0.0,0.0,False,DISABLED,0,nan,nan,nan,nan,nan,nan,nan,nan,nan,nan,nan,nan,nan,nan,nan,nan,nan,nan,nan,nan,nan,nan,nan,nan,nan,nan,nan,nan,nan,nan,nan,nan,nan,nan,25.38467087584338,18.5391338573118,-0.1771776996027014,0.021929607244558346,0.021929607244558346,0.021929607244558346,25.395519764592642,18.648900305508782,-0.14447686311728522,-0.010848888749261931,-0.10976644819698222,-0.03270083648541619,0.11030127622504939,0.11504658292935332,0.029425382614135742,False,DISABLED,none,MODEL_ORIGIN_FRAME_NOT_ESTABLISHED,nan,nan,nan,nan,nan,nan,nan,nan,nan,nan,nan,nan,nan,NOT_EVALUATED,nan,nan,nan,nan,DISABLED,nan,nan,nan,nan,nan,nan
1791471077.1361558,1791471077.154942,1791471077.160715,1791471077.1607347,front_rgbd_red_sphere,True,True,True,,85.952,85.952,1791471077.154942,1791471077.1527684,1791471077.1361558,1791471077.1361558,1791471077.1361558,0.0,1791471076.1481652,1791471077.148173,1791471077.140214,1791471077.148173,1791471077.144214,1791471077.1521642,1791471076.1481652,1791471077.148173,1791471076.1321595,1791471077.1521642,1791470991.184156,GAZEBO_CLOCK_SYSTEM_INTERPOLATION,MAPPED_EXACT,0,85.952,1791471077.1361558,0.0015985965728759766,0.0,RGB,0.0,0,1,0,UNCALIBRATED,PREPARATION,MID,TURNING,1.0,394,1.0,6.79989767074585,0.41116538643836975,nan,nan,False,0.0,0.0,0.0,0.0,0,0,0,0,0,0.0,0.0,0.0,0.0,0.0,0.0,0.0,0.0,0.0,0.0,0.0,0.0,0.0,0.0,6.233164824683721,2.269233311175765,-1.4956088039469315,0.0,0.0,0.0,0.0,0.0,0.0,0.0,0.0,0.0,0.0,0.0,False,DISABLED,0,nan,nan,nan,nan,nan,nan,nan,nan,nan,nan,nan,nan,nan,nan,nan,nan,nan,nan,nan,nan,nan,nan,nan,nan,nan,nan,nan,nan,nan,nan,nan,nan,nan,nan,25.56528175054148,18.458738589194045,-0.17948172470166218,0.021903697305397395,0.021903697305397395,0.021903697305397395,25.585665176252867,18.564537360799243,-0.14725648471018968,-0.02038342571138685,-0.10579877160519757,-0.032225239991472504,0.10774443891403578,0.11246034949887175,0.018786191940307617,False,DISABLED,none,MODEL_ORIGIN_FRAME_NOT_ESTABLISHED,nan,nan,nan,nan,nan,nan,nan,nan,nan,nan,nan,nan,nan,NOT_EVALUATED,nan,nan,nan,nan,DISABLED,nan,nan,nan,nan,nan,nan
1791471077.184159,1791471077.2012975,1791471077.2055433,1791471077.2055674,front_rgbd_red_sphere,True,True,True,,86.0,86.0,1791471077.2012975,1791471077.1991777,1791471077.184159,1791471077.184159,1791471077.184159,0.0,1791471076.192162,1791471077.188169,1791471077.180214,1791471077.188169,1791471077.1842139,1791471077.1921816,1791471076.1721666,1791471077.188169,1791471076.192162,1791471077.1921816,1791470991.184159,GAZEBO_CLOCK_SYSTEM_INTERPOLATION,MAPPED_EXACT,0,86.0,1791471077.184159,0.0014700889587402344,0.0,RGB,0.0,0,1,0,UNCALIBRATED,PREPARATION,MID,TURNING,1.0,395,1.0,6.803020000457764,0.40579983592033386,nan,nan,False,0.0,0.0,0.0,0.0,0,0,0,0,0,0.0,0.0,0.0,0.0,0.0,0.0,0.0,0.0,0.0,0.0,0.0,0.0,0.0,0.0,6.250526140527456,2.2291977529728104,-1.4975591264863333,0.0,0.0,0.0,0.0,0.0,0.0,0.0,0.0,0.0,0.0,0.0,False,DISABLED,0,nan,nan,nan,nan,nan,nan,nan,nan,nan,nan,nan,nan,nan,nan,nan,nan,nan,nan,nan,nan,nan,nan,nan,nan,nan,nan,nan,nan,nan,nan,nan,nan,nan,nan,25.745603008321616,18.37657217152993,-0.18095282605985202,0.02191294051942074,0.02191294051942074,0.02191294051942074,25.7604896008923,18.48515680739883,-0.148974883354158,-0.014886592570682922,-0.1085846358689011,-0.03197794270569401,0.10960033661055679,0.1141701476080153,0.01713848114013672,False,DISABLED,none,MODEL_ORIGIN_FRAME_NOT_ESTABLISHED,nan,nan,nan,nan,nan,nan,nan,nan,nan,nan,nan,nan,nan,NOT_EVALUATED,nan,nan,nan,nan,DISABLED,nan,nan,nan,nan,nan,nan
1791471077.2361646,1791471077.262382,1791471077.2699203,1791471077.269949,front_rgbd_red_sphere,True,True,True,,86.052,86.052,1791471077.262382,1791471077.2586198,1791471077.2361646,1791471077.2361646,1791471077.2361646,0.0,1791471076.252167,1791471077.2521694,1791471077.2442138,1791471077.2521694,1791471077.2442138,1791471077.2521694,1791471076.252167,1791471077.2521694,1791471076.252167,1791471077.2521694,1791470991.1841645,GAZEBO_CLOCK_SYSTEM_INTERPOLATION,MAPPED_EXACT,0,86.052,1791471077.2361646,0.0029964447021484375,0.0,RGB,0.0,0,1,0,UNCALIBRATED,PREPARATION,MID,TURNING,1.0,397,1.0,6.795105457305908,0.40062910318374634,nan,nan,False,0.0,0.0,0.0,0.0,0,0,0,0,0,0.0,0.0,0.0,0.0,0.0,0.0,0.0,0.0,0.0,0.0,0.0,0.0,0.0,0.0,6.257040649331398,2.1791615265929627,-1.5080305095518336,0.0,0.0,0.0,0.0,0.0,0.0,0.0,0.0,0.0,0.0,0.0,False,DISABLED,0,nan,nan,nan,nan,nan,nan,nan,nan,nan,nan,nan,nan,nan,nan,nan,nan,nan,nan,nan,nan,nan,nan,nan,nan,nan,nan,nan,nan,nan,nan,nan,nan,nan,nan,25.925432438508324,18.292758030603675,-0.18147789265048336,0.02188951465557677,0.02188951465557677,0.02188951465557677,25.949040054153187,18.397516565914373,-0.1498552339455507,-0.023607615644863245,-0.10475853531069745,-0.031622658704932666,0.10738561466452681,0.11194490957809064,0.02621746063232422,False,DISABLED,none,MODEL_ORIGIN_FRAME_NOT_ESTABLISHED,nan,nan,nan,nan,nan,nan,nan,nan,nan,nan,nan,nan,nan,NOT_EVALUATED,nan,nan,nan,nan,DISABLED,nan,nan,nan,nan,nan,nan
1791471077.284158,1791471077.31227,1791471077.3171337,1791471077.317155,front_rgbd_red_sphere,True,True,True,,86.1,86.1,1791471077.31227,1791471077.3114567,1791471077.284158,1791471077.284158,1791471077.284158,0.0,1791471076.2921677,1791471077.2922122,1791471077.284214,1791471077.2922122,1791471077.284214,1791471077.2922122,1791471076.2921677,1791471077.2922122,1791471076.2921677,1791471077.2922122,1791470991.184158,GAZEBO_CLOCK_SYSTEM_INTERPOLATION,MAPPED_EXACT,0,86.1,1791471077.284158,0.0005648136138916016,0.0,RGB,0.0,0,1,0,UNCALIBRATED,PREPARATION,MID,TURNING,1.0,392,1.0,6.7990875244140625,0.3954046368598938,nan,nan,False,0.0,0.0,0.0,0.0,0,0,0,0,0,0.0,0.0,0.0,0.0,0.0,0.0,0.0,0.0,0.0,0.0,0.0,0.0,0.0,0.0,6.274475310960645,2.1389513652832397,-1.5111051010473642,0.0,0.0,0.0,0.0,0.0,0.0,0.0,0.0,0.0,0.0,0.0,False,DISABLED,0,nan,nan,nan,nan,nan,nan,nan,nan,nan,nan,nan,nan,nan,nan,nan,nan,nan,nan,nan,nan,nan,nan,nan,nan,nan,nan,nan,nan,nan,nan,nan,nan,nan,nan,26.104580512901418,18.207456385878388,-0.1810805292909476,0.021901299336768147,0.021901299336768147,0.021901299336768147,26.122359609414318,18.315224581726163,-0.14980663113607773,-0.017779096512899883,-0.10776819584777542,-0.03127389815486986,0.10922490699972917,0.11361398247971356,0.028111934661865234,False,DISABLED,none,MODEL_ORIGIN_FRAME_NOT_ESTABLISHED,nan,nan,nan,nan,nan,nan,nan,nan,nan,nan,nan,nan,nan,NOT_EVALUATED,nan,nan,nan,nan,DISABLED,nan,nan,nan,nan,nan,nan
1791471077.3361597,1791471077.3637693,1791471077.36739,1791471077.3674095,front_rgbd_red_sphere,True,True,True,,86.152,86.152,1791471077.3637693,1791471077.352643,1791471077.3361597,1791471077.3361597,1791471077.3361597,0.0,1791471076.3521664,1791471077.3481686,1791471077.340214,1791471077.3481686,1791471077.344214,1791471077.352168,1791471076.332159,1791471077.3481686,1791471076.3521664,1791471077.352168,1791470991.1841598,GAZEBO_CLOCK_SYSTEM_INTERPOLATION,MAPPED_EXACT,0,86.152,1791471077.3361597,0.003925323486328125,0.0,RGB,0.0,0,1,0,UNCALIBRATED,PREPARATION,MID,TURNING,1.0,391,1.0,6.791775703430176,0.3906930088996887,nan,nan,False,0.0,0.0,0.0,0.0,0,0,0,0,0,0.0,0.0,0.0,0.0,0.0,0.0,0.0,0.0,0.0,0.0,0.0,0.0,0.0,0.0,6.279984093319025,2.088030906266116,-1.5264816260244622,0.0,0.0,0.0,0.0,0.0,0.0,0.0,0.0,0.0,0.0,0.0,False,DISABLED,0,nan,nan,nan,nan,nan,nan,nan,nan,nan,nan,nan,nan,nan,nan,nan,nan,nan,nan,nan,nan,nan,nan,nan,nan,nan,nan,nan,nan,nan,nan,nan,nan,nan,nan,26.28275459662921,18.12074834073531,-0.1796121256757059,0.02187966333102117,0.02187966333102117,0.02187966333102117,26.309605917577944,18.22437661118216,-0.14876506170726086,-0.026851320948733104,-0.10362827044684764,-0.030847063968445027,0.10705051084650119,0.11140625309187187,0.027609586715698242,False,DISABLED,none,MODEL_ORIGIN_FRAME_NOT_ESTABLISHED,nan,nan,nan,nan,nan,nan,nan,nan,nan,nan,nan,nan,nan,NOT_EVALUATED,nan,nan,nan,nan,DISABLED,nan,nan,nan,nan,nan,nan
1791471077.3841598,1791471077.4118562,1791471077.415109,1791471077.4151356,front_rgbd_red_sphere,True,True,True,,86.2,86.2,1791471077.4118562,1791471077.4009347,1791471077.3841598,1791471077.3841598,1791471077.3841598,0.0,1791471076.3921785,1791471077.388176,1791471077.380214,1791471077.388176,1791471077.384214,1791471077.3921843,1791471076.3881657,1791471077.388176,1791471076.3921785,1791471077.3921843,1791470991.1841598,GAZEBO_CLOCK_SYSTEM_INTERPOLATION,MAPPED_EXACT,0,86.2,1791471077.3841598,0.0040357112884521484,0.0,RGB,0.0,0,1,0,UNCALIBRATED,PREPARATION,MID,TURNING,1.0,390,1.0,6.796201229095459,0.38557854294776917,nan,nan,False,0.0,0.0,0.0,0.0,0,0,0,0,0,0.0,0.0,0.0,0.0,0.0,0.0,0.0,0.0,0.0,0.0,0.0,0.0,0.0,0.0,6.297230803605705,2.0464811430781653,-1.5313878831382681,0.0,0.0,0.0,0.0,0.0,0.0,0.0,0.0,0.0,0.0,0.0,False,DISABLED,0,nan,nan,nan,nan,nan,nan,nan,nan,nan,nan,nan,nan,nan,nan,nan,nan,nan,nan,nan,nan,nan,nan,nan,nan,nan,nan,nan,nan,nan,nan,nan,nan,nan,nan,26.460548819757662,18.03250718166228,-0.17737844614167558,0.02189275676879664,0.02189275676879664,0.02189275676879664,26.48172146456227,18.139210851860266,-0.1469468546442546,-0.0211726448046079,-0.10670367019798732,-0.030431591497420973,0.1087839791593548,0.11296032880090622,0.02769637107849121,False,DISABLED,none,MODEL_ORIGIN_FRAME_NOT_ESTABLISHED,nan,nan,nan,nan,nan,nan,nan,nan,nan,nan,nan,nan,nan,NOT_EVALUATED,nan,nan,nan,nan,DISABLED,nan,nan,nan,nan,nan,nan
1791471077.4361575,1791471077.4618223,1791471077.4673958,1791471077.4674284,front_rgbd_red_sphere,True,True,True,,86.252,86.252,1791471077.4618223,1791471077.4506154,1791471077.4361575,1791471077.4361575,1791471077.4361575,0.0,1791471076.4321647,1791471077.4521756,1791471077.4442139,1791471077.4521756,1791471077.4442139,1791471077.4521756,1791471076.428163,1791471077.4521756,1791471076.4321647,1791471077.4521756,1791470991.1841574,GAZEBO_CLOCK_SYSTEM_INTERPOLATION,MAPPED_EXACT,0,86.252,1791471077.4361575,0.0019462108612060547,0.0,RGB,0.0,0,1,0,UNCALIBRATED,PREPARATION,MID,TURNING,1.0,388,1.0,6.789461135864258,0.38080963492393494,nan,nan,False,0.0,0.0,0.0,0.0,0,0,0,0,0,0.0,0.0,0.0,0.0,0.0,0.0,0.0,0.0,0.0,0.0,0.0,0.0,0.0,0.0,6.30309137263627,1.996106560819232,-1.5438198343485756,0.0,0.0,0.0,0.0,0.0,0.0,0.0,0.0,0.0,0.0,0.0,False,DISABLED,0,nan,nan,nan,nan,nan,nan,nan,nan,nan,nan,nan,nan,nan,nan,nan,nan,nan,nan,nan,nan,nan,nan,nan,nan,nan,nan,nan,nan,nan,nan,nan,nan,nan,nan,26.637517059318416,17.94263373646594,-0.1737889359465256,0.021872815942466012,0.021872815942466012,0.021872815942466012,26.667470607353977,18.04544383502026,-0.14400885186901177,-0.02995354803556083,-0.10281009855432188,-0.02978008407751384,0.10708469267205294,0.1111484809267847,0.025664806365966797,False,DISABLED,none,MODEL_ORIGIN_FRAME_NOT_ESTABLISHED,nan,nan,nan,nan,nan,nan,nan,nan,nan,nan,nan,nan,nan,NOT_EVALUATED,nan,nan,nan,nan,DISABLED,nan,nan,nan,nan,nan,nan
1791471077.4841607,1791471077.5016403,1791471077.5048625,1791471077.504882,front_rgbd_red_sphere,True,True,True,,86.3,86.3,1791471077.5016403,1791471077.500787,1791471077.4841607,1791471077.4841607,1791471077.4841607,0.0,1791471076.472165,1791471077.4921627,1791471077.4842138,1791471077.4921627,1791471077.4842138,1791471077.4921627,1791471076.4681723,1791471077.4921627,1791471076.472165,1791471077.4921627,1791470991.1841607,GAZEBO_CLOCK_SYSTEM_INTERPOLATION,MAPPED_EXACT,0,86.3,1791471077.4841607,0.0017383098602294922,0.0,RGB,0.0,0,1,0,UNCALIBRATED,PREPARATION,MID,TURNING,1.0,385,1.0,6.794677734375,0.37592896819114685,nan,nan,False,0.0,0.0,0.0,0.0,0,0,0,0,0,0.0,0.0,0.0,0.0,0.0,0.0,0.0,0.0,0.0,0.0,0.0,0.0,0.0,0.0,6.320184590477968,1.9554159050433544,-1.5489538291424225,0.0,0.0,0.0,0.0,0.0,0.0,0.0,0.0,0.0,0.0,0.0,False,DISABLED,0,nan,nan,nan,nan,nan,nan,nan,nan,nan,nan,nan,nan,nan,nan,nan,nan,nan,nan,nan,nan,nan,nan,nan,nan,nan,nan,nan,nan,nan,nan,nan,nan,nan,nan,26.814031130371596,17.851235610337124,-0.16952807078199766,0.02188824828847212,0.02188824828847212,0.02188824828847212,26.8382183560417,17.95766367742602,-0.14046829401947925,-0.02418722567010434,-0.10642806708889552,-0.02905977676251842,0.10914190464663423,0.11294434901925109,0.017479658126831055,False,DISABLED,none,MODEL_ORIGIN_FRAME_NOT_ESTABLISHED,nan,nan,nan,nan,nan,nan,nan,nan,nan,nan,nan,nan,nan,NOT_EVALUATED,nan,nan,nan,nan,DISABLED,nan,nan,nan,nan,nan,nan
1791471077.536157,1791471077.5534217,1791471077.5615337,1791471077.5615554,front_rgbd_red_sphere,True,True,True,,86.352,86.352,1791471077.5534217,1791471077.5519812,1791471077.536157,1791471077.536157,1791471077.536157,0.0,1791471076.532157,1791471077.5481653,1791471077.5402138,1791471077.5481653,1791471077.544214,1791471077.5521672,1791471076.532157,1791471077.5481653,1791471076.532157,1791471077.5521672,1791470991.184157,GAZEBO_CLOCK_SYSTEM_INTERPOLATION,MAPPED_EXACT,0,86.352,1791471077.536157,0.0012335777282714844,0.0,RGB,0.0,0,1,0,UNCALIBRATED,PREPARATION,MID,TURNING,1.0,381,1.0,6.789055347442627,0.3715626299381256,nan,nan,False,0.0,0.0,0.0,0.0,0,0,0,0,0,0.0,0.0,0.0,0.0,0.0,0.0,0.0,0.0,0.0,0.0,0.0,0.0,0.0,0.0,6.32577774565117,1.9052901846069288,-1.563865521189471,0.0,0.0,0.0,0.0,0.0,0.0,0.0,0.0,0.0,0.0,0.0,False,DISABLED,0,nan,nan,nan,nan,nan,nan,nan,nan,nan,nan,nan,nan,nan,nan,nan,nan,nan,nan,nan,nan,nan,nan,nan,nan,nan,nan,nan,nan,nan,nan,nan,nan,nan,nan,26.990278559566594,17.758879962098174,-0.16411378814174155,0.021871615291278772,0.021871615291278772,0.021871615291278772,27.022387605035206,17.86121207968614,-0.13571121820072587,-0.03210904546861215,-0.10233211758796656,-0.02840256994101567,0.10725135472777404,0.11094845231095883,0.017264842987060547,False,DISABLED,none,MODEL_ORIGIN_FRAME_NOT_ESTABLISHED,nan,nan,nan,nan,nan,nan,nan,nan,nan,nan,nan,nan,nan,NOT_EVALUATED,nan,nan,nan,nan,DISABLED,nan,nan,nan,nan,nan,nan
1791471077.5841644,1791471077.6030974,1791471077.606528,1791471077.6065493,front_rgbd_red_sphere,True,True,True,,86.4,86.4,1791471077.6030974,1791471077.601145,1791471077.5841644,1791471077.5841644,1791471077.5841644,0.0,1791471076.592163,1791471077.588176,1791471077.580214,1791471077.588176,1791471077.584214,1791471077.5921767,1791471076.5881705,1791471077.588176,1791471076.592163,1791471077.5921767,1791470991.1841643,GAZEBO_CLOCK_SYSTEM_INTERPOLATION,MAPPED_EXACT,0,86.4,1791471077.5841644,0.0031566619873046875,0.0,RGB,0.0,0,1,0,UNCALIBRATED,PREPARATION,MID,TURNING,1.0,379,1.0,6.79506778717041,0.366923063993454,nan,nan,False,0.0,0.0,0.0,0.0,0,0,0,0,0,0.0,0.0,0.0,0.0,0.0,0.0,0.0,0.0,0.0,0.0,0.0,0.0,0.0,0.0,6.342757973120218,1.8639158008589893,-1.571045021472244,0.0,0.0,0.0,0.0,0.0,0.0,0.0,0.0,0.0,0.0,0.0,False,DISABLED,0,nan,nan,nan,nan,nan,nan,nan,nan,nan,nan,nan,nan,nan,nan,nan,nan,nan,nan,nan,nan,nan,nan,nan,nan,nan,nan,nan,nan,nan,nan,nan,nan,nan,nan,27.1659571863246,17.665407766956505,-0.1580404268613131,0.021889402439411364,0.021889402439411364,0.021889402439411364,27.191962164372434,17.77088376438607,-0.13053145716438,-0.026004978047833305,-0.10547599742956493,-0.02750896969693309,0.10863445547813032,0.1120633228617493,0.01893305778503418,False,DISABLED,none,MODEL_ORIGIN_FRAME_NOT_ESTABLISHED,nan,nan,nan,nan,nan,nan,nan,nan,nan,nan,nan,nan,nan,NOT_EVALUATED,nan,nan,nan,nan,DISABLED,nan,nan,nan,nan,nan,nan
1791471077.636156,1791471077.6517107,1791471077.6606953,1791471077.6607156,front_rgbd_red_sphere,True,True,True,,86.452,86.452,1791471077.6517107,1791471077.651042,1791471077.636156,1791471077.636156,1791471077.636156,0.0,1791471076.632168,1791471077.6521704,1791471077.644214,1791471077.6521704,1791471077.644214,1791471077.6521704,1791471076.6281576,1791471077.6521704,1791471076.632168,1791471077.6521704,1791470991.1841562,GAZEBO_CLOCK_SYSTEM_INTERPOLATION,MAPPED_EXACT,0,86.452,1791471077.636156,0.0011839866638183594,0.0,RGB,0.0,0,1,0,UNCALIBRATED,PREPARATION,MID,TURNING,1.0,382,1.0,6.790117263793945,0.3633326292037964,nan,nan,False,0.0,0.0,0.0,0.0,0,0,0,0,0,0.0,0.0,0.0,0.0,0.0,0.0,0.0,0.0,0.0,0.0,0.0,0.0,0.0,0.0,6.346842329743287,1.8135027627205433,-1.5920091272726946,0.0,0.0,0.0,0.0,0.0,0.0,0.0,0.0,0.0,0.0,0.0,False,DISABLED,0,nan,nan,nan,nan,nan,nan,nan,nan,nan,nan,nan,nan,nan,nan,nan,nan,nan,nan,nan,nan,nan,nan,nan,nan,nan,nan,nan,nan,nan,nan,nan,nan,nan,nan,27.340919240771335,17.570787353383853,-0.15050136661000119,0.021874756962268045,0.021874756962268045,0.021874756962268045,27.374759680970676,17.671814808393727,-0.12406802826765546,-0.033840440199341515,-0.10102745500987353,-0.026433338342345722,0.10654446047851211,0.10977451177107624,0.015554666519165039,False,DISABLED,none,MODEL_ORIGIN_FRAME_NOT_ESTABLISHED,nan,nan,nan,nan,nan,nan,nan,nan,nan,nan,nan,nan,nan,NOT_EVALUATED,nan,nan,nan,nan,DISABLED,nan,nan,nan,nan,nan,nan
1791471077.6841605,1791471077.7132654,1791471077.7184536,1791471077.718491,front_rgbd_red_sphere,True,True,True,,86.5,86.5,1791471077.7132654,1791471077.7025163,1791471077.6841605,1791471077.6841605,1791471077.6841605,0.0,1791471076.6721666,1791471077.692166,1791471077.6842139,1791471077.692166,1791471077.6842139,1791471077.692166,1791471076.6681614,1791471077.692166,1791471076.6721666,1791471077.692166,1791470991.1841605,GAZEBO_CLOCK_SYSTEM_INTERPOLATION,MAPPED_EXACT,0,86.5,1791471077.6841605,0.0015935897827148438,0.0,RGB,0.0,0,1,0,UNCALIBRATED,PREPARATION,MID,TURNING,1.0,380,1.0,6.797232151031494,0.3597247898578644,nan,nan,False,0.0,0.0,0.0,0.0,0,0,0,0,0,0.0,0.0,0.0,0.0,0.0,0.0,0.0,0.0,0.0,0.0,0.0,0.0,0.0,0.0,6.362166761323032,1.7718542161233213,-1.608021154234688,0.0,0.0,0.0,0.0,0.0,0.0,0.0,0.0,0.0,0.0,0.0,False,DISABLED,0,nan,nan,nan,nan,nan,nan,nan,nan,nan,nan,nan,nan,nan,nan,nan,nan,nan,nan,nan,nan,nan,nan,nan,nan,nan,nan,nan,nan,nan,nan,nan,nan,nan,nan,27.51533161115196,17.47503550988863,-0.14235333295899627,0.02189580801577326,0.02189580801577326,0.02189580801577326,27.542905044595077,17.579234395177906,-0.11738606268957931,-0.027573433443116357,-0.10419888528927501,-0.02496727026941696,0.10778544394940098,0.11063935336070783,0.029104948043823242,False,DISABLED,none,MODEL_ORIGIN_FRAME_NOT_ESTABLISHED,nan,nan,nan,nan,nan,nan,nan,nan,nan,nan,nan,nan,nan,NOT_EVALUATED,nan,nan,nan,nan,DISABLED,nan,nan,nan,nan,nan,nan
1791471077.7361572,1791471077.7521381,1791471077.7607467,1791471077.760765,front_rgbd_red_sphere,True,True,True,,86.552,86.552,1791471077.7521381,1791471077.7513905,1791471077.7361572,1791471077.7361572,1791471077.7361572,0.0,1791471076.732156,1791471077.7481606,1791471077.7402139,1791471077.7481606,1791471077.7442138,1791471077.7521665,1791471076.732156,1791471077.7481606,1791471076.732156,1791471077.7521665,1791470991.1841571,GAZEBO_CLOCK_SYSTEM_INTERPOLATION,MAPPED_EXACT,0,86.552,1791471077.7361572,0.0011606216430664062,0.0,RGB,0.0,0,1,0,UNCALIBRATED,PREPARATION,MID,TURNING,1.0,377,1.0,6.793206214904785,0.3569340109825134,nan,nan,False,0.0,0.0,0.0,0.0,0,0,0,0,0,0.0,0.0,0.0,0.0,0.0,0.0,0.0,0.0,0.0,0.0,0.0,0.0,0.0,0.0,6.3650474688243355,1.7217260656346998,-1.633855068513029,0.0,0.0,0.0,0.0,0.0,0.0,0.0,0.0,0.0,0.0,0.0,False,DISABLED,0,nan,nan,nan,nan,nan,nan,nan,nan,nan,nan,nan,nan,nan,nan,nan,nan,nan,nan,nan,nan,nan,nan,nan,nan,nan,nan,nan,nan,nan,nan,nan,nan,nan,nan,27.6894224001061,17.378300018437415,-0.13390379562390992,0.02188389536709612,0.02188389536709612,0.02188389536709612,27.72442204500191,17.477665183292913,-0.10937352720482155,-0.03499964489580876,-0.09936516485549873,-0.02453026841908837,0.10534899681341608,0.10816720944124276,0.015980958938598633,False,DISABLED,none,MODEL_ORIGIN_FRAME_NOT_ESTABLISHED,nan,nan,nan,nan,nan,nan,nan,nan,nan,nan,nan,nan,nan,NOT_EVALUATED,nan,nan,nan,nan,DISABLED,nan,nan,nan,nan,nan,nan
1791471077.7841575,1791471077.801188,1791471077.8046577,1791471077.804677,front_rgbd_red_sphere,True,True,True,,86.6,86.6,1791471077.801188,1791471077.7996416,1791471077.7841575,1791471077.7841575,1791471077.7841575,0.0,1791471076.792162,1791471077.7881746,1791471077.780243,1791471077.7881746,1791471077.7842429,1791471077.7921734,1791471076.7881634,1791471077.7881746,1791471076.792162,1791471077.7921734,1791470991.1841576,GAZEBO_CLOCK_SYSTEM_INTERPOLATION,MAPPED_EXACT,0,86.6,1791471077.7841575,0.0012476444244384766,0.0,RGB,0.0,0,1,0,UNCALIBRATED,PREPARATION,MID,TURNING,1.0,374,1.0,6.800930023193359,0.3535585403442383,nan,nan,False,0.0,0.0,0.0,0.0,0,0,0,0,0,0.0,0.0,0.0,0.0,0.0,0.0,0.0,0.0,0.0,0.0,0.0,0.0,0.0,0.0,6.380269058802366,1.6805265292841645,-1.6494383843641356,0.0,0.0,0.0,0.0,0.0,0.0,0.0,0.0,0.0,0.0,0.0,False,DISABLED,0,nan,nan,nan,nan,nan,nan,nan,nan,nan,nan,nan,nan,nan,nan,nan,nan,nan,nan,nan,nan,nan,nan,nan,nan,nan,nan,nan,nan,nan,nan,nan,nan,nan,nan,27.86291608574148,17.280503463961733,-0.12494131914932444,0.02190675305999683,0.02190675305999683,0.02190675305999683,27.89142256864368,17.38282507440964,-0.10134373853895598,-0.02850648290219837,-0.102321610447909,-0.023597580610368457,0.106218320134085,0.10880798381906451,0.01703047752380371,False,DISABLED,none,MODEL_ORIGIN_FRAME_NOT_ESTABLISHED,nan,nan,nan,nan,nan,nan,nan,nan,nan,nan,nan,nan,nan,NOT_EVALUATED,nan,nan,nan,nan,DISABLED,nan,nan,nan,nan,nan,nan
1791471077.8361685,1791471077.85796,1791471077.8624716,1791471077.862491,front_rgbd_red_sphere,True,True,True,,86.652,86.652,1791471077.85796,1791471077.8566866,1791471077.8361685,1791471077.8361685,1791471077.8361685,0.0,1791471076.852167,1791471077.852173,1791471077.8442428,1791471077.852173,1791471077.8442428,1791471077.852173,1791471076.852167,1791471077.852173,1791471076.852167,1791471077.852173,1791470991.1841686,GAZEBO_CLOCK_SYSTEM_INTERPOLATION,MAPPED_EXACT,0,86.652,1791471077.8361685,0.003211498260498047,0.0,RGB,0.0,0,1,0,UNCALIBRATED,PREPARATION,MID,TURNING,1.0,373,1.0,6.797416687011719,0.350893497467041,nan,nan,False,0.0,0.0,0.0,0.0,0,0,0,0,0,0.0,0.0,0.0,0.0,0.0,0.0,0.0,0.0,0.0,0.0,0.0,0.0,0.0,0.0,6.383222383853492,1.632167216697204,-1.671936786598673,0.0,0.0,0.0,0.0,0.0,0.0,0.0,0.0,0.0,0.0,0.0,False,DISABLED,0,nan,nan,nan,nan,nan,nan,nan,nan,nan,nan,nan,nan,nan,nan,nan,nan,nan,nan,nan,nan,nan,nan,nan,nan,nan,nan,nan,nan,nan,nan,nan,nan,nan,nan,28.036023074403104,17.181525175536738,-0.11536921068530676,0.021896353370061728,0.021896353370061728,0.021896353370061728,28.071634042897404,17.278923585653356,-0.09198049819791597,-0.03561096849430001,-0.0973984101166181,-0.023388712487390786,0.10370434595689305,0.10630909294206584,0.021791458129882812,False,DISABLED,none,MODEL_ORIGIN_FRAME_NOT_ESTABLISHED,nan,nan,nan,nan,nan,nan,nan,nan,nan,nan,nan,nan,nan,NOT_EVALUATED,nan,nan,nan,nan,DISABLED,nan,nan,nan,nan,nan,nan
1791471077.8841598,1791471077.9025877,1791471077.9057114,1791471077.905736,front_rgbd_red_sphere,True,True,True,,86.7,86.7,1791471077.9025877,1791471077.9015315,1791471077.8841598,1791471077.8841598,1791471077.8841598,0.0,1791471076.8921647,1791471077.8922098,1791471077.884243,1791471077.8922098,1791471077.884243,1791471077.8922098,1791471076.8921647,1791471077.8922098,1791471076.8721626,1791471077.8922098,1791470991.1841598,GAZEBO_CLOCK_SYSTEM_INTERPOLATION,MAPPED_EXACT,0,86.7,1791471077.8841598,0.0026330947875976562,0.0,RGB,0.0,0,1,0,UNCALIBRATED,PREPARATION,MID,TURNING,1.0,372,1.0,6.805695533752441,0.3477395176887512,nan,nan,False,0.0,0.0,0.0,0.0,0,0,0,0,0,0.0,0.0,0.0,0.0,0.0,0.0,0.0,0.0,0.0,0.0,0.0,0.0,0.0,0.0,6.398343541912851,1.5929488386277901,-1.6855878001249534,0.0,0.0,0.0,0.0,0.0,0.0,0.0,0.0,0.0,0.0,0.0,False,DISABLED,0,nan,nan,nan,nan,nan,nan,nan,nan,nan,nan,nan,nan,nan,nan,nan,nan,nan,nan,nan,nan,nan,nan,nan,nan,nan,nan,nan,nan,nan,nan,nan,nan,nan,nan,28.208402071882688,17.081731152636188,-0.105459882388307,0.021920862157961574,0.021920862157961574,0.021920862157961574,28.237412252146743,17.182007679631763,-0.082805351633262,-0.029010180264055663,-0.10027652699557521,-0.022654530755045005,0.10438856462873378,0.10681853860158642,0.01842784881591797,False,DISABLED,none,MODEL_ORIGIN_FRAME_NOT_ESTABLISHED,nan,nan,nan,nan,nan,nan,nan,nan,nan,nan,nan,nan,nan,NOT_EVALUATED,nan,nan,nan,nan,DISABLED,nan,nan,nan,nan,nan,nan
1791471077.9361556,1791471077.951858,1791471077.9603353,1791471077.96036,front_rgbd_red_sphere,True,True,True,,86.752,86.752,1791471077.951858,1791471077.9510052,1791471077.9361556,1791471077.9361556,1791471077.9361556,0.0,1791471076.952168,1791471077.948171,1791471077.940243,1791471077.948171,1791471077.944243,1791471077.9521701,1791471076.9321635,1791471077.948171,1791471076.952168,1791471077.9521701,1791470991.1841555,GAZEBO_CLOCK_SYSTEM_INTERPOLATION,MAPPED_EXACT,0,86.752,1791471077.9361556,0.0011970996856689453,0.0,RGB,0.0,0,1,0,UNCALIBRATED,PREPARATION,MID,TURNING,1.0,370,1.0,6.80312442779541,0.3457430303096771,nan,nan,False,0.0,0.0,0.0,0.0,0,0,0,0,0,0.0,0.0,0.0,0.0,0.0,0.0,0.0,0.0,0.0,0.0,0.0,0.0,0.0,0.0,6.400541950432734,1.546293920421724,-1.7101279843471624,0.0,0.0,0.0,0.0,0.0,0.0,0.0,0.0,0.0,0.0,0.0,False,DISABLED,0,nan,nan,nan,nan,nan,nan,nan,nan,nan,nan,nan,nan,nan,nan,nan,nan,nan,nan,nan,nan,nan,nan,nan,nan,nan,nan,nan,nan,nan,nan,nan,nan,nan,nan,28.38061409085129,16.98040420295812,-0.09499100764361218,0.021913248823437037,0.021913248823437037,0.021913248823437037,28.416199041412998,17.075995521051443,-0.07233173240013353,-0.035584950561709405,-0.095591318093323,-0.022659275243478647,0.10199994510438799,0.10448651375109559,0.015702486038208008,False,DISABLED,none,MODEL_ORIGIN_FRAME_NOT_ESTABLISHED,nan,nan,nan,nan,nan,nan,nan,nan,nan,nan,nan,nan,nan,NOT_EVALUATED,nan,nan,nan,nan,DISABLED,nan,nan,nan,nan,nan,nan
1791471077.98416,1791471078.0036304,1791471078.008367,1791471078.0084138,front_rgbd_red_sphere,True,True,True,,86.8,86.8,1791471078.0036304,1791471078.0032098,1791471077.98416,1791471077.98416,1791471077.98416,0.0,1791471076.992174,1791471077.988175,1791471077.980243,1791471077.988175,1791471077.984243,1791471077.9921792,1791471076.9721594,1791471077.988175,1791471076.992174,1791471077.9921792,1791470991.18416,GAZEBO_CLOCK_SYSTEM_INTERPOLATION,MAPPED_EXACT,0,86.8,1791471077.98416,0.0036208629608154297,0.0,RGB,0.0,0,1,0,UNCALIBRATED,PREPARATION,MID,TURNING,1.0,369,1.0,6.812007904052734,0.34306055307388306,nan,nan,False,0.0,0.0,0.0,0.0,0,0,0,0,0,0.0,0.0,0.0,0.0,0.0,0.0,0.0,0.0,0.0,0.0,0.0,0.0,0.0,0.0,6.415069549864174,1.5078895610634317,-1.7252840191342362,0.0,0.0,0.0,0.0,0.0,0.0,0.0,0.0,0.0,0.0,0.0,False,DISABLED,0,nan,nan,nan,nan,nan,nan,nan,nan,nan,nan,nan,nan,nan,nan,nan,nan,nan,nan,nan,nan,nan,nan,nan,nan,nan,nan,nan,nan,nan,nan,nan,nan,nan,nan,28.55200182630896,16.878044881868977,-0.08461274734104579,0.02193955814542855,0.02193955814542855,0.02193955814542855,28.580903429320408,16.977050513024924,-0.06223081565195126,-0.028901603011448174,-0.09900563115594707,-0.022381931689094532,0.10313785753649718,0.10553846940028115,0.0194704532623291,False,DISABLED,none,MODEL_ORIGIN_FRAME_NOT_ESTABLISHED,nan,nan,nan,nan,nan,nan,nan,nan,nan,nan,nan,nan,nan,NOT_EVALUATED,nan,nan,nan,nan,DISABLED,nan,nan,nan,nan,nan,nan
1791471078.0361571,1791471078.053343,1791471078.0610523,1791471078.0610762,front_rgbd_red_sphere,True,True,True,,86.852,86.852,1791471078.053343,1791471078.052454,1791471078.0361571,1791471078.0361571,1791471078.0361571,0.0,1791471077.0321958,1791471078.0521736,1791471078.0442429,1791471078.0521736,1791471078.0442429,1791471078.0521736,1791471077.0281594,1791471078.0521736,1791471077.0321958,1791471078.0521736,1791470991.1841571,GAZEBO_CLOCK_SYSTEM_INTERPOLATION,MAPPED_EXACT,0,86.852,1791471078.0361571,0.0018134117126464844,0.0,RGB,0.0,0,1,0,UNCALIBRATED,PREPARATION,MID,TURNING,1.0,367,1.0,6.809861183166504,0.34157565236091614,nan,nan,False,0.0,0.0,0.0,0.0,0,0,0,0,0,0.0,0.0,0.0,0.0,0.0,0.0,0.0,0.0,0.0,0.0,0.0,0.0,0.0,0.0,6.416441982290645,1.462737825736255,-1.7503934904804392,0.0,0.0,0.0,0.0,0.0,0.0,0.0,0.0,0.0,0.0,0.0,False,DISABLED,0,nan,nan,nan,nan,nan,nan,nan,nan,nan,nan,nan,nan,nan,nan,nan,nan,nan,nan,nan,nan,nan,nan,nan,nan,nan,nan,nan,nan,nan,nan,nan,nan,nan,nan,28.722700371381894,16.774648940400702,-0.07384356322468294,0.021933198325499902,0.021933198325499902,0.021933198325499902,28.758558613847658,16.86889222295361,-0.0508890257853884,-0.03585824246576408,-0.09424328255290604,-0.022954537439294542,0.10083456678679395,0.10341431548935759,0.01718592643737793,False,DISABLED,none,MODEL_ORIGIN_FRAME_NOT_ESTABLISHED,nan,nan,nan,nan,nan,nan,nan,nan,nan,nan,nan,nan,nan,NOT_EVALUATED,nan,nan,nan,nan,DISABLED,nan,nan,nan,nan,nan,nan
1791471078.0841591,1791471078.111436,1791471078.1155734,1791471078.1155944,front_rgbd_red_sphere,True,True,True,,86.9,86.9,1791471078.111436,1791471078.1068838,1791471078.0841591,1791471078.0841591,1791471078.0841591,0.0,1791471077.072161,1791471078.092172,1791471078.0842428,1791471078.092172,1791471078.0842428,1791471078.092172,1791471077.0681639,1791471078.092172,1791471077.072161,1791471078.092172,1791470991.184159,GAZEBO_CLOCK_SYSTEM_INTERPOLATION,MAPPED_EXACT,0,86.9,1791471078.0841591,0.003997325897216797,0.0,RGB,0.0,0,1,0,UNCALIBRATED,PREPARATION,MID,TURNING,1.0,366,1.0,6.819370269775391,0.33946120738983154,nan,nan,False,0.0,0.0,0.0,0.0,0,0,0,0,0,0.0,0.0,0.0,0.0,0.0,0.0,0.0,0.0,0.0,0.0,0.0,0.0,0.0,0.0,6.430217733102537,1.425665151774309,-1.7673688511991763,0.0,0.0,0.0,0.0,0.0,0.0,0.0,0.0,0.0,0.0,0.0,False,DISABLED,0,nan,nan,nan,nan,nan,nan,nan,nan,nan,nan,nan,nan,nan,nan,nan,nan,nan,nan,nan,nan,nan,nan,nan,nan,nan,nan,nan,nan,nan,nan,nan,nan,nan,nan,28.893068090819124,16.670395309115943,-0.06304840989062294,0.021961374171205146,0.021961374171205146,0.021961374171205146,28.922023853009485,16.76814392331533,-0.04012310039426214,-0.028955762190360446,-0.09774861419938574,-0.022925309496360798,0.10194718113771005,0.1044930502829207,0.02727675437927246,False,DISABLED,none,MODEL_ORIGIN_FRAME_NOT_ESTABLISHED,nan,nan,nan,nan,nan,nan,nan,nan,nan,nan,nan,nan,nan,NOT_EVALUATED,nan,nan,nan,nan,DISABLED,nan,nan,nan,nan,nan,nan
1791471078.13616,1791471078.1551929,1791471078.1608756,1791471078.1608965,front_rgbd_red_sphere,True,True,True,,86.952,86.952,1791471078.1551929,1791471078.1541133,1791471078.13616,1791471078.13616,1791471078.13616,0.0,1791471077.1521642,1791471078.148171,1791471078.1402428,1791471078.148171,1791471078.144243,1791471078.152167,1791471077.1321564,1791471078.148171,1791471077.1521642,1791471078.152167,1791470991.18416,GAZEBO_CLOCK_SYSTEM_INTERPOLATION,MAPPED_EXACT,0,86.952,1791471078.13616,0.0016181468963623047,0.0,RGB,0.0,0,1,0,UNCALIBRATED,PREPARATION,MID,TURNING,1.0,366,1.0,6.817540645599365,0.33835214376449585,nan,nan,False,0.0,0.0,0.0,0.0,0,0,0,0,0,0.0,0.0,0.0,0.0,0.0,0.0,0.0,0.0,0.0,0.0,0.0,0.0,0.0,0.0,6.431005896455147,1.3819566375112569,-1.7919869638382089,0.0,0.0,0.0,0.0,0.0,0.0,0.0,0.0,0.0,0.0,0.0,False,DISABLED,0,nan,nan,nan,nan,nan,nan,nan,nan,nan,nan,nan,nan,nan,nan,nan,nan,nan,nan,nan,nan,nan,nan,nan,nan,nan,nan,nan,nan,nan,nan,nan,nan,nan,nan,29.062656131033968,16.565260397556536,-0.052110676866400085,0.02195595060292963,0.02195595060292963,0.02195595060292963,29.098438223135503,16.658038949948477,-0.028201653856387374,-0.0357820921015346,-0.0927785523919411,-0.02390902301001271,0.09943951879965462,0.10227345344907535,0.019032955169677734,False,DISABLED,none,MODEL_ORIGIN_FRAME_NOT_ESTABLISHED,nan,nan,nan,nan,nan,nan,nan,nan,nan,nan,nan,nan,nan,NOT_EVALUATED,nan,nan,nan,nan,DISABLED,nan,nan,nan,nan,nan,nan
1791471078.1841557,1791471078.2003171,1791471078.2053173,1791471078.2053385,front_rgbd_red_sphere,True,True,True,,87.0,87.0,1791471078.2003171,1791471078.199123,1791471078.1841557,1791471078.1841557,1791471078.1841557,0.0,1791471077.188169,1791471078.188172,1791471078.180243,1791471078.188172,1791471078.184243,1791471078.192166,1791471077.188169,1791471078.188172,1791471077.1721578,1791471078.192166,1791470991.1841557,GAZEBO_CLOCK_SYSTEM_INTERPOLATION,MAPPED_EXACT,0,87.0,1791471078.1841557,0.0005364418029785156,0.0,RGB,0.0,0,1,0,UNCALIBRATED,PREPARATION,MID,TURNING,1.0,366,1.0,6.827418804168701,0.3361646831035614,nan,nan,False,0.0,0.0,0.0,0.0,0,0,0,0,0,0.0,0.0,0.0,0.0,0.0,0.0,0.0,0.0,0.0,0.0,0.0,0.0,0.0,0.0,6.445266082173951,1.3461065770049379,-1.8055997040868097,0.0,0.0,0.0,0.0,0.0,0.0,0.0,0.0,0.0,0.0,0.0,False,DISABLED,0,nan,nan,nan,nan,nan,nan,nan,nan,nan,nan,nan,nan,nan,nan,nan,nan,nan,nan,nan,nan,nan,nan,nan,nan,nan,nan,nan,nan,nan,nan,nan,nan,nan,nan,29.23203945696944,16.458993432362234,-0.04131777930570196,0.021985234958989183,0.021985234958989183,0.021985234958989183,29.260679476370484,16.555601949637843,-0.01703787799805561,-0.028640019401045436,-0.09660851727560882,-0.024279901307646352,0.10076436037351633,0.1036482992093595,0.016161441802978516,False,DISABLED,none,MODEL_ORIGIN_FRAME_NOT_ESTABLISHED,nan,nan,nan,nan,nan,nan,nan,nan,nan,nan,nan,nan,nan,NOT_EVALUATED,nan,nan,nan,nan,DISABLED,nan,nan,nan,nan,nan,nan
1791471078.2361696,1791471078.2632465,1791471078.2674644,1791471078.267496,front_rgbd_red_sphere,True,True,True,,87.052,87.052,1791471078.251931,1791471078.2632465,1791471078.2361696,1791471078.2361696,1791471078.2361696,0.0,1791471077.2521694,1791471078.2521696,1791471078.244243,1791471078.2521696,1791471078.244243,1791471078.2521696,1791471077.2521694,1791471078.2521696,1791471077.2521694,1791471078.2521696,1791470991.1841695,GAZEBO_CLOCK_SYSTEM_INTERPOLATION,MAPPED_EXACT,0,87.052,1791471078.2361696,0.0034432411193847656,0.0,RGB,0.0,0,1,0,UNCALIBRATED,PREPARATION,MID,TURNING,1.0,363,1.0,6.82569694519043,0.3350081145763397,nan,nan,False,0.0,0.0,0.0,0.0,0,0,0,0,0,0.0,0.0,0.0,0.0,0.0,0.0,0.0,0.0,0.0,0.0,0.0,0.0,0.0,0.0,6.4462403483164,1.3042477895099793,-1.8262150276917746,0.0,0.0,0.0,0.0,0.0,0.0,0.0,0.0,0.0,0.0,0.0,False,DISABLED,0,nan,nan,nan,nan,nan,nan,nan,nan,nan,nan,nan,nan,nan,nan,nan,nan,nan,nan,nan,nan,nan,nan,nan,nan,nan,nan,nan,nan,nan,nan,nan,nan,nan,nan,29.400499559847667,16.351931090790213,-0.030368938674668777,0.021980128874747745,0.021980128874747745,0.021980128874747745,29.436025126636444,16.443568484232078,-0.00482105801651268,-0.035525566788777496,-0.09163739344186439,-0.025547880658156098,0.09828264227463027,0.10154886497940943,0.02707695960998535,False,DISABLED,none,MODEL_ORIGIN_FRAME_NOT_ESTABLISHED,nan,nan,nan,nan,nan,nan,nan,nan,nan,nan,nan,nan,nan,NOT_EVALUATED,nan,nan,nan,nan,DISABLED,nan,nan,nan,nan,nan,nan
1791471078.2841597,1791471078.3141887,1791471078.3180819,1791471078.3181026,front_rgbd_red_sphere,True,True,True,,87.1,87.1,1791471078.3141887,1791471078.3015258,1791471078.2841597,1791471078.2841597,1791471078.2841597,0.0,1791471077.272176,1791471078.2921622,1791471078.2842429,1791471078.2921622,1791471078.2842429,1791471078.2921622,1791471077.2681756,1791471078.2921622,1791471077.272176,1791471078.2921622,1791470991.1841598,GAZEBO_CLOCK_SYSTEM_INTERPOLATION,MAPPED_EXACT,0,87.1,1791471078.2841597,0.002351522445678711,0.0,RGB,0.0,0,1,0,UNCALIBRATED,PREPARATION,MID,STRAIGHT,1.0,359,1.0,6.835427284240723,0.3330349028110504,nan,nan,False,0.0,0.0,0.0,0.0,0,0,0,0,0,0.0,0.0,0.0,0.0,0.0,0.0,0.0,0.0,0.0,0.0,0.0,0.0,0.0,0.0,6.459851611918135,1.269989608011774,-1.8386159798726651,0.0,0.0,0.0,0.0,0.0,0.0,0.0,0.0,0.0,0.0,0.0,False,DISABLED,0,nan,nan,nan,nan,nan,nan,nan,nan,nan,nan,nan,nan,nan,nan,nan,nan,nan,nan,nan,nan,nan,nan,nan,nan,nan,nan,nan,nan,nan,nan,nan,nan,nan,nan,29.568514880424328,16.244195389169224,-0.01959100259517571,0.02200899005698257,0.02200899005698257,0.02200899005698257,29.59729163383203,16.33939747469223,0.006480596763115228,-0.02877675340770125,-0.09520208552300602,-0.02607159935829094,0.09945621461033693,0.10281666653668867,0.0300290584564209,False,DISABLED,none,MODEL_ORIGIN_FRAME_NOT_ESTABLISHED,nan,nan,nan,nan,nan,nan,nan,nan,nan,nan,nan,nan,nan,NOT_EVALUATED,nan,nan,nan,nan,DISABLED,nan,nan,nan,nan,nan,nan
1791471078.3361588,1791471078.3664572,1791471078.370755,1791471078.3707776,front_rgbd_red_sphere,True,True,True,,87.152,87.152,1791471078.3664572,1791471078.365666,1791471078.3361588,1791471078.3361588,1791471078.3361588,0.0,1791471077.352168,1791471078.3481705,1791471078.3402429,1791471078.3481705,1791471078.3442428,1791471078.3521724,1791471077.3481686,1791471078.3481705,1791471077.352168,1791471078.3521724,1791470991.1841588,GAZEBO_CLOCK_SYSTEM_INTERPOLATION,MAPPED_EXACT,0,87.152,1791471078.3361588,0.002558469772338867,0.0,RGB,0.0,0,1,0,UNCALIBRATED,PREPARATION,MID,STRAIGHT,1.0,362,1.0,6.833874702453613,0.33244630694389343,nan,nan,False,0.0,0.0,0.0,0.0,0,0,0,0,0,0.0,0.0,0.0,0.0,0.0,0.0,0.0,0.0,0.0,0.0,0.0,0.0,0.0,0.0,6.459698078448288,1.2296335442483368,-1.8606837019492604,0.0,0.0,0.0,0.0,0.0,0.0,0.0,0.0,0.0,0.0,0.0,False,DISABLED,0,nan,nan,nan,nan,nan,nan,nan,nan,nan,nan,nan,nan,nan,nan,nan,nan,nan,nan,nan,nan,nan,nan,nan,nan,nan,nan,nan,nan,nan,nan,nan,nan,nan,nan,29.735828400170227,16.135470379305893,-0.008783757759541488,0.022004383501474996,0.022004383501474996,0.022004383501474996,29.77150502669715,16.225592534311414,0.018685343215502314,-0.035676626526921495,-0.09012215500552045,-0.027469100975043802,0.09692690288655928,0.10074411154781031,0.030298471450805664,False,DISABLED,none,MODEL_ORIGIN_FRAME_NOT_ESTABLISHED,nan,nan,nan,nan,nan,nan,nan,nan,nan,nan,nan,nan,nan,NOT_EVALUATED,nan,nan,nan,nan,DISABLED,nan,nan,nan,nan,nan,nan
1791471078.384157,1791471078.4096174,1791471078.41343,1791471078.4134524,front_rgbd_red_sphere,True,True,True,,87.2,87.2,1791471078.4096174,1791471078.4084797,1791471078.384157,1791471078.384157,1791471078.384157,0.0,1791471077.3721626,1791471078.3881707,1791471078.3802428,1791471078.3881707,1791471078.384243,1791471078.3921678,1791471077.3721626,1791471078.3881707,1791471077.3721626,1791471078.3921678,1791470991.184157,GAZEBO_CLOCK_SYSTEM_INTERPOLATION,MAPPED_EXACT,0,87.2,1791471078.384157,0.0017299652099609375,0.0,RGB,0.0,0,1,0,UNCALIBRATED,PREPARATION,MID,STRAIGHT,1.0,362,1.0,6.843643665313721,0.3305853009223938,nan,nan,False,0.0,0.0,0.0,0.0,0,0,0,0,0,0.0,0.0,0.0,0.0,0.0,0.0,0.0,0.0,0.0,0.0,0.0,0.0,0.0,0.0,6.473077705929385,1.1962218707017902,-1.8718382645841638,0.0,0.0,0.0,0.0,0.0,0.0,0.0,0.0,0.0,0.0,0.0,False,DISABLED,0,nan,nan,nan,nan,nan,nan,nan,nan,nan,nan,nan,nan,nan,nan,nan,nan,nan,nan,nan,nan,nan,nan,nan,nan,nan,nan,nan,nan,nan,nan,nan,nan,nan,nan,29.902902131061566,16.025842571135435,0.001965273958019209,0.022033376078069666,0.022033376078069666,0.022033376078069666,29.931696826332992,16.11985943260673,0.029837344051769323,-0.028794695271425752,-0.09401686147129595,-0.027872070093750114,0.09832753793666921,0.1022015509079879,0.025460481643676758,False,DISABLED,none,MODEL_ORIGIN_FRAME_NOT_ESTABLISHED,nan,nan,nan,nan,nan,nan,nan,nan,nan,nan,nan,nan,nan,NOT_EVALUATED,nan,nan,nan,nan,DISABLED,nan,nan,nan,nan,nan,nan
1791471078.4361577,1791471078.4530804,1791471078.4602058,1791471078.4602306,front_rgbd_red_sphere,True,True,True,,87.252,87.252,1791471078.4530804,1791471078.4514275,1791471078.4361577,1791471078.4361577,1791471078.4361577,0.0,1791471077.432188,1791471078.4521651,1791471078.444243,1791471078.4521651,1791471078.444243,1791471078.4521651,1791471077.4281578,1791471078.4521651,1791471077.432188,1791471078.4521651,1791470991.1841576,GAZEBO_CLOCK_SYSTEM_INTERPOLATION,MAPPED_EXACT,0,87.252,1791471078.4361577,0.0012552738189697266,0.0,RGB,0.0,0,1,0,UNCALIBRATED,PREPARATION,MID,STRAIGHT,1.0,357,1.0,6.841630458831787,0.32972943782806396,nan,nan,False,0.0,0.0,0.0,0.0,0,0,0,0,0,0.0,0.0,0.0,0.0,0.0,0.0,0.0,0.0,0.0,0.0,0.0,0.0,0.0,0.0,6.473071881991196,1.1575986142994568,-1.8887074327728817,0.0,0.0,0.0,0.0,0.0,0.0,0.0,0.0,0.0,0.0,0.0,False,DISABLED,0,nan,nan,nan,nan,nan,nan,nan,nan,nan,nan,nan,nan,nan,nan,nan,nan,nan,nan,nan,nan,nan,nan,nan,nan,nan,nan,nan,nan,nan,nan,nan,nan,nan,nan,30.069219058803675,15.915376578874987,0.012406598887451159,0.022027400025740315,0.022027400025740315,0.022027400025740315,30.10477517320062,16.004399487021452,0.041726854463943905,-0.03555611439694317,-0.08902290814646463,-0.029320255576492746,0.09586091719706415,0.10024466486019713,0.016922712326049805,False,DISABLED,none,MODEL_ORIGIN_FRAME_NOT_ESTABLISHED,nan,nan,nan,nan,nan,nan,nan,nan,nan,nan,nan,nan,nan,NOT_EVALUATED,nan,nan,nan,nan,DISABLED,nan,nan,nan,nan,nan,nan
1791471078.484159,1791471078.5017753,1791471078.5077658,1791471078.507802,front_rgbd_red_sphere,True,True,True,,87.3,87.3,1791471078.5017753,1791471078.500251,1791471078.484159,1791471078.484159,1791471078.484159,0.0,1791471077.4921627,1791471078.4921741,1791471078.484243,1791471078.4921741,1791471078.484243,1791471078.4921741,1791471077.4921627,1791471078.4921741,1791471077.4921627,1791471078.4921741,1791470991.184159,GAZEBO_CLOCK_SYSTEM_INTERPOLATION,MAPPED_EXACT,0,87.3,1791471078.484159,0.002274751663208008,0.0,RGB,0.0,0,1,0,UNCALIBRATED,PREPARATION,MID,STRAIGHT,1.0,358,1.0,6.850888729095459,0.3276608884334564,nan,nan,False,0.0,0.0,0.0,0.0,0,0,0,0,0,0.0,0.0,0.0,0.0,0.0,0.0,0.0,0.0,0.0,0.0,0.0,0.0,0.0,0.0,6.486405805533358,1.1261208704107863,-1.8955385597058525,0.0,0.0,0.0,0.0,0.0,0.0,0.0,0.0,0.0,0.0,0.0,False,DISABLED,0,nan,nan,nan,nan,nan,nan,nan,nan,nan,nan,nan,nan,nan,nan,nan,nan,nan,nan,nan,nan,nan,nan,nan,nan,nan,nan,nan,nan,nan,nan,nan,nan,nan,nan,30.23501856324749,15.803954212548005,0.022633701039819043,0.022054889288280637,0.022054889288280637,0.022054889288280637,30.263970580576597,15.897154873691278,0.052457815412994824,-0.02895201732910735,-0.09320066114327297,-0.02982411437317578,0.09759396776936638,0.10204930349155938,0.01761627197265625,False,DISABLED,none,MODEL_ORIGIN_FRAME_NOT_ESTABLISHED,nan,nan,nan,nan,nan,nan,nan,nan,nan,nan,nan,nan,nan,NOT_EVALUATED,nan,nan,nan,nan,DISABLED,nan,nan,nan,nan,nan,nan
1791471078.5361547,1791471078.5530217,1791471078.560164,1791471078.5601883,front_rgbd_red_sphere,True,True,True,,87.352,87.352,1791471078.5530217,1791471078.551689,1791471078.5361547,1791471078.5361547,1791471078.5361547,0.0,1791471077.5521672,1791471078.5481915,1791471078.540243,1791471078.5481915,1791471078.5442429,1791471078.5521674,1791471077.5481653,1791471078.5481915,1791471077.5521672,1791471078.5521674,1791470991.1841547,GAZEBO_CLOCK_SYSTEM_INTERPOLATION,MAPPED_EXACT,0,87.352,1791471078.5361547,0.0011534690856933594,0.0,RGB,0.0,0,1,0,UNCALIBRATED,PREPARATION,MID,STRAIGHT,1.0,357,1.0,6.848635673522949,0.32696792483329773,nan,nan,False,0.0,0.0,0.0,0.0,0,0,0,0,0,0.0,0.0,0.0,0.0,0.0,0.0,0.0,0.0,0.0,0.0,0.0,0.0,0.0,0.0,6.485798616436061,1.0891808462948456,-1.9109982245490693,0.0,0.0,0.0,0.0,0.0,0.0,0.0,0.0,0.0,0.0,0.0,False,DISABLED,0,nan,nan,nan,nan,nan,nan,nan,nan,nan,nan,nan,nan,nan,nan,nan,nan,nan,nan,nan,nan,nan,nan,nan,nan,nan,nan,nan,nan,nan,nan,nan,nan,nan,nan,30.399775106901767,15.69170300370366,0.032696838889554825,0.02204819862096256,0.02204819862096256,0.02204819862096256,30.43594757533132,15.780126185644294,0.0637395263943832,-0.036172468429551685,-0.08842318194063381,-0.031042687504828373,0.09553589156329334,0.10045275020782543,0.01686692237854004,False,DISABLED,none,MODEL_ORIGIN_FRAME_NOT_ESTABLISHED,nan,nan,nan,nan,nan,nan,nan,nan,nan,nan,nan,nan,nan,NOT_EVALUATED,nan,nan,nan,nan,DISABLED,nan,nan,nan,nan,nan,nan
1791471078.5841596,1791471078.6018815,1791471078.605209,1791471078.6052308,front_rgbd_red_sphere,True,True,True,,87.4,87.4,1791471078.6018815,1791471078.6002514,1791471078.5841596,1791471078.5841596,1791471078.5841596,0.0,1791471077.5721595,1791471078.5881712,1791471078.5802429,1791471078.5881712,1791471078.5842428,1791471078.5921743,1791471077.5721595,1791471078.5881712,1791471077.5721595,1791471078.5921743,1791470991.1841595,GAZEBO_CLOCK_SYSTEM_INTERPOLATION,MAPPED_EXACT,0,87.4,1791471078.5841596,0.001959562301635742,0.0,RGB,0.0,0,1,0,UNCALIBRATED,PREPARATION,MID,STRAIGHT,1.0,356,1.0,6.857304573059082,0.3255159258842468,nan,nan,False,0.0,0.0,0.0,0.0,0,0,0,0,0,0.0,0.0,0.0,0.0,0.0,0.0,0.0,0.0,0.0,0.0,0.0,0.0,0.0,0.0,6.4971991726047795,1.0583236172675434,-1.9206718833687244,0.0,0.0,0.0,0.0,0.0,0.0,0.0,0.0,0.0,0.0,0.0,False,DISABLED,0,nan,nan,nan,nan,nan,nan,nan,nan,nan,nan,nan,nan,nan,nan,nan,nan,nan,nan,nan,nan,nan,nan,nan,nan,nan,nan,nan,nan,nan,nan,nan,nan,nan,nan,30.563892864408967,15.578960898932646,0.04245840485107083,0.022073950013695883,0.022073950013695883,0.022073950013695883,30.5941903697988,15.671437252145605,0.07378600472561522,-0.030297505389832224,-0.09247635321295888,-0.03132759987454439,0.09731297311466156,0.10223127334780878,0.017721891403198242,False,DISABLED,none,MODEL_ORIGIN_FRAME_NOT_ESTABLISHED,nan,nan,nan,nan,nan,nan,nan,nan,nan,nan,nan,nan,nan,NOT_EVALUATED,nan,nan,nan,nan,DISABLED,nan,nan,nan,nan,nan,nan
1791471078.636166,1791471078.6629274,1791471078.6672149,1791471078.6672347,front_rgbd_red_sphere,True,True,True,,87.452,87.452,1791471078.6629274,1791471078.6601236,1791471078.636166,1791471078.636166,1791471078.636166,0.0,1791471077.6521704,1791471078.6521854,1791471078.644243,1791471078.6521854,1791471078.644243,1791471078.6521854,1791471077.6521704,1791471078.6521854,1791471077.6521704,1791471078.6521854,1791470991.1841662,GAZEBO_CLOCK_SYSTEM_INTERPOLATION,MAPPED_EXACT,0,87.452,1791471078.636166,0.003017425537109375,0.0,RGB,0.0,0,1,0,UNCALIBRATED,PREPARATION,MID,STRAIGHT,1.0,354,1.0,6.854726314544678,0.32599857449531555,nan,nan,False,0.0,0.0,0.0,0.0,0,0,0,0,0,0.0,0.0,0.0,0.0,0.0,0.0,0.0,0.0,0.0,0.0,0.0,0.0,0.0,0.0,6.493697373293834,1.0220288232413868,-1.9428389355151259,0.0,0.0,0.0,0.0,0.0,0.0,0.0,0.0,0.0,0.0,0.0,False,DISABLED,0,nan,nan,nan,nan,nan,nan,nan,nan,nan,nan,nan,nan,nan,nan,nan,nan,nan,nan,nan,nan,nan,nan,nan,nan,nan,nan,nan,nan,nan,nan,nan,nan,nan,nan,30.727323062478767,15.465575187560894,0.05221038229071434,0.022066289122210873,0.022066289122210873,0.022066289122210873,30.765151838340444,15.55288334258645,0.08418541733581714,-0.037828775861676434,-0.08730815502555522,-0.031975035045102795,0.0951510915184862,0.10037994363066205,0.026761293411254883,False,DISABLED,none,MODEL_ORIGIN_FRAME_NOT_ESTABLISHED,nan,nan,nan,nan,nan,nan,nan,nan,nan,nan,nan,nan,nan,NOT_EVALUATED,nan,nan,nan,nan,DISABLED,nan,nan,nan,nan,nan,nan
1791471078.6841557,1791471078.7033498,1791471078.7088134,1791471078.7088494,front_rgbd_red_sphere,True,True,True,,87.5,87.5,1791471078.7033498,1791471078.7022827,1791471078.6841557,1791471078.6841557,1791471078.6841557,0.0,1791471077.692166,1791471078.6921833,1791471078.684243,1791471078.6921833,1791471078.684243,1791471078.6921833,1791471077.692166,1791471078.6921833,1791471077.692166,1791471078.6921833,1791470991.1841557,GAZEBO_CLOCK_SYSTEM_INTERPOLATION,MAPPED_EXACT,0,87.5,1791471078.6841557,0.003457307815551758,0.0,RGB,0.0,0,1,0,UNCALIBRATED,PREPARATION,MID,STRAIGHT,1.0,358,1.0,6.862943649291992,0.3253953456878662,nan,nan,False,0.0,0.0,0.0,0.0,0,0,0,0,0,0.0,0.0,0.0,0.0,0.0,0.0,0.0,0.0,0.0,0.0,0.0,0.0,0.0,0.0,6.502806770567158,0.9916026703251033,-1.9570961448944182,0.0,0.0,0.0,0.0,0.0,0.0,0.0,0.0,0.0,0.0,0.0,False,DISABLED,0,nan,nan,nan,nan,nan,nan,nan,nan,nan,nan,nan,nan,nan,nan,nan,nan,nan,nan,nan,nan,nan,nan,nan,nan,nan,nan,nan,nan,nan,nan,nan,nan,nan,nan,30.890475602588566,15.351594794035513,0.06122362426035283,0.02209070972531344,0.02209070972531344,0.02209070972531344,30.92239122589699,15.442877823981684,0.09329525988356564,-0.03191562330842501,-0.09128302994617066,-0.032071635623212816,0.0967015954745255,0.10188124645324528,0.01919412612915039,False,DISABLED,none,MODEL_ORIGIN_FRAME_NOT_ESTABLISHED,nan,nan,nan,nan,nan,nan,nan,nan,nan,nan,nan,nan,nan,NOT_EVALUATED,nan,nan,nan,nan,DISABLED,nan,nan,nan,nan,nan,nan
1791471078.7361631,1791471078.7570183,1791471078.7622223,1791471078.7622426,front_rgbd_red_sphere,True,True,True,,87.552,87.552,1791471078.7570183,1791471078.7558422,1791471078.7361631,1791471078.7361631,1791471078.7361631,0.0,1791471077.7521665,1791471078.7482061,1791471078.740243,1791471078.7482061,1791471078.744243,1791471078.7521732,1791471077.7481606,1791471078.7482061,1791471077.7521665,1791471078.7521732,1791470991.184163,GAZEBO_CLOCK_SYSTEM_INTERPOLATION,MAPPED_EXACT,0,87.552,1791471078.7361631,0.002991199493408203,0.0,RGB,0.0,0,1,0,UNCALIBRATED,PREPARATION,MID,STRAIGHT,1.0,358,1.0,6.859678268432617,0.32623380422592163,nan,nan,False,0.0,0.0,0.0,0.0,0,0,0,0,0,0.0,0.0,0.0,0.0,0.0,0.0,0.0,0.0,0.0,0.0,0.0,0.0,0.0,0.0,6.497871711729711,0.95633911956907,-1.9794607087385767,0.0,0.0,0.0,0.0,0.0,0.0,0.0,0.0,0.0,0.0,0.0,False,DISABLED,0,nan,nan,nan,nan,nan,nan,nan,nan,nan,nan,nan,nan,nan,nan,nan,nan,nan,nan,nan,nan,nan,nan,nan,nan,nan,nan,nan,nan,nan,nan,nan,nan,nan,nan,31.053215189429544,15.236803380046057,0.0698729551593465,0.022081003833826433,0.022081003833826433,0.022081003833826433,31.092321525365705,15.322907609031336,0.10255382854612867,-0.039106335936160974,-0.08610422898527936,-0.032680873386782175,0.094568725060145,0.10005640031914094,0.020855188369750977,False,DISABLED,none,MODEL_ORIGIN_FRAME_NOT_ESTABLISHED,nan,nan,nan,nan,nan,nan,nan,nan,nan,nan,nan,nan,nan,NOT_EVALUATED,nan,nan,nan,nan,DISABLED,nan,nan,nan,nan,nan,nan
1791471078.7841558,1791471078.8017752,1791471078.805011,1791471078.8050308,front_rgbd_red_sphere,True,True,True,,87.6,87.6,1791471078.8017752,1791471078.8005319,1791471078.7841558,1791471078.7841558,1791471078.7841558,0.0,1791471077.7921734,1791471078.7881868,1791471078.780272,1791471078.7881868,1791471078.784272,1791471078.7921855,1791471077.7881746,1791471078.7881868,1791471077.7921734,1791471078.7921855,1791470991.184156,GAZEBO_CLOCK_SYSTEM_INTERPOLATION,MAPPED_EXACT,0,87.6,1791471078.7841558,0.0018153190612792969,0.0,RGB,0.0,0,1,0,UNCALIBRATED,PREPARATION,MID,STRAIGHT,1.0,354,1.0,6.867000102996826,0.3252975642681122,nan,nan,False,0.0,0.0,0.0,0.0,0,0,0,0,0,0.0,0.0,0.0,0.0,0.0,0.0,0.0,0.0,0.0,0.0,0.0,0.0,0.0,0.0,6.50686510113027,0.9272176603304931,-1.9891372978610713,0.0,0.0,0.0,0.0,0.0,0.0,0.0,0.0,0.0,0.0,0.0,False,DISABLED,0,nan,nan,nan,nan,nan,nan,nan,nan,nan,nan,nan,nan,nan,nan,nan,nan,nan,nan,nan,nan,nan,nan,nan,nan,nan,nan,nan,nan,nan,nan,nan,nan,nan,nan,31.215497126264477,15.121443353096359,0.07783209903674854,0.02210276981442286,0.02210276981442286,0.02210276981442286,31.24880750853832,15.211495683058136,0.11051388970186564,-0.033310382273842976,-0.09005232996177703,-0.0326817906651171,0.09601564298995408,0.10142535747954184,0.01761937141418457,False,DISABLED,none,MODEL_ORIGIN_FRAME_NOT_ESTABLISHED,nan,nan,nan,nan,nan,nan,nan,nan,nan,nan,nan,nan,nan,NOT_EVALUATED,nan,nan,nan,nan,DISABLED,nan,nan,nan,nan,nan,nan
1791471078.8361566,1791471078.867025,1791471078.8734274,1791471078.8734539,front_rgbd_red_sphere,True,True,True,,87.652,87.652,1791471078.8589063,1791471078.867025,1791471078.8361566,1791471078.8361566,1791471078.8361566,0.0,1791471077.832163,1791471078.8521683,1791471078.844272,1791471078.8521683,1791471078.844272,1791471078.8521683,1791471077.8281617,1791471078.8521683,1791471077.832163,1791471078.8521683,1791470991.1841567,GAZEBO_CLOCK_SYSTEM_INTERPOLATION,MAPPED_EXACT,0,87.652,1791471078.8361566,0.0033299922943115234,0.0,RGB,0.0,0,1,0,UNCALIBRATED,PREPARATION,MID,STRAIGHT,1.0,357,1.0,6.863020896911621,0.32572972774505615,nan,nan,False,0.0,0.0,0.0,0.0,0,0,0,0,0,0.0,0.0,0.0,0.0,0.0,0.0,0.0,0.0,0.0,0.0,0.0,0.0,0.0,0.0,6.502145732157048,0.8941080871415839,-2.005922555945636,0.0,0.0,0.0,0.0,0.0,0.0,0.0,0.0,0.0,0.0,0.0,False,DISABLED,0,nan,nan,nan,nan,nan,nan,nan,nan,nan,nan,nan,nan,nan,nan,nan,nan,nan,nan,nan,nan,nan,nan,nan,nan,nan,nan,nan,nan,nan,nan,nan,nan,nan,nan,31.377428004113803,15.005252999228816,0.085310642293492,0.022090938555336344,0.022090938555336344,0.022090938555336344,31.417703095634646,15.090204676432611,0.1184020044454291,-0.04027509152084363,-0.08495167720379548,-0.0330913621519371,0.09401526714715114,0.09966899570990395,0.0308682918548584,False,DISABLED,none,MODEL_ORIGIN_FRAME_NOT_ESTABLISHED,nan,nan,nan,nan,nan,nan,nan,nan,nan,nan,nan,nan,nan,NOT_EVALUATED,nan,nan,nan,nan,DISABLED,nan,nan,nan,nan,nan,nan
1791471078.8841686,1791471078.904967,1791471078.9096715,1791471078.9096916,front_rgbd_red_sphere,True,True,True,,87.7,87.7,1791471078.904967,1791471078.9027207,1791471078.8841686,1791471078.8841686,1791471078.8841686,0.0,1791471077.8721592,1791471078.8921683,1791471078.8842719,1791471078.8921683,1791471078.8842719,1791471078.8921683,1791471077.8681595,1791471078.8921683,1791471077.8721592,1791471078.8921683,1791470991.1841686,GAZEBO_CLOCK_SYSTEM_INTERPOLATION,MAPPED_EXACT,0,87.7,1791471078.8841686,0.0013802051544189453,0.0,RGB,0.0,0,1,0,UNCALIBRATED,PREPARATION,MID,STRAIGHT,1.0,358,1.0,6.869442939758301,0.3249368965625763,nan,nan,False,0.0,0.0,0.0,0.0,0,0,0,0,0,0.0,0.0,0.0,0.0,0.0,0.0,0.0,0.0,0.0,0.0,0.0,0.0,0.0,0.0,6.509970960975356,0.8670995695137247,-2.0143639683144965,0.0,0.0,0.0,0.0,0.0,0.0,0.0,0.0,0.0,0.0,0.0,False,DISABLED,0,nan,nan,nan,nan,nan,nan,nan,nan,nan,nan,nan,nan,nan,nan,nan,nan,nan,nan,nan,nan,nan,nan,nan,nan,nan,nan,nan,nan,nan,nan,nan,nan,nan,nan,31.538679795166324,14.888669468626047,0.09198271051612222,0.02211003321924582,0.02211003321924582,0.02211003321924582,31.573230303770984,14.977617013464446,0.12500519492515,-0.034550508604660024,-0.0889475448383994,-0.033022484409027775,0.09542223733291814,0.10097468917587336,0.020798444747924805,False,DISABLED,none,MODEL_ORIGIN_FRAME_NOT_ESTABLISHED,nan,nan,nan,nan,nan,nan,nan,nan,nan,nan,nan,nan,nan,NOT_EVALUATED,nan,nan,nan,nan,DISABLED,nan,nan,nan,nan,nan,nan
1791471078.9361577,1791471078.9538639,1791471078.961156,1791471078.961179,front_rgbd_red_sphere,True,True,True,,87.752,87.752,1791471078.9538639,1791471078.9524348,1791471078.9361577,1791471078.9361577,1791471078.9361577,0.0,1791471077.9521701,1791471078.9481637,1791471078.9402719,1791471078.9481637,1791471078.9442718,1791471078.9521787,1791471077.9321623,1791471078.9481637,1791471077.9521701,1791471078.9521787,1791470991.1841576,GAZEBO_CLOCK_SYSTEM_INTERPOLATION,MAPPED_EXACT,0,87.752,1791471078.9361577,0.002094745635986328,0.0,RGB,0.0,0,1,0,UNCALIBRATED,PREPARATION,MID,STRAIGHT,1.0,359,1.0,6.864393711090088,0.32572054862976074,nan,nan,False,0.0,0.0,0.0,0.0,0,0,0,0,0,0.0,0.0,0.0,0.0,0.0,0.0,0.0,0.0,0.0,0.0,0.0,0.0,0.0,0.0,6.503466795833228,0.8360552573918278,-2.031214895069179,0.0,0.0,0.0,0.0,0.0,0.0,0.0,0.0,0.0,0.0,0.0,False,DISABLED,0,nan,nan,nan,nan,nan,nan,nan,nan,nan,nan,nan,nan,nan,nan,nan,nan,nan,nan,nan,nan,nan,nan,nan,nan,nan,nan,nan,nan,nan,nan,nan,nan,nan,nan,31.699320476490207,14.771881642540183,0.09859932861508375,0.02209502040514159,0.02209502040514159,0.02209502040514159,31.741222958131335,14.854998524952457,0.1313330580896175,-0.04190248164112731,-0.08311688241227344,-0.03273372947453376,0.09308186778111353,0.09866980873059733,0.01770615577697754,False,DISABLED,none,MODEL_ORIGIN_FRAME_NOT_ESTABLISHED,nan,nan,nan,nan,nan,nan,nan,nan,nan,nan,nan,nan,nan,NOT_EVALUATED,nan,nan,nan,nan,DISABLED,nan,nan,nan,nan,nan,nan
1791471078.984159,1791471079.0039582,1791471079.0076458,1791471079.0076718,front_rgbd_red_sphere,True,True,True,,87.8,87.8,1791471079.0039582,1791471079.0020711,1791471078.984159,1791471078.984159,1791471078.984159,0.0,1791471077.9921792,1791471078.9881747,1791471078.9802718,1791471078.9881747,1791471078.984272,1791471078.9921868,1791471077.97216,1791471078.9881747,1791471077.9921792,1791471078.9921868,1791470991.184159,GAZEBO_CLOCK_SYSTEM_INTERPOLATION,MAPPED_EXACT,0,87.8,1791471078.984159,0.00408625602722168,0.0,RGB,0.0,0,1,0,UNCALIBRATED,PREPARATION,MID,STRAIGHT,1.0,356,1.0,6.869967460632324,0.3244902193546295,nan,nan,False,0.0,0.0,0.0,0.0,0,0,0,0,0,0.0,0.0,0.0,0.0,0.0,0.0,0.0,0.0,0.0,0.0,0.0,0.0,0.0,0.0,6.511447060799722,0.8110061851564581,-2.03464472181963,0.0,0.0,0.0,0.0,0.0,0.0,0.0,0.0,0.0,0.0,0.0,False,DISABLED,0,nan,nan,nan,nan,nan,nan,nan,nan,nan,nan,nan,nan,nan,nan,nan,nan,nan,nan,nan,nan,nan,nan,nan,nan,nan,nan,nan,nan,nan,nan,nan,nan,nan,nan,31.86032250935922,14.65395489985934,0.1039128227187352,0.022111593247905275,0.022111593247905275,0.022111593247905275,31.895863599546292,14.741262789161851,0.1364190459568958,-0.03554109018707052,-0.08730788930251165,-0.0325062232381606,0.09426471570076,0.09971204127563651,0.019799232482910156,False,DISABLED,none,MODEL_ORIGIN_FRAME_NOT_ESTABLISHED,nan,nan,nan,nan,nan,nan,nan,nan,nan,nan,nan,nan,nan,NOT_EVALUATED,nan,nan,nan,nan,DISABLED,nan,nan,nan,nan,nan,nan
1791471079.0361602,1791471079.0676534,1791471079.0717082,1791471079.0717328,front_rgbd_red_sphere,True,True,True,,87.852,87.852,1791471079.0602324,1791471079.0676534,1791471079.0361602,1791471079.0361602,1791471079.0361602,0.0,1791471078.0521736,1791471079.052211,1791471079.044272,1791471079.052211,1791471079.044272,1791471079.052211,1791471078.0521736,1791471079.052211,1791471078.0521736,1791471079.052211,1791470991.1841602,GAZEBO_CLOCK_SYSTEM_INTERPOLATION,MAPPED_EXACT,0,87.852,1791471079.0361602,0.0037539005279541016,0.0,RGB,0.0,0,1,0,UNCALIBRATED,PREPARATION,MID,STRAIGHT,1.0,351,1.0,6.8639140129089355,0.3247344195842743,nan,nan,False,0.0,0.0,0.0,0.0,0,0,0,0,0,0.0,0.0,0.0,0.0,0.0,0.0,0.0,0.0,0.0,0.0,0.0,0.0,0.0,0.0,6.505175131832078,0.782792285848446,-2.0452997704244718,0.0,0.0,0.0,0.0,0.0,0.0,0.0,0.0,0.0,0.0,0.0,False,DISABLED,0,nan,nan,nan,nan,nan,nan,nan,nan,nan,nan,nan,nan,nan,nan,nan,nan,nan,nan,nan,nan,nan,nan,nan,nan,nan,nan,nan,nan,nan,nan,nan,nan,nan,nan,32.02048226976878,14.535695670592965,0.10896051333545659,0.02209359459177992,0.02209359459177992,0.02209359459177992,32.063016829328404,14.617354214990723,0.14103178557781323,-0.04253455955962693,-0.08165854439775799,-0.03207127224235665,0.09207229024028925,0.09749806733128313,0.031493186950683594,False,DISABLED,none,MODEL_ORIGIN_FRAME_NOT_ESTABLISHED,nan,nan,nan,nan,nan,nan,nan,nan,nan,nan,nan,nan,nan,NOT_EVALUATED,nan,nan,nan,nan,DISABLED,nan,nan,nan,nan,nan,nan
1791471079.08416,1791471079.1057286,1791471079.1091967,1791471079.1092176,front_rgbd_red_sphere,True,True,True,,87.9,87.9,1791471079.1057286,1791471079.1039498,1791471079.08416,1791471079.08416,1791471079.08416,0.0,1791471078.0721579,1791471079.092171,1791471079.084272,1791471079.092171,1791471079.084272,1791471079.092171,1791471078.0681596,1791471079.092171,1791471078.0721579,1791471079.092171,1791470991.18416,GAZEBO_CLOCK_SYSTEM_INTERPOLATION,MAPPED_EXACT,0,87.9,1791471079.08416,0.0018744468688964844,0.0,RGB,0.0,0,1,0,UNCALIBRATED,PREPARATION,MID,STRAIGHT,1.0,352,1.0,6.868492603302002,0.32399651408195496,nan,nan,False,0.0,0.0,0.0,0.0,0,0,0,0,0,0.0,0.0,0.0,0.0,0.0,0.0,0.0,0.0,0.0,0.0,0.0,0.0,0.0,0.0,6.511129709002175,0.7599618995769077,-2.05032708624287,0.0,0.0,0.0,0.0,0.0,0.0,0.0,0.0,0.0,0.0,0.0,False,DISABLED,0,nan,nan,nan,nan,nan,nan,nan,nan,nan,nan,nan,nan,nan,nan,nan,nan,nan,nan,nan,nan,nan,nan,nan,nan,nan,nan,nan,nan,nan,nan,nan,nan,nan,nan,32.180383339329126,14.41696349262846,0.11291112530665975,0.022107207812890696,0.022107207812890696,0.022107207812890696,32.21681203196045,14.502515976945265,0.14447575390769316,-0.03642869263132553,-0.08555248431680518,-0.0315646286010334,0.0929853602434533,0.09819675655705723,0.02156853675842285,False,DISABLED,none,MODEL_ORIGIN_FRAME_NOT_ESTABLISHED,nan,nan,nan,nan,nan,nan,nan,nan,nan,nan,nan,nan,nan,NOT_EVALUATED,nan,nan,nan,nan,DISABLED,nan,nan,nan,nan,nan,nan
1791471079.136157,1791471079.1653981,1791471079.168774,1791471079.1687934,front_rgbd_red_sphere,True,True,True,,87.952,87.952,1791471079.1653981,1791471079.1543167,1791471079.136157,1791471079.136157,1791471079.136157,0.0,1791471078.148171,1791471079.1481738,1791471079.140272,1791471079.1481738,1791471079.1442719,1791471079.1521633,1791471078.148171,1791471079.1481738,1791471078.1321719,1791471079.1521633,1791470991.1841571,GAZEBO_CLOCK_SYSTEM_INTERPOLATION,MAPPED_EXACT,0,87.952,1791471079.136157,0.0014538764953613281,0.0,RGB,0.0,0,1,0,UNCALIBRATED,PREPARATION,MID,STRAIGHT,1.0,354,1.0,6.861667156219482,0.32495319843292236,nan,nan,False,0.0,0.0,0.0,0.0,0,0,0,0,0,0.0,0.0,0.0,0.0,0.0,0.0,0.0,0.0,0.0,0.0,0.0,0.0,0.0,0.0,6.502566485528692,0.7336691917071381,-2.064179167068933,0.0,0.0,0.0,0.0,0.0,0.0,0.0,0.0,0.0,0.0,0.0,False,DISABLED,0,nan,nan,nan,nan,nan,nan,nan,nan,nan,nan,nan,nan,nan,nan,nan,nan,nan,nan,nan,nan,nan,nan,nan,nan,nan,nan,nan,nan,nan,nan,nan,nan,nan,nan,32.33977527927696,14.29793037390671,0.11617174474889952,0.022086915250890005,0.022086915250890005,0.022086915250890005,32.38303844772905,14.377461534955675,0.14725589257412575,-0.04326316845209277,-0.07953116104896552,-0.031084147825226227,0.09053677331510465,0.09572424754643497,0.029241085052490234,False,DISABLED,none,MODEL_ORIGIN_FRAME_NOT_ESTABLISHED,nan,nan,nan,nan,nan,nan,nan,nan,nan,nan,nan,nan,nan,NOT_EVALUATED,nan,nan,nan,nan,DISABLED,nan,nan,nan,nan,nan,nan
1791471079.1841583,1791471079.2020628,1791471079.2051942,1791471079.2052145,front_rgbd_red_sphere,True,True,True,,88.0,88.0,1791471079.2020628,1791471079.2007058,1791471079.1841583,1791471079.1841583,1791471079.1841583,0.0,1791471078.192166,1791471079.1881704,1791471079.1802719,1791471079.1881704,1791471079.1842718,1791471079.1921668,1791471078.1721573,1791471079.1881704,1791471078.192166,1791471079.1921668,1791470991.1841583,GAZEBO_CLOCK_SYSTEM_INTERPOLATION,MAPPED_EXACT,0,88.0,1791471079.1841583,0.002111196517944336,0.0,RGB,0.0,0,1,0,UNCALIBRATED,PREPARATION,MID,STRAIGHT,1.0,351,1.0,6.8651885986328125,0.32386505603790283,nan,nan,False,0.0,0.0,0.0,0.0,0,0,0,0,0,0.0,0.0,0.0,0.0,0.0,0.0,0.0,0.0,0.0,0.0,0.0,0.0,0.0,0.0,6.508284783207473,0.7126407553319085,-2.065233210682452,0.0,0.0,0.0,0.0,0.0,0.0,0.0,0.0,0.0,0.0,0.0,False,DISABLED,0,nan,nan,nan,nan,nan,nan,nan,nan,nan,nan,nan,nan,nan,nan,nan,nan,nan,nan,nan,nan,nan,nan,nan,nan,nan,nan,nan,nan,nan,nan,nan,nan,nan,nan,32.49894616332741,14.177743602459794,0.11793723413234153,0.02209738350722908,0.02209738350722908,0.02209738350722908,32.53612311621477,14.26149211538132,0.14897504605519898,-0.03717695288735712,-0.08374851292152563,-0.031037811922857456,0.09162935797306296,0.09674339776705379,0.01790452003479004,False,DISABLED,none,MODEL_ORIGIN_FRAME_NOT_ESTABLISHED,nan,nan,nan,nan,nan,nan,nan,nan,nan,nan,nan,nan,nan,NOT_EVALUATED,nan,nan,nan,nan,DISABLED,nan,nan,nan,nan,nan,nan
1791471079.236157,1791471079.259852,1791471079.2633862,1791471079.263451,front_rgbd_red_sphere,True,True,True,,88.052,88.052,1791471079.259852,1791471079.2567682,1791471079.236157,1791471079.236157,1791471079.236157,0.0,1791471078.2521696,1791471079.2521758,1791471079.244272,1791471079.2521758,1791471079.244272,1791471079.2521758,1791471078.2521696,1791471079.2521758,1791471078.2521696,1791471079.2521758,1791470991.184157,GAZEBO_CLOCK_SYSTEM_INTERPOLATION,MAPPED_EXACT,0,88.052,1791471079.236157,0.0038661956787109375,0.0,RGB,0.0,0,1,0,UNCALIBRATED,PREPARATION,MID,STRAIGHT,1.0,360,1.0,6.857057571411133,0.32428789138793945,nan,nan,False,0.0,0.0,0.0,0.0,0,0,0,0,0,0.0,0.0,0.0,0.0,0.0,0.0,0.0,0.0,0.0,0.0,0.0,0.0,0.0,0.0,6.49965323541669,0.6886551087780877,-2.0735241235135407,0.0,0.0,0.0,0.0,0.0,0.0,0.0,0.0,0.0,0.0,0.0,False,DISABLED,0,nan,nan,nan,nan,nan,nan,nan,nan,nan,nan,nan,nan,nan,nan,nan,nan,nan,nan,nan,nan,nan,nan,nan,nan,nan,nan,nan,nan,nan,nan,nan,nan,nan,nan,32.65726902186855,14.05724182948192,0.11891208359164557,0.02207321635643359,0.02207321635643359,0.02207321635643359,32.70149816714116,14.135311878792598,0.14985508783127025,-0.04422914527260957,-0.07807004931067674,-0.030943004239624677,0.08972820008735882,0.09491374717231708,0.023694992065429688,False,DISABLED,none,MODEL_ORIGIN_FRAME_NOT_ESTABLISHED,nan,nan,nan,nan,nan,nan,nan,nan,nan,nan,nan,nan,nan,NOT_EVALUATED,nan,nan,nan,nan,DISABLED,nan,nan,nan,nan,nan,nan
1791471079.284175,1791471079.3024416,1791471079.3073993,1791471079.3074405,front_rgbd_red_sphere,True,True,True,,88.1,88.1,1791471079.3024416,1791471079.3007305,1791471079.284175,1791471079.284175,1791471079.284175,0.0,1791471078.2921622,1791471079.2921655,1791471079.284272,1791471079.2921655,1791471079.284272,1791471079.2921655,1791471078.2921622,1791471079.2921655,1791471078.2921622,1791471079.2921655,1791470991.184175,GAZEBO_CLOCK_SYSTEM_INTERPOLATION,MAPPED_EXACT,0,88.1,1791471079.284175,0.0027313232421875,0.0,RGB,0.0,0,1,0,UNCALIBRATED,PREPARATION,MID,STRAIGHT,1.0,359,1.0,6.859727382659912,0.32324403524398804,nan,nan,False,0.0,0.0,0.0,0.0,0,0,0,0,0,0.0,0.0,0.0,0.0,0.0,0.0,0.0,0.0,0.0,0.0,0.0,0.0,0.0,0.0,6.504461767115097,0.6694757634774575,-2.0735570027207757,0.0,0.0,0.0,0.0,0.0,0.0,0.0,0.0,0.0,0.0,0.0,False,DISABLED,0,nan,nan,nan,nan,nan,nan,nan,nan,nan,nan,nan,nan,nan,nan,nan,nan,nan,nan,nan,nan,nan,nan,nan,nan,nan,nan,nan,nan,nan,nan,nan,nan,nan,nan,32.81594359995242,13.936104456458265,0.11874506107925692,0.02208114969270394,0.02208114969270394,0.02208114969270394,32.85368347486029,14.01842433849214,0.14980569973795377,-0.037739874907870785,-0.0823198820338753,-0.03106063865869685,0.09055860608541234,0.0957372676130827,0.018266677856445312,False,DISABLED,none,MODEL_ORIGIN_FRAME_NOT_ESTABLISHED,nan,nan,nan,nan,nan,nan,nan,nan,nan,nan,nan,nan,nan,NOT_EVALUATED,nan,nan,nan,nan,DISABLED,nan,nan,nan,nan,nan,nan
1791471079.3361585,1791471079.3605852,1791471079.3637917,1791471079.363813,front_rgbd_red_sphere,True,True,True,,88.152,88.152,1791471079.3605852,1791471079.3572822,1791471079.3361585,1791471079.3361585,1791471079.3361585,0.0,1791471078.3521724,1791471079.348175,1791471079.340272,1791471079.348175,1791471079.344272,1791471079.3521783,1791471078.3481705,1791471079.348175,1791471078.3521724,1791471079.3521783,1791470991.1841586,GAZEBO_CLOCK_SYSTEM_INTERPOLATION,MAPPED_EXACT,0,88.152,1791471079.3361585,0.0007803440093994141,0.0,RGB,0.0,0,1,0,UNCALIBRATED,PREPARATION,MID,STRAIGHT,1.0,357,1.0,6.850794315338135,0.323807030916214,nan,nan,False,0.0,0.0,0.0,0.0,0,0,0,0,0,0.0,0.0,0.0,0.0,0.0,0.0,0.0,0.0,0.0,0.0,0.0,0.0,0.0,0.0,6.4947649953133055,0.6471600719880479,-2.0814877546480073,0.0,0.0,0.0,0.0,0.0,0.0,0.0,0.0,0.0,0.0,0.0,False,DISABLED,0,nan,nan,nan,nan,nan,nan,nan,nan,nan,nan,nan,nan,nan,nan,nan,nan,nan,nan,nan,nan,nan,nan,nan,nan,nan,nan,nan,nan,nan,nan,nan,nan,nan,nan,32.97417941738572,13.814948415571164,0.1177923001493984,0.02205460853470025,0.02205460853470025,0.02205460853470025,33.0181488280338,13.891238408343279,0.1487661977368362,-0.043969410648081464,-0.07628999277211435,-0.030973897587437793,0.08805380213204242,0.09334267192268476,0.024426698684692383,False,DISABLED,none,MODEL_ORIGIN_FRAME_NOT_ESTABLISHED,nan,nan,nan,nan,nan,nan,nan,nan,nan,nan,nan,nan,nan,NOT_EVALUATED,nan,nan,nan,nan,DISABLED,nan,nan,nan,nan,nan,nan
1791471079.3841584,1791471079.4034674,1791471079.408325,1791471079.4083674,front_rgbd_red_sphere,True,True,True,,88.2,88.2,1791471079.4034674,1791471079.4017637,1791471079.3841584,1791471079.3841584,1791471079.3841584,0.0,1791471078.3921678,1791471079.3881702,1791471079.380272,1791471079.3881702,1791471079.3842719,1791471079.3921752,1791471078.3721678,1791471079.3881702,1791471078.3921678,1791471079.3921752,1791470991.1841583,GAZEBO_CLOCK_SYSTEM_INTERPOLATION,MAPPED_EXACT,0,88.2,1791471079.3841584,0.003621816635131836,0.0,RGB,0.0,0,1,0,UNCALIBRATED,PREPARATION,MID,STRAIGHT,1.0,360,1.0,6.852265357971191,0.3228221833705902,nan,nan,False,0.0,0.0,0.0,0.0,0,0,0,0,0,0.0,0.0,0.0,0.0,0.0,0.0,0.0,0.0,0.0,0.0,0.0,0.0,0.0,0.0,6.498303767265993,0.6294209691204582,-2.0807248423151448,0.0,0.0,0.0,0.0,0.0,0.0,0.0,0.0,0.0,0.0,0.0,False,DISABLED,0,nan,nan,nan,nan,nan,nan,nan,nan,nan,nan,nan,nan,nan,nan,nan,nan,nan,nan,nan,nan,nan,nan,nan,nan,nan,nan,nan,nan,nan,nan,nan,nan,nan,nan,33.13183104553706,13.693256752454998,0.116190050421281,0.022058978180159734,0.022058978180159734,0.022058978180159734,33.16978973302204,13.773224098602284,0.14694692073948773,-0.03795868748498066,-0.07996734614728673,-0.03075687031820673,0.08851914146342814,0.09371031681300297,0.019309043884277344,False,DISABLED,none,MODEL_ORIGIN_FRAME_NOT_ESTABLISHED,nan,nan,nan,nan,nan,nan,nan,nan,nan,nan,nan,nan,nan,NOT_EVALUATED,nan,nan,nan,nan,DISABLED,nan,nan,nan,nan,nan,nan
1791471079.436157,1791471079.4525402,1791471079.4606953,1791471079.4607174,front_rgbd_red_sphere,True,True,True,,88.252,88.252,1791471079.4525402,1791471079.4516032,1791471079.436157,1791471079.436157,1791471079.436157,0.0,1791471078.4521651,1791471079.4521754,1791471079.4442718,1791471079.4521754,1791471079.4442718,1791471079.4521754,1791471078.4521651,1791471079.4521754,1791471078.4521651,1791471079.4521754,1791470991.184157,GAZEBO_CLOCK_SYSTEM_INTERPOLATION,MAPPED_EXACT,0,88.252,1791471079.436157,0.0015912055969238281,0.0,RGB,0.0,0,1,0,UNCALIBRATED,PREPARATION,MID,STRAIGHT,1.0,354,1.0,6.842532157897949,0.3235650360584259,nan,nan,False,0.0,0.0,0.0,0.0,0,0,0,0,0,0.0,0.0,0.0,0.0,0.0,0.0,0.0,0.0,0.0,0.0,0.0,0.0,0.0,0.0,6.48745897607621,0.6089753693355604,-2.0886046004507284,0.0,0.0,0.0,0.0,0.0,0.0,0.0,0.0,0.0,0.0,0.0,False,DISABLED,0,nan,nan,nan,nan,nan,nan,nan,nan,nan,nan,nan,nan,nan,nan,nan,nan,nan,nan,nan,nan,nan,nan,nan,nan,nan,nan,nan,nan,nan,nan,nan,nan,nan,nan,33.28957108728241,13.571217363142917,0.1138738967066511,0.022030075611186917,0.022030075611186917,0.022030075611186917,33.33350872067849,13.64497537552068,0.1440117075124233,-0.04393763339607659,-0.07375801237776258,-0.030137810805772186,0.08585313050999482,0.0909892722167329,0.01638317108154297,False,DISABLED,none,MODEL_ORIGIN_FRAME_NOT_ESTABLISHED,nan,nan,nan,nan,nan,nan,nan,nan,nan,nan,nan,nan,nan,NOT_EVALUATED,nan,nan,nan,nan,DISABLED,nan,nan,nan,nan,nan,nan
1791471079.4841611,1791471079.5008354,1791471079.5040252,1791471079.504047,front_rgbd_red_sphere,True,True,True,,88.3,88.3,1791471079.5008354,1791471079.499031,1791471079.4841611,1791471079.4841611,1791471079.4841611,0.0,1791471078.4721603,1791471079.4921725,1791471079.484272,1791471079.4921725,1791471079.484272,1791471079.4921725,1791471078.4681635,1791471079.4921725,1791471078.4721603,1791471079.4921725,1791470991.1841612,GAZEBO_CLOCK_SYSTEM_INTERPOLATION,MAPPED_EXACT,0,88.3,1791471079.4841611,0.0008678436279296875,0.0,RGB,0.0,0,1,0,UNCALIBRATED,PREPARATION,MID,STRAIGHT,1.0,354,1.0,6.842921257019043,0.3226981461048126,nan,nan,False,0.0,0.0,0.0,0.0,0,0,0,0,0,0.0,0.0,0.0,0.0,0.0,0.0,0.0,0.0,0.0,0.0,0.0,0.0,0.0,0.0,6.489711516038433,0.5927452083308431,-2.087550453625566,0.0,0.0,0.0,0.0,0.0,0.0,0.0,0.0,0.0,0.0,0.0,False,DISABLED,0,nan,nan,nan,nan,nan,nan,nan,nan,nan,nan,nan,nan,nan,nan,nan,nan,nan,nan,nan,nan,nan,nan,nan,nan,nan,nan,nan,nan,nan,nan,nan,nan,nan,nan,33.446663908875585,13.448588114047219,0.11063557029290477,0.02203123071257284,0.02203123071257284,0.02203123071257284,33.48432950832762,13.526111730547571,0.14047039663631,-0.037665599452033405,-0.07752361650035233,-0.02983482634340523,0.08618937578016632,0.0912070466593227,0.016674280166625977,False,DISABLED,none,MODEL_ORIGIN_FRAME_NOT_ESTABLISHED,nan,nan,nan,nan,nan,nan,nan,nan,nan,nan,nan,nan,nan,NOT_EVALUATED,nan,nan,nan,nan,DISABLED,nan,nan,nan,nan,nan,nan
1791471079.536161,1791471079.5629706,1791471079.5664797,1791471079.5665004,front_rgbd_red_sphere,True,True,True,,88.352,88.352,1791471079.5629706,1791471079.5519998,1791471079.536161,1791471079.536161,1791471079.536161,0.0,1791471078.5521674,1791471079.548178,1791471079.540272,1791471079.548178,1791471079.544272,1791471079.5521762,1791471078.5321577,1791471079.548178,1791471078.5521674,1791471079.5521762,1791470991.184161,GAZEBO_CLOCK_SYSTEM_INTERPOLATION,MAPPED_EXACT,0,88.352,1791471079.536161,0.003041505813598633,0.0,RGB,0.0,0,1,0,UNCALIBRATED,PREPARATION,MID,STRAIGHT,1.0,363,1.0,6.832084655761719,0.3231765329837799,nan,nan,False,0.0,0.0,0.0,0.0,0,0,0,0,0,0.0,0.0,0.0,0.0,0.0,0.0,0.0,0.0,0.0,0.0,0.0,0.0,0.0,0.0,6.478396949577653,0.5741083729956085,-2.0924029683800915,0.0,0.0,0.0,0.0,0.0,0.0,0.0,0.0,0.0,0.0,0.0,False,DISABLED,0,nan,nan,nan,nan,nan,nan,nan,nan,nan,nan,nan,nan,nan,nan,nan,nan,nan,nan,nan,nan,nan,nan,nan,nan,nan,nan,nan,nan,nan,nan,nan,nan,nan,nan,33.60391155406873,13.325292648259767,0.10644753754484532,0.02199907285032145,0.02199907285032145,0.02199907285032145,33.64729242751277,13.396873654293056,0.13571100772550654,-0.04338087344403618,-0.07158100603328954,-0.029263470180661222,0.08370030230235323,0.08866843458931575,0.0268096923828125,False,DISABLED,none,MODEL_ORIGIN_FRAME_NOT_ESTABLISHED,nan,nan,nan,nan,nan,nan,nan,nan,nan,nan,nan,nan,nan,NOT_EVALUATED,nan,nan,nan,nan,DISABLED,nan,nan,nan,nan,nan,nan
1791471079.584164,1791471079.6105857,1791471079.6139717,1791471079.6139917,front_rgbd_red_sphere,True,True,True,,88.4,88.4,1791471079.6105857,1791471079.5996315,1791471079.584164,1791471079.584164,1791471079.584164,0.0,1791471078.5921743,1791471079.5881739,1791471079.580272,1791471079.5881739,1791471079.584272,1791471079.592176,1791471078.5881712,1791471079.5881739,1791471078.5921743,1791471079.592176,1791470991.1841638,GAZEBO_CLOCK_SYSTEM_INTERPOLATION,MAPPED_EXACT,0,88.4,1791471079.584164,0.0026717185974121094,0.0,RGB,0.0,0,1,0,UNCALIBRATED,PREPARATION,MID,STRAIGHT,1.0,354,1.0,6.83167028427124,0.3218354284763336,nan,nan,False,0.0,0.0,0.0,0.0,0,0,0,0,0,0.0,0.0,0.0,0.0,0.0,0.0,0.0,0.0,0.0,0.0,0.0,0.0,0.0,0.0,6.480907931954187,0.5595607513851366,-2.087208858816476,0.0,0.0,0.0,0.0,0.0,0.0,0.0,0.0,0.0,0.0,0.0,False,DISABLED,0,nan,nan,nan,nan,nan,nan,nan,nan,nan,nan,nan,nan,nan,nan,nan,nan,nan,nan,nan,nan,nan,nan,nan,nan,nan,nan,nan,nan,nan,nan,nan,nan,nan,nan,33.76062300022444,13.201393941661662,0.10138500600631956,0.021997843865439987,0.021997843865439987,0.021997843865439987,33.79742155752224,13.277121403739564,0.13053397360268088,-0.036798557297800016,-0.07572746207790182,-0.02914896759636132,0.08419490680533787,0.0890979497176745,0.026421785354614258,False,DISABLED,none,MODEL_ORIGIN_FRAME_NOT_ESTABLISHED,nan,nan,nan,nan,nan,nan,nan,nan,nan,nan,nan,nan,nan,NOT_EVALUATED,nan,nan,nan,nan,DISABLED,nan,nan,nan,nan,nan,nan
1791471079.636158,1791471079.664769,1791471079.6677043,1791471079.6677227,front_rgbd_red_sphere,True,True,True,,88.452,88.452,1791471079.664769,1791471079.6639762,1791471079.636158,1791471079.636158,1791471079.636158,0.0,1791471078.6321626,1791471079.6521769,1791471079.6442719,1791471079.6521769,1791471079.6442719,1791471079.6521769,1791471078.6281593,1791471079.6521769,1791471078.6321626,1791471079.6521769,1791470991.184158,GAZEBO_CLOCK_SYSTEM_INTERPOLATION,MAPPED_EXACT,0,88.452,1791471079.636158,0.0007979869842529297,0.0,RGB,0.0,0,1,0,UNCALIBRATED,PREPARATION,MID,STRAIGHT,1.0,363,1.0,6.820074081420898,0.32221633195877075,nan,nan,False,0.0,0.0,0.0,0.0,0,0,0,0,0,0.0,0.0,0.0,0.0,0.0,0.0,0.0,0.0,0.0,0.0,0.0,0.0,0.0,0.0,6.469084965580857,0.5426994785120076,-2.0904126662643883,0.0,0.0,0.0,0.0,0.0,0.0,0.0,0.0,0.0,0.0,0.0,False,DISABLED,0,nan,nan,nan,nan,nan,nan,nan,nan,nan,nan,nan,nan,nan,nan,nan,nan,nan,nan,nan,nan,nan,nan,nan,nan,nan,nan,nan,nan,nan,nan,nan,nan,nan,nan,33.91670295980661,13.077305477506364,0.09574782051317149,0.021963459068329784,0.021963459068329784,0.021963459068329784,33.95960308247911,13.146979231345268,0.12407015276680979,-0.04290012267250631,-0.06967375383890406,-0.028322332253638297,0.08182207831215417,0.08658525858138769,0.028610944747924805,False,DISABLED,none,MODEL_ORIGIN_FRAME_NOT_ESTABLISHED,nan,nan,nan,nan,nan,nan,nan,nan,nan,nan,nan,nan,nan,NOT_EVALUATED,nan,nan,nan,nan,DISABLED,nan,nan,nan,nan,nan,nan
1791471079.6841614,1791471079.7121036,1791471079.7164865,1791471079.7165115,front_rgbd_red_sphere,True,True,True,,88.5,88.5,1791471079.7121036,1791471079.7109857,1791471079.6841614,1791471079.6841614,1791471079.6841614,0.0,1791471078.6721635,1791471079.6921732,1791471079.6842718,1791471079.6921732,1791471079.6842718,1791471079.6921732,1791471078.6681683,1791471079.6921732,1791471078.6721635,1791471079.6921732,1791470991.1841614,GAZEBO_CLOCK_SYSTEM_INTERPOLATION,MAPPED_EXACT,0,88.5,1791471079.6841614,0.0003561973571777344,0.0,RGB,0.0,0,1,0,UNCALIBRATED,PREPARATION,MID,STRAIGHT,1.0,358,1.0,6.81890344619751,0.3206706643104553,nan,nan,False,0.0,0.0,0.0,0.0,0,0,0,0,0,0.0,0.0,0.0,0.0,0.0,0.0,0.0,0.0,0.0,0.0,0.0,0.0,0.0,0.0,6.471304864679072,0.5295766331392002,-2.0830768927719445,0.0,0.0,0.0,0.0,0.0,0.0,0.0,0.0,0.0,0.0,0.0,False,DISABLED,0,nan,nan,nan,nan,nan,nan,nan,nan,nan,nan,nan,nan,nan,nan,nan,nan,nan,nan,nan,nan,nan,nan,nan,nan,nan,nan,nan,nan,nan,nan,nan,nan,nan,nan,34.07251745235959,12.952698980726419,0.089071379240723,0.02195999062903067,0.02195999062903067,0.02195999062903067,34.10910972949843,13.026340306328953,0.11738215806773505,-0.03659227713883695,-0.07364132560253367,-0.02831077882701205,0.08223162154976534,0.08696861376666772,0.027942180633544922,False,DISABLED,none,MODEL_ORIGIN_FRAME_NOT_ESTABLISHED,nan,nan,nan,nan,nan,nan,nan,nan,nan,nan,nan,nan,nan,NOT_EVALUATED,nan,nan,nan,nan,DISABLED,nan,nan,nan,nan,nan,nan
1791471079.7361574,1791471079.762579,1791471079.766039,1791471079.7660604,front_rgbd_red_sphere,True,True,True,,88.552,88.552,1791471079.762579,1791471079.7615247,1791471079.7361574,1791471079.7361574,1791471079.7361574,0.0,1791471078.7521732,1791471079.7481697,1791471079.7402718,1791471079.7481697,1791471079.744272,1791471079.7521749,1791471078.732159,1791471079.7481697,1791471078.7521732,1791471079.7521749,1791470991.1841574,GAZEBO_CLOCK_SYSTEM_INTERPOLATION,MAPPED_EXACT,0,88.552,1791471079.7361574,0.0026106834411621094,0.0,RGB,0.0,0,1,0,UNCALIBRATED,PREPARATION,MID,STRAIGHT,1.0,354,1.0,6.806600093841553,0.32009610533714294,nan,nan,False,0.0,0.0,0.0,0.0,0,0,0,0,0,0.0,0.0,0.0,0.0,0.0,0.0,0.0,0.0,0.0,0.0,0.0,0.0,0.0,0.0,6.460859966819104,0.514266892492321,-2.079091506742535,0.0,0.0,0.0,0.0,0.0,0.0,0.0,0.0,0.0,0.0,0.0,False,DISABLED,0,nan,nan,nan,nan,nan,nan,nan,nan,nan,nan,nan,nan,nan,nan,nan,nan,nan,nan,nan,nan,nan,nan,nan,nan,nan,nan,nan,nan,nan,nan,nan,nan,nan,nan,34.2283062052005,12.827672560643716,0.08171008192400292,0.021923540330106704,0.021923540330106704,0.021923540330106704,34.27052143592343,12.89534720480549,0.10937451510937742,-0.042215230722931096,-0.06767464416177305,-0.027664433185374496,0.07976204089297682,0.08442336187857576,0.026421546936035156,False,DISABLED,none,MODEL_ORIGIN_FRAME_NOT_ESTABLISHED,nan,nan,nan,nan,nan,nan,nan,nan,nan,nan,nan,nan,nan,NOT_EVALUATED,nan,nan,nan,nan,DISABLED,nan,nan,nan,nan,nan,nan
1791471079.784163,1791471079.8033655,1791471079.8066862,1791471079.8067052,front_rgbd_red_sphere,True,True,True,,88.6,88.6,1791471079.8033655,1791471079.8014393,1791471079.784163,1791471079.784163,1791471079.784163,0.0,1791471078.7921855,1791471079.7881742,1791471079.7803009,1791471079.7881742,1791471079.7843008,1791471079.7921958,1791471078.77216,1791471079.7881742,1791471078.7921855,1791471079.7921958,1791470991.184163,GAZEBO_CLOCK_SYSTEM_INTERPOLATION,MAPPED_EXACT,0,88.6,1791471079.784163,0.003389120101928711,0.0,RGB,0.0,0,1,0,UNCALIBRATED,PREPARATION,MID,STRAIGHT,1.0,363,1.0,6.804511070251465,0.3174682557582855,nan,nan,False,0.0,0.0,0.0,0.0,0,0,0,0,0,0.0,0.0,0.0,0.0,0.0,0.0,0.0,0.0,0.0,0.0,0.0,0.0,0.0,0.0,6.46448147426176,0.5024074600461397,-2.0638409154515243,0.0,0.0,0.0,0.0,0.0,0.0,0.0,0.0,0.0,0.0,0.0,False,DISABLED,0,nan,nan,nan,nan,nan,nan,nan,nan,nan,nan,nan,nan,nan,nan,nan,nan,nan,nan,nan,nan,nan,nan,nan,nan,nan,nan,nan,nan,nan,nan,nan,nan,nan,nan,34.38348140737652,12.702249592247636,0.07339150057623473,0.021917355326412858,0.021917355326412858,0.021917355326412858,34.41933394299033,12.7739354857916,0.10134469243573299,-0.03585253561380597,-0.0716858935439646,-0.027953191859498266,0.08015155421534788,0.08488611534444117,0.019202470779418945,False,DISABLED,none,MODEL_ORIGIN_FRAME_NOT_ESTABLISHED,nan,nan,nan,nan,nan,nan,nan,nan,nan,nan,nan,nan,nan,NOT_EVALUATED,nan,nan,nan,nan,DISABLED,nan,nan,nan,nan,nan,nan
1791471079.8361602,1791471079.8601112,1791471079.8636992,1791471079.8637197,front_rgbd_red_sphere,True,True,True,,88.652,88.652,1791471079.8601112,1791471079.8569167,1791471079.8361602,1791471079.8361602,1791471079.8361602,0.0,1791471078.8521683,1791471079.8521717,1791471079.844301,1791471079.8521717,1791471079.844301,1791471079.8521717,1791471078.8521683,1791471079.8521717,1791471078.8521683,1791471079.8521717,1791470991.1841602,GAZEBO_CLOCK_SYSTEM_INTERPOLATION,MAPPED_EXACT,0,88.652,1791471079.8361602,0.0003514289855957031,0.0,RGB,0.0,0,1,0,UNCALIBRATED,PREPARATION,MID,STRAIGHT,1.0,356,1.0,6.791441917419434,0.3163190186023712,nan,nan,False,0.0,0.0,0.0,0.0,0,0,0,0,0,0.0,0.0,0.0,0.0,0.0,0.0,0.0,0.0,0.0,0.0,0.0,0.0,0.0,0.0,6.454497312126428,0.48810271409739947,-2.055456631532519,0.0,0.0,0.0,0.0,0.0,0.0,0.0,0.0,0.0,0.0,0.0,False,DISABLED,0,nan,nan,nan,nan,nan,nan,nan,nan,nan,nan,nan,nan,nan,nan,nan,nan,nan,nan,nan,nan,nan,nan,nan,nan,nan,nan,nan,nan,nan,nan,nan,nan,nan,nan,34.53822172783768,12.576515248908,0.06464209800003845,0.021878675063839365,0.021878675063839365,0.021878675063839365,34.58009506854008,12.642053455372002,0.09198539114029579,-0.04187334070240212,-0.06553820646400155,-0.027343293140257338,0.07777295910596137,0.08243960727618481,0.023951053619384766,False,DISABLED,none,MODEL_ORIGIN_FRAME_NOT_ESTABLISHED,nan,nan,nan,nan,nan,nan,nan,nan,nan,nan,nan,nan,nan,NOT_EVALUATED,nan,nan,nan,nan,DISABLED,nan,nan,nan,nan,nan,nan
1791471079.8841577,1791471079.9038017,1791471079.9071999,1791471079.9072223,front_rgbd_red_sphere,True,True,True,,88.7,88.7,1791471079.9038017,1791471079.9009714,1791471079.8841577,1791471079.8841577,1791471079.8841577,0.0,1791471078.87216,1791471079.8921645,1791471079.884301,1791471079.8921645,1791471079.884301,1791471079.8921645,1791471078.8681638,1791471079.8921645,1791471078.87216,1791471079.8921645,1791470991.1841576,GAZEBO_CLOCK_SYSTEM_INTERPOLATION,MAPPED_EXACT,0,88.7,1791471079.8841577,0.0038297176361083984,0.0,RGB,0.0,0,1,0,UNCALIBRATED,PREPARATION,MID,STRAIGHT,1.0,362,1.0,6.78908109664917,0.3136537969112396,nan,nan,False,0.0,0.0,0.0,0.0,0,0,0,0,0,0.0,0.0,0.0,0.0,0.0,0.0,0.0,0.0,0.0,0.0,0.0,0.0,0.0,0.0,6.457859366440166,0.47709553353111467,-2.0396208471600357,0.0,0.0,0.0,0.0,0.0,0.0,0.0,0.0,0.0,0.0,0.0,False,DISABLED,0,nan,nan,nan,nan,nan,nan,nan,nan,nan,nan,nan,nan,nan,nan,nan,nan,nan,nan,nan,nan,nan,nan,nan,nan,nan,nan,nan,nan,nan,nan,nan,nan,nan,nan,34.692624384024676,12.449884765486516,0.055170638817123197,0.02187169170869299,0.02187169170869299,0.02187169170869299,34.72822681287554,12.519912543064128,0.08281277836408321,-0.03560242885086495,-0.07002777757761258,-0.027642139546960015,0.07855840230389415,0.08327971212290597,0.01964402198791504,False,DISABLED,none,MODEL_ORIGIN_FRAME_NOT_ESTABLISHED,nan,nan,nan,nan,nan,nan,nan,nan,nan,nan,nan,nan,nan,NOT_EVALUATED,nan,nan,nan,nan,DISABLED,nan,nan,nan,nan,nan,nan
1791471079.9361606,1791471079.9553607,1791471079.9610963,1791471079.9611177,front_rgbd_red_sphere,True,True,True,,88.752,88.752,1791471079.9553607,1791471079.9541872,1791471079.9361606,1791471079.9361606,1791471079.9361606,0.0,1791471078.9481637,1791471079.9481778,1791471079.940301,1791471079.9481778,1791471079.944301,1791471079.9521751,1791471078.9481637,1791471079.9481778,1791471078.9321568,1791471079.9521751,1791470991.1841605,GAZEBO_CLOCK_SYSTEM_INTERPOLATION,MAPPED_EXACT,0,88.752,1791471079.9361606,0.0016090869903564453,0.0,RGB,0.0,0,1,0,UNCALIBRATED,PREPARATION,MID,STRAIGHT,1.0,357,1.0,6.775488376617432,0.3128814101219177,nan,nan,False,0.0,0.0,0.0,0.0,0,0,0,0,0,0.0,0.0,0.0,0.0,0.0,0.0,0.0,0.0,0.0,0.0,0.0,0.0,0.0,0.0,6.446542508037387,0.4632327106650962,-2.0334076947465185,0.0,0.0,0.0,0.0,0.0,0.0,0.0,0.0,0.0,0.0,0.0,False,DISABLED,0,nan,nan,nan,nan,nan,nan,nan,nan,nan,nan,nan,nan,nan,nan,nan,nan,nan,nan,nan,nan,nan,nan,nan,nan,nan,nan,nan,nan,nan,nan,nan,nan,nan,nan,34.84628953256095,12.32324902542464,0.04556443069435817,0.021831505450731984,0.021831505450731984,0.021831505450731984,34.88839057395694,12.387153470761474,0.07232952864322122,-0.04210104139598769,-0.06390444533683315,-0.026765097948863045,0.07652630802825239,0.08107185879605326,0.01920008659362793,False,DISABLED,none,MODEL_ORIGIN_FRAME_NOT_ESTABLISHED,nan,nan,nan,nan,nan,nan,nan,nan,nan,nan,nan,nan,nan,NOT_EVALUATED,nan,nan,nan,nan,DISABLED,nan,nan,nan,nan,nan,nan
1791471079.9841716,1791471080.0138612,1791471080.0180447,1791471080.0180686,front_rgbd_red_sphere,True,True,True,,88.8,88.8,1791471080.0138612,1791471080.0121348,1791471079.9841716,1791471079.9841716,1791471079.9841716,0.0,1791471078.9881747,1791471079.9881766,1791471079.980301,1791471079.9881766,1791471079.9843009,1791471079.9921765,1791471078.9881747,1791471079.9881766,1791471078.9721618,1791471079.9921765,1791470991.1841717,GAZEBO_CLOCK_SYSTEM_INTERPOLATION,MAPPED_EXACT,0,88.8,1791471079.9841716,0.001970529556274414,0.0,RGB,0.0,0,1,0,UNCALIBRATED,PREPARATION,MID,STRAIGHT,1.0,363,1.0,6.773065090179443,0.3104015588760376,nan,nan,False,0.0,0.0,0.0,0.0,0,0,0,0,0,0.0,0.0,0.0,0.0,0.0,0.0,0.0,0.0,0.0,0.0,0.0,0.0,0.0,0.0,6.4493871525746655,0.45231078291863014,-2.018720590004097,0.0,0.0,0.0,0.0,0.0,0.0,0.0,0.0,0.0,0.0,0.0,False,DISABLED,0,nan,nan,nan,nan,nan,nan,nan,nan,nan,nan,nan,nan,nan,nan,nan,nan,nan,nan,nan,nan,nan,nan,nan,nan,nan,nan,nan,nan,nan,nan,nan,nan,nan,nan,35.00026753351224,12.195024921638527,0.035215524808371035,0.021824345606912706,0.021824345606912706,0.021824345606912706,35.03589348738533,12.26429259032809,0.062238483176492616,-0.03562595387308676,-0.06926766868956236,-0.02702295836812158,0.07789235209604524,0.08244670274801483,0.029689550399780273,False,DISABLED,none,MODEL_ORIGIN_FRAME_NOT_ESTABLISHED,nan,nan,nan,nan,nan,nan,nan,nan,nan,nan,nan,nan,nan,NOT_EVALUATED,nan,nan,nan,nan,DISABLED,nan,nan,nan,nan,nan,nan
1791471080.036161,1791471080.057107,1791471080.0638623,1791471080.0638988,front_rgbd_red_sphere,True,True,True,,88.852,88.852,1791471080.057107,1791471080.05577,1791471080.036161,1791471080.036161,1791471080.036161,0.0,1791471079.0321584,1791471080.052168,1791471080.044301,1791471080.052168,1791471080.044301,1791471080.052168,1791471079.0281613,1791471080.052168,1791471079.0321584,1791471080.052168,1791470991.184161,GAZEBO_CLOCK_SYSTEM_INTERPOLATION,MAPPED_EXACT,0,88.852,1791471080.036161,0.0031905174255371094,0.0,RGB,0.0,0,1,0,UNCALIBRATED,PREPARATION,MID,STRAIGHT,1.0,361,1.0,6.759147644042969,0.3098411560058594,nan,nan,False,0.0,0.0,0.0,0.0,0,0,0,0,0,0.0,0.0,0.0,0.0,0.0,0.0,0.0,0.0,0.0,0.0,0.0,0.0,0.0,0.0,6.437290859970084,0.43863546209268733,-2.013694357022901,0.0,0.0,0.0,0.0,0.0,0.0,0.0,0.0,0.0,0.0,0.0,False,DISABLED,0,nan,nan,nan,nan,nan,nan,nan,nan,nan,nan,nan,nan,nan,nan,nan,nan,nan,nan,nan,nan,nan,nan,nan,nan,nan,nan,nan,nan,nan,nan,nan,nan,nan,nan,35.152932697223704,12.067254879259432,0.024832846711621726,0.02178324452359,0.02178324452359,0.02178324452359,35.19541335500282,12.130749335524913,0.050893719785706226,-0.042480657779115916,-0.06349445626548089,-0.0260608730740845,0.07639471357231092,0.08071754064129413,0.020946025848388672,False,DISABLED,none,MODEL_ORIGIN_FRAME_NOT_ESTABLISHED,nan,nan,nan,nan,nan,nan,nan,nan,nan,nan,nan,nan,nan,NOT_EVALUATED,nan,nan,nan,nan,DISABLED,nan,nan,nan,nan,nan,nan
1791471080.0841572,1791471080.1065667,1791471080.111564,1791471080.1115863,front_rgbd_red_sphere,True,True,True,,88.9,88.9,1791471080.1065667,1791471080.104008,1791471080.0841572,1791471080.0841572,1791471080.0841572,0.0,1791471079.072164,1791471080.0921667,1791471080.084301,1791471080.0921667,1791471080.084301,1791471080.0921667,1791471079.0681617,1791471080.0921667,1791471079.072164,1791471080.0921667,1791470991.1841571,GAZEBO_CLOCK_SYSTEM_INTERPOLATION,MAPPED_EXACT,0,88.9,1791471080.0841572,0.0030486583709716797,0.0,RGB,0.0,0,1,0,UNCALIBRATED,PREPARATION,MID,STRAIGHT,1.0,359,1.0,6.756255149841309,0.3076799809932709,nan,nan,False,0.0,0.0,0.0,0.0,0,0,0,0,0,0.0,0.0,0.0,0.0,0.0,0.0,0.0,0.0,0.0,0.0,0.0,0.0,0.0,0.0,6.4389731160217325,0.42773389195436984,-2.000913612044668,0.0,0.0,0.0,0.0,0.0,0.0,0.0,0.0,0.0,0.0,0.0,False,DISABLED,0,nan,nan,nan,nan,nan,nan,nan,nan,nan,nan,nan,nan,nan,nan,nan,nan,nan,nan,nan,nan,nan,nan,nan,nan,nan,nan,nan,nan,nan,nan,nan,nan,nan,nan,35.30562508593032,11.938455597305186,0.01381048400609336,0.021774707195361537,0.021774707195361537,0.021774707195361537,35.34232617836327,12.007184651024403,0.04013088258310052,-0.03670109243294917,-0.06872905371921689,-0.02632039857700716,0.07791439540233165,0.08223999265663513,0.022409439086914062,False,DISABLED,none,MODEL_ORIGIN_FRAME_NOT_ESTABLISHED,nan,nan,nan,nan,nan,nan,nan,nan,nan,nan,nan,nan,nan,NOT_EVALUATED,nan,nan,nan,nan,DISABLED,nan,nan,nan,nan,nan,nan
1791471080.136162,1791471080.166473,1791471080.1699414,1791471080.1699624,front_rgbd_red_sphere,True,True,True,,88.952,88.952,1791471080.166473,1791471080.1657457,1791471080.136162,1791471080.136162,1791471080.136162,0.0,1791471079.1481738,1791471080.1481752,1791471080.140301,1791471080.1481752,1791471080.144301,1791471080.152162,1791471079.1481738,1791471080.1481752,1791471079.132157,1791471080.152162,1791470991.1841621,GAZEBO_CLOCK_SYSTEM_INTERPOLATION,MAPPED_EXACT,0,88.952,1791471080.136162,0.002512693405151367,0.0,RGB,0.0,0,1,0,UNCALIBRATED,PREPARATION,MID,STRAIGHT,1.0,362,1.0,6.742584705352783,0.3066004812717438,nan,nan,False,0.0,0.0,0.0,0.0,0,0,0,0,0,0.0,0.0,0.0,0.0,0.0,0.0,0.0,0.0,0.0,0.0,0.0,0.0,0.0,0.0,6.428145047085547,0.41442260046013857,-1.9923989262256958,0.0,0.0,0.0,0.0,0.0,0.0,0.0,0.0,0.0,0.0,0.0,False,DISABLED,0,nan,nan,nan,nan,nan,nan,nan,nan,nan,nan,nan,nan,nan,nan,nan,nan,nan,nan,nan,nan,nan,nan,nan,nan,nan,nan,nan,nan,nan,nan,nan,nan,nan,nan,35.458278680132025,11.808978223434947,0.002447164114110889,0.021734380338018548,0.021734380338018548,0.021734380338018548,35.501283266228434,11.872841931803643,0.02819980573414101,-0.04300458609640856,-0.06386370836869659,-0.02575264162003012,0.07699329627912643,0.08118599769871065,0.030310869216918945,False,DISABLED,none,MODEL_ORIGIN_FRAME_NOT_ESTABLISHED,nan,nan,nan,nan,nan,nan,nan,nan,nan,nan,nan,nan,nan,NOT_EVALUATED,nan,nan,nan,nan,DISABLED,nan,nan,nan,nan,nan,nan
1791471080.1841598,1791471080.2033477,1791471080.206846,1791471080.2068694,front_rgbd_red_sphere,True,True,True,,89.0,89.0,1791471080.2033477,1791471080.2022016,1791471080.1841598,1791471080.1841598,1791471080.1841598,0.0,1791471079.1921668,1791471080.1882045,1791471080.180301,1791471080.1882045,1791471080.184301,1791471080.1921828,1791471079.1881704,1791471080.1882045,1791471079.1921668,1791471080.1921828,1791470991.1841598,GAZEBO_CLOCK_SYSTEM_INTERPOLATION,MAPPED_EXACT,0,89.0,1791471080.1841598,0.003401041030883789,0.0,RGB,0.0,0,1,0,UNCALIBRATED,PREPARATION,MID,STRAIGHT,1.0,360,1.0,6.739360809326172,0.3034837245941162,nan,nan,False,0.0,0.0,0.0,0.0,0,0,0,0,0,0.0,0.0,0.0,0.0,0.0,0.0,0.0,0.0,0.0,0.0,0.0,0.0,0.0,0.0,6.431379967864765,0.4038841283597403,-1.9731225658921545,0.0,0.0,0.0,0.0,0.0,0.0,0.0,0.0,0.0,0.0,0.0,False,DISABLED,0,nan,nan,nan,nan,nan,nan,nan,nan,nan,nan,nan,nan,nan,nan,nan,nan,nan,nan,nan,nan,nan,nan,nan,nan,nan,nan,nan,nan,nan,nan,nan,nan,nan,nan,35.61024347166784,11.679483055192112,-0.009163893689224822,0.0217248755365849,0.0217248755365849,0.0217248755365849,35.64765736245301,11.74857771102677,0.017028123324310654,-0.037413890785167325,-0.06909465583465924,-0.026192017013535476,0.0785739822625431,0.08282446766404099,0.01918792724609375,False,DISABLED,none,MODEL_ORIGIN_FRAME_NOT_ESTABLISHED,nan,nan,nan,nan,nan,nan,nan,nan,nan,nan,nan,nan,nan,NOT_EVALUATED,nan,nan,nan,nan,DISABLED,nan,nan,nan,nan,nan,nan
1791471080.2361655,1791471080.2606914,1791471080.264874,1791471080.2648945,front_rgbd_red_sphere,True,True,True,,89.052,89.052,1791471080.2606914,1791471080.2594419,1791471080.2361655,1791471080.2361655,1791471080.2361655,0.0,1791471079.2521758,1791471080.2521822,1791471080.2443008,1791471080.2521822,1791471080.2443008,1791471080.2521822,1791471079.2521758,1791471080.2521822,1791471079.2521758,1791471080.2521822,1791470991.1841655,GAZEBO_CLOCK_SYSTEM_INTERPOLATION,MAPPED_EXACT,0,89.052,1791471080.2361655,0.0008344650268554688,0.0,RGB,0.0,0,1,0,UNCALIBRATED,PREPARATION,MID,STRAIGHT,1.0,364,1.0,6.725751876831055,0.3021852970123291,nan,nan,False,0.0,0.0,0.0,0.0,0,0,0,0,0,0.0,0.0,0.0,0.0,0.0,0.0,0.0,0.0,0.0,0.0,0.0,0.0,0.0,0.0,6.420997467842655,0.3911518520688624,-1.9630413789204928,0.0,0.0,0.0,0.0,0.0,0.0,0.0,0.0,0.0,0.0,0.0,False,DISABLED,0,nan,nan,nan,nan,nan,nan,nan,nan,nan,nan,nan,nan,nan,nan,nan,nan,nan,nan,nan,nan,nan,nan,nan,nan,nan,nan,nan,nan,nan,nan,nan,nan,nan,nan,35.762090539728945,11.549405954609517,-0.0205017331460437,0.02168477714034017,0.02168477714034017,0.02168477714034017,35.80583760746826,11.613667427095551,0.004822037802036618,-0.04374706773931791,-0.06426147248603442,-0.025323770948080318,0.07773893993271216,0.08175962424627858,0.024525880813598633,False,DISABLED,none,MODEL_ORIGIN_FRAME_NOT_ESTABLISHED,nan,nan,nan,nan,nan,nan,nan,nan,nan,nan,nan,nan,nan,NOT_EVALUATED,nan,nan,nan,nan,DISABLED,nan,nan,nan,nan,nan,nan
1791471080.2841566,1791471080.3012445,1791471080.307197,1791471080.3072305,front_rgbd_red_sphere,True,True,True,,89.1,89.1,1791471080.3012445,1791471080.2993274,1791471080.2841566,1791471080.2841566,1791471080.2841566,0.0,1791471079.2921655,1791471080.292191,1791471080.2843008,1791471080.292191,1791471080.2843008,1791471080.292191,1791471079.2921655,1791471080.292191,1791471079.2921655,1791471080.292191,1791470991.1841567,GAZEBO_CLOCK_SYSTEM_INTERPOLATION,MAPPED_EXACT,0,89.1,1791471080.2841566,0.0014164447784423828,0.0,RGB,0.0,0,1,0,UNCALIBRATED,PREPARATION,MID,STRAIGHT,1.0,362,1.0,6.72307014465332,0.299233615398407,nan,nan,False,0.0,0.0,0.0,0.0,0,0,0,0,0,0.0,0.0,0.0,0.0,0.0,0.0,0.0,0.0,0.0,0.0,0.0,0.0,0.0,0.0,6.424314994979988,0.3812686359484747,-1.9448607046387654,0.0,0.0,0.0,0.0,0.0,0.0,0.0,0.0,0.0,0.0,0.0,False,DISABLED,0,nan,nan,nan,nan,nan,nan,nan,nan,nan,nan,nan,nan,nan,nan,nan,nan,nan,nan,nan,nan,nan,nan,nan,nan,nan,nan,nan,nan,nan,nan,nan,nan,nan,nan,35.91381714231955,11.41897861386977,-0.03227131373032849,0.021676879430481168,0.021676879430481168,0.021676879430481168,35.951616543962345,11.488799106962135,-0.006477323899424837,-0.037799401642793384,-0.06982049309236515,-0.02579398983090365,0.07939581865699365,0.08348069196892766,0.017087936401367188,False,DISABLED,none,MODEL_ORIGIN_FRAME_NOT_ESTABLISHED,nan,nan,nan,nan,nan,nan,nan,nan,nan,nan,nan,nan,nan,NOT_EVALUATED,nan,nan,nan,nan,DISABLED,nan,nan,nan,nan,nan,nan
1791471080.3361611,1791471080.3581717,1791471080.3647017,1791471080.3647223,front_rgbd_red_sphere,True,True,True,,89.152,89.152,1791471080.3581717,1791471080.356075,1791471080.3361611,1791471080.3361611,1791471080.3361611,0.0,1791471079.348175,1791471080.3481767,1791471080.340301,1791471080.3481767,1791471080.344301,1791471080.3521702,1791471079.348175,1791471080.3481767,1791471079.332161,1791471080.3521702,1791470991.1841612,GAZEBO_CLOCK_SYSTEM_INTERPOLATION,MAPPED_EXACT,0,89.152,1791471080.3361611,0.003480672836303711,0.0,RGB,0.0,0,1,0,UNCALIBRATED,PREPARATION,MID,STRAIGHT,1.0,365,1.0,6.709576606750488,0.2980197072029114,nan,nan,False,0.0,0.0,0.0,0.0,0,0,0,0,0,0.0,0.0,0.0,0.0,0.0,0.0,0.0,0.0,0.0,0.0,0.0,0.0,0.0,0.0,6.413817422531957,0.3695585036199418,-1.9351465535146515,0.0,0.0,0.0,0.0,0.0,0.0,0.0,0.0,0.0,0.0,0.0,False,DISABLED,0,nan,nan,nan,nan,nan,nan,nan,nan,nan,nan,nan,nan,nan,nan,nan,nan,nan,nan,nan,nan,nan,nan,nan,nan,nan,nan,nan,nan,nan,nan,nan,nan,nan,nan,36.065039268081904,11.288336907221428,-0.04402792804211403,0.02163716469290092,0.02163716469290092,0.02163716469290092,36.109397307975144,11.353048021033443,-0.018685084802101126,-0.04435803989323972,-0.06471111381201489,-0.025342843240012902,0.0784548529662875,0.08244648966117149,0.02201056480407715,False,DISABLED,none,MODEL_ORIGIN_FRAME_NOT_ESTABLISHED,nan,nan,nan,nan,nan,nan,nan,nan,nan,nan,nan,nan,nan,NOT_EVALUATED,nan,nan,nan,nan,DISABLED,nan,nan,nan,nan,nan,nan
1791471080.3841605,1791471080.4015896,1791471080.4049997,1791471080.40502,front_rgbd_red_sphere,True,True,True,,89.2,89.2,1791471080.4015896,1791471080.3998542,1791471080.3841605,1791471080.3841605,1791471080.3841605,0.0,1791471079.3921752,1791471080.3881743,1791471080.380301,1791471080.3881743,1791471080.384301,1791471080.3921983,1791471079.3881702,1791471080.3881743,1791471079.3921752,1791471080.3921983,1791470991.1841605,GAZEBO_CLOCK_SYSTEM_INTERPOLATION,MAPPED_EXACT,0,89.2,1791471080.3841605,0.001630544662475586,0.0,RGB,0.0,0,1,0,UNCALIBRATED,PREPARATION,MID,STRAIGHT,1.0,363,1.0,6.707139015197754,0.2953692376613617,nan,nan,False,0.0,0.0,0.0,0.0,0,0,0,0,0,0.0,0.0,0.0,0.0,0.0,0.0,0.0,0.0,0.0,0.0,0.0,0.0,0.0,0.0,6.416684689394966,0.3606605177614526,-1.9188010703704297,0.0,0.0,0.0,0.0,0.0,0.0,0.0,0.0,0.0,0.0,0.0,False,DISABLED,0,nan,nan,nan,nan,nan,nan,nan,nan,nan,nan,nan,nan,nan,nan,nan,nan,nan,nan,nan,nan,nan,nan,nan,nan,nan,nan,nan,nan,nan,nan,nan,nan,nan,nan,36.21571470131372,11.157725546007038,-0.05577359282393862,0.02162999428159292,0.02162999428159292,0.02162999428159292,36.25462993549122,11.227576893937327,-0.029836204508946435,-0.03891523417749454,-0.06985134793028891,-0.025937388314992187,0.0799600291318576,0.08406161056850035,0.017429113388061523,False,DISABLED,none,MODEL_ORIGIN_FRAME_NOT_ESTABLISHED,nan,nan,nan,nan,nan,nan,nan,nan,nan,nan,nan,nan,nan,NOT_EVALUATED,nan,nan,nan,nan,DISABLED,nan,nan,nan,nan,nan,nan
1791471080.436156,1791471080.4623249,1791471080.4656372,1791471080.4656575,front_rgbd_red_sphere,True,True,True,,89.252,89.252,1791471080.4623249,1791471080.4614708,1791471080.436156,1791471080.436156,1791471080.436156,0.0,1791471079.432158,1791471080.452171,1791471080.444301,1791471080.452171,1791471080.444301,1791471080.452171,1791471079.4281595,1791471080.452171,1791471079.432158,1791471080.452171,1791470991.184156,GAZEBO_CLOCK_SYSTEM_INTERPOLATION,MAPPED_EXACT,0,89.252,1791471080.436156,0.0024454593658447266,0.0,RGB,0.0,0,1,0,UNCALIBRATED,PREPARATION,MID,STRAIGHT,1.0,363,1.0,6.694097518920898,0.2945808172225952,nan,nan,False,0.0,0.0,0.0,0.0,0,0,0,0,0,0.0,0.0,0.0,0.0,0.0,0.0,0.0,0.0,0.0,0.0,0.0,0.0,0.0,0.0,6.405742121361174,0.35017191067509224,-1.9117502225851783,0.0,0.0,0.0,0.0,0.0,0.0,0.0,0.0,0.0,0.0,0.0,False,DISABLED,0,nan,nan,nan,nan,nan,nan,nan,nan,nan,nan,nan,nan,nan,nan,nan,nan,nan,nan,nan,nan,nan,nan,nan,nan,nan,nan,nan,nan,nan,nan,nan,nan,nan,nan,36.36594004355541,11.026927366077679,-0.0674579261250629,0.02159165014853801,0.02159165014853801,0.02159165014853801,36.41161498565413,11.09137390721767,-0.0417133893832383,-0.045674942098720805,-0.06444654113999171,-0.025744536741824607,0.07899086656462342,0.08308031158271675,0.0261688232421875,False,DISABLED,none,MODEL_ORIGIN_FRAME_NOT_ESTABLISHED,nan,nan,nan,nan,nan,nan,nan,nan,nan,nan,nan,nan,nan,NOT_EVALUATED,nan,nan,nan,nan,DISABLED,nan,nan,nan,nan,nan,nan
1791471080.4841602,1791471080.5108874,1791471080.5162566,1791471080.5162938,front_rgbd_red_sphere,True,True,True,,89.3,89.3,1791471080.5108874,1791471080.4997213,1791471080.4841602,1791471080.4841602,1791471080.4841602,0.0,1791471079.4721591,1791471080.4921715,1791471080.4843009,1791471080.4921715,1791471080.4843009,1791471080.4921715,1791471079.468162,1791471080.4921715,1791471079.4721591,1791471080.4921715,1791470991.1841602,GAZEBO_CLOCK_SYSTEM_INTERPOLATION,MAPPED_EXACT,0,89.3,1791471080.4841602,0.0030450820922851562,0.0,RGB,0.0,0,1,0,UNCALIBRATED,PREPARATION,MID,STRAIGHT,1.0,357,1.0,6.692478179931641,0.29226186871528625,nan,nan,False,0.0,0.0,0.0,0.0,0,0,0,0,0,0.0,0.0,0.0,0.0,0.0,0.0,0.0,0.0,0.0,0.0,0.0,0.0,0.0,0.0,6.408681037243807,0.3428039731523018,-1.8975127522596047,0.0,0.0,0.0,0.0,0.0,0.0,0.0,0.0,0.0,0.0,0.0,False,DISABLED,0,nan,nan,nan,nan,nan,nan,nan,nan,nan,nan,nan,nan,nan,nan,nan,nan,nan,nan,nan,nan,nan,nan,nan,nan,nan,nan,nan,nan,nan,nan,nan,nan,nan,nan,36.51624946656406,10.89586279535234,-0.07879101758831547,0.021586890992459085,0.021586890992459085,0.021586890992459085,36.55652834938901,10.965146255683827,-0.05245735941762092,-0.040278882824949847,-0.06928346033148713,-0.02633365817069455,0.0801410399054741,0.08435667033365991,0.02672719955444336,False,DISABLED,none,MODEL_ORIGIN_FRAME_NOT_ESTABLISHED,nan,nan,nan,nan,nan,nan,nan,nan,nan,nan,nan,nan,nan,NOT_EVALUATED,nan,nan,nan,nan,DISABLED,nan,nan,nan,nan,nan,nan
1791471080.5361552,1791471080.563033,1791471080.5671709,1791471080.5672052,front_rgbd_red_sphere,True,True,True,,89.352,89.352,1791471080.563033,1791471080.5529826,1791471080.5361552,1791471080.5361552,1791471080.5361552,0.0,1791471079.5321603,1791471080.5481668,1791471080.5403008,1791471080.5481668,1791471080.544301,1791471080.5521674,1791471079.5321603,1791471080.5481668,1791471079.5321603,1791471080.5521674,1791470991.1841552,GAZEBO_CLOCK_SYSTEM_INTERPOLATION,MAPPED_EXACT,0,89.352,1791471080.5361552,0.0030782222747802734,0.0,RGB,0.0,0,1,0,UNCALIBRATED,PREPARATION,MID,STRAIGHT,1.0,363,1.0,6.68013858795166,0.2915915250778198,nan,nan,False,0.0,0.0,0.0,0.0,0,0,0,0,0,0.0,0.0,0.0,0.0,0.0,0.0,0.0,0.0,0.0,0.0,0.0,0.0,0.0,0.0,6.398153794062108,0.33418107528822993,-1.8910855042924197,0.0,0.0,0.0,0.0,0.0,0.0,0.0,0.0,0.0,0.0,0.0,False,DISABLED,0,nan,nan,nan,nan,nan,nan,nan,nan,nan,nan,nan,nan,nan,nan,nan,nan,nan,nan,nan,nan,nan,nan,nan,nan,nan,nan,nan,nan,nan,nan,nan,nan,nan,nan,36.66614084354988,10.764667354372442,-0.08994427447147485,0.021550647290360988,0.021550647290360988,0.021550647290360988,36.713128436577946,10.82817978643252,-0.06374042665606755,-0.04698759302806366,-0.06351243206007773,-0.0262038478154073,0.07900419561489709,0.08323643772465249,0.026877880096435547,False,DISABLED,none,MODEL_ORIGIN_FRAME_NOT_ESTABLISHED,nan,nan,nan,nan,nan,nan,nan,nan,nan,nan,nan,nan,nan,NOT_EVALUATED,nan,nan,nan,nan,DISABLED,nan,nan,nan,nan,nan,nan
1791471080.5841641,1791471080.59987,1791471080.605466,1791471080.6055021,front_rgbd_red_sphere,True,True,True,,89.4,89.4,1791471080.59987,1791471080.5991898,1791471080.5841641,1791471080.5841641,1791471080.5841641,0.0,1791471079.592176,1791471080.5881746,1791471080.5803008,1791471080.5881746,1791471080.584301,1791471080.5921788,1791471079.5881739,1791471080.5881746,1791471079.592176,1791471080.5921788,1791470991.184164,GAZEBO_CLOCK_SYSTEM_INTERPOLATION,MAPPED_EXACT,0,89.4,1791471080.5841641,0.003972768783569336,0.0,RGB,0.0,0,1,0,UNCALIBRATED,PREPARATION,MID,STRAIGHT,1.0,363,1.0,6.678901672363281,0.2890612483024597,nan,nan,False,0.0,0.0,0.0,0.0,0,0,0,0,0,0.0,0.0,0.0,0.0,0.0,0.0,0.0,0.0,0.0,0.0,0.0,0.0,0.0,0.0,6.401806628880946,0.32866573394537824,-1.8752539424004393,0.0,0.0,0.0,0.0,0.0,0.0,0.0,0.0,0.0,0.0,0.0,False,DISABLED,0,nan,nan,nan,nan,nan,nan,nan,nan,nan,nan,nan,nan,nan,nan,nan,nan,nan,nan,nan,nan,nan,nan,nan,nan,nan,nan,nan,nan,nan,nan,nan,nan,nan,nan,36.81606867792067,10.633043354712443,-0.10095611678850153,0.02154701522797567,0.02154701522797567,0.02154701522797567,36.85742557165863,10.701494505131036,-0.07378912203653976,-0.04135689373796225,-0.06845115041859273,-0.02716699475196177,0.07997470008247552,0.08446299933778711,0.01570582389831543,False,DISABLED,none,MODEL_ORIGIN_FRAME_NOT_ESTABLISHED,nan,nan,nan,nan,nan,nan,nan,nan,nan,nan,nan,nan,nan,NOT_EVALUATED,nan,nan,nan,nan,DISABLED,nan,nan,nan,nan,nan,nan
1791471080.6361578,1791471080.6631494,1791471080.6663246,1791471080.6663435,front_rgbd_red_sphere,True,True,True,,89.452,89.452,1791471080.6631494,1791471080.653082,1791471080.6361578,1791471080.6361578,1791471080.6361578,0.0,1791471079.6321602,1791471080.6521742,1791471080.644301,1791471080.6521742,1791471080.644301,1791471080.6521742,1791471079.6281605,1791471080.6521742,1791471079.6321602,1791471080.6521742,1791470991.1841578,GAZEBO_CLOCK_SYSTEM_INTERPOLATION,MAPPED_EXACT,0,89.452,1791471080.6361578,0.003167390823364258,0.0,RGB,0.0,0,1,0,UNCALIBRATED,PREPARATION,MID,STRAIGHT,1.0,364,1.0,6.667412281036377,0.28788241744041443,nan,nan,False,0.0,0.0,0.0,0.0,0,0,0,0,0,0.0,0.0,0.0,0.0,0.0,0.0,0.0,0.0,0.0,0.0,0.0,0.0,0.0,0.0,6.393029986107633,0.32216938136208917,-1.8654119411388317,0.0,0.0,0.0,0.0,0.0,0.0,0.0,0.0,0.0,0.0,0.0,False,DISABLED,0,nan,nan,nan,nan,nan,nan,nan,nan,nan,nan,nan,nan,nan,nan,nan,nan,nan,nan,nan,nan,nan,nan,nan,nan,nan,nan,nan,nan,nan,nan,nan,nan,nan,nan,36.96601130196185,10.500876354313096,-0.11137178759105287,0.021513298455825496,0.021513298455825496,0.021513298455825496,37.01344365905049,10.563981087007782,-0.08418505380202779,-0.047432357088638355,-0.0631047326946863,-0.027186733789025086,0.07894324408999108,0.08349343855397998,0.026991605758666992,False,DISABLED,none,MODEL_ORIGIN_FRAME_NOT_ESTABLISHED,nan,nan,nan,nan,nan,nan,nan,nan,nan,nan,nan,nan,nan,NOT_EVALUATED,nan,nan,nan,nan,DISABLED,nan,nan,nan,nan,nan,nan
1791471080.6842463,1791471080.7100153,1791471080.714213,1791471080.7142324,front_rgbd_red_sphere,True,True,True,,89.5,89.5,1791471080.7100153,1791471080.6987696,1791471080.6842463,1791471080.6842463,1791471080.6842463,0.0,1791471079.6921732,1791471080.6921778,1791471080.684301,1791471080.6921778,1791471080.684301,1791471080.6921778,1791471079.6921732,1791471080.6921778,1791471079.6921732,1791471080.6921778,1791470991.1842463,GAZEBO_CLOCK_SYSTEM_INTERPOLATION,MAPPED_EXACT,0,89.5,1791471080.6842463,0.0023012161254882812,0.0,RGB,0.0,0,1,0,UNCALIBRATED,PREPARATION,MID,STRAIGHT,1.0,358,1.0,6.667014122009277,0.28515949845314026,nan,nan,False,0.0,0.0,0.0,0.0,0,0,0,0,0,0.0,0.0,0.0,0.0,0.0,0.0,0.0,0.0,0.0,0.0,0.0,0.0,0.0,0.0,6.397778923161596,0.3183433112616747,-1.8482863716650968,0.0,0.0,0.0,0.0,0.0,0.0,0.0,0.0,0.0,0.0,0.0,False,DISABLED,0,nan,nan,nan,nan,nan,nan,nan,nan,nan,nan,nan,nan,nan,nan,nan,nan,nan,nan,nan,nan,nan,nan,nan,nan,nan,nan,nan,nan,nan,nan,nan,nan,nan,nan,37.11571739863017,10.368534433039692,-0.12118044749559859,0.02151213094636357,0.02151213094636357,0.02151213094636357,37.15747192154483,10.436571926183769,-0.09331249708611064,-0.041754522914665415,-0.06803749314407703,-0.027867950409487946,0.07982819462546832,0.08455272507250922,0.02576899528503418,False,DISABLED,none,MODEL_ORIGIN_FRAME_NOT_ESTABLISHED,nan,nan,nan,nan,nan,nan,nan,nan,nan,nan,nan,nan,nan,NOT_EVALUATED,nan,nan,nan,nan,DISABLED,nan,nan,nan,nan,nan,nan
1791471080.7361617,1791471080.767679,1791471080.7715313,1791471080.7715511,front_rgbd_red_sphere,True,True,True,,89.552,89.552,1791471080.767679,1791471080.7665174,1791471080.7361617,1791471080.7361617,1791471080.7361617,0.0,1791471079.7481697,1791471080.7482226,1791471080.740301,1791471080.7482226,1791471080.7443008,1791471080.7521749,1791471079.7481697,1791471080.7482226,1791471079.7321568,1791471080.7521749,1791470991.1841617,GAZEBO_CLOCK_SYSTEM_INTERPOLATION,MAPPED_EXACT,0,89.552,1791471080.7361617,0.003866434097290039,0.0,RGB,0.0,0,1,0,UNCALIBRATED,PREPARATION,MID,STRAIGHT,1.0,366,1.0,6.656367301940918,0.2843672037124634,nan,nan,False,0.0,0.0,0.0,0.0,0,0,0,0,0,0.0,0.0,0.0,0.0,0.0,0.0,0.0,0.0,0.0,0.0,0.0,0.0,0.0,0.0,6.3890434642394345,0.3133231703104986,-1.8409721460558774,0.0,0.0,0.0,0.0,0.0,0.0,0.0,0.0,0.0,0.0,0.0,False,DISABLED,0,nan,nan,nan,nan,nan,nan,nan,nan,nan,nan,nan,nan,nan,nan,nan,nan,nan,nan,nan,nan,nan,nan,nan,nan,nan,nan,nan,nan,nan,nan,nan,nan,nan,nan,37.26473823912763,10.236332253448706,-0.13033560725468968,0.021480910376912073,0.021480910376912073,0.021480910376912073,37.31268600483005,10.298751642941587,-0.10255144548987928,-0.047947765702417655,-0.06241938949288084,-0.027784161764810397,0.07870939220015552,0.08346932409868343,0.03151726722717285,False,DISABLED,none,MODEL_ORIGIN_FRAME_NOT_ESTABLISHED,nan,nan,nan,nan,nan,nan,nan,nan,nan,nan,nan,nan,nan,NOT_EVALUATED,nan,nan,nan,nan,DISABLED,nan,nan,nan,nan,nan,nan
1791471080.784159,1791471080.8128338,1791471080.8167224,1791471080.8167427,front_rgbd_red_sphere,True,True,True,,89.6,89.6,1791471080.8128338,1791471080.811524,1791471080.784159,1791471080.784159,1791471080.784159,0.0,1791471079.7881742,1791471080.788176,1791471080.78033,1791471080.788176,1791471080.78433,1791471080.7921824,1791471079.7881742,1791471080.788176,1791471079.7721894,1791471080.7921824,1791470991.184159,GAZEBO_CLOCK_SYSTEM_INTERPOLATION,MAPPED_EXACT,0,89.6,1791471080.784159,0.0009391307830810547,0.0,RGB,0.0,0,1,0,UNCALIBRATED,PREPARATION,MID,STRAIGHT,1.0,364,1.0,6.6567535400390625,0.28210753202438354,nan,nan,False,0.0,0.0,0.0,0.0,0,0,0,0,0,0.0,0.0,0.0,0.0,0.0,0.0,0.0,0.0,0.0,0.0,0.0,0.0,0.0,0.0,6.393618010659195,0.31058303833734513,-1.8268978779530292,0.0,0.0,0.0,0.0,0.0,0.0,0.0,0.0,0.0,0.0,0.0,False,DISABLED,0,nan,nan,nan,nan,nan,nan,nan,nan,nan,nan,nan,nan,nan,nan,nan,nan,nan,nan,nan,nan,nan,nan,nan,nan,nan,nan,nan,nan,nan,nan,nan,nan,nan,nan,37.413742949251436,10.103704095250354,-0.13928535480168408,0.021482042709355317,0.021482042709355317,0.021482042709355317,37.45590239403339,10.17114062615194,-0.11050143099400932,-0.04215944478195155,-0.06743653090158652,-0.028783923807674763,0.07953052548778397,0.0845790680613654,0.028674840927124023,False,DISABLED,none,MODEL_ORIGIN_FRAME_NOT_ESTABLISHED,nan,nan,nan,nan,nan,nan,nan,nan,nan,nan,nan,nan,nan,NOT_EVALUATED,nan,nan,nan,nan,DISABLED,nan,nan,nan,nan,nan,nan
1791471080.8361595,1791471080.8548768,1791471080.8637733,1791471080.86381,front_rgbd_red_sphere,True,True,True,,89.652,89.652,1791471080.8548768,1791471080.8535573,1791471080.8361595,1791471080.8361595,1791471080.8361595,0.0,1791471079.8521717,1791471080.8521738,1791471080.8443298,1791471080.8521738,1791471080.8443298,1791471080.8521738,1791471079.8521717,1791471080.8521738,1791471079.8521717,1791471080.8521738,1791470991.1841595,GAZEBO_CLOCK_SYSTEM_INTERPOLATION,MAPPED_EXACT,0,89.652,1791471080.8361595,0.002366304397583008,0.0,RGB,0.0,0,1,0,UNCALIBRATED,PREPARATION,MID,STRAIGHT,1.0,365,1.0,6.647047996520996,0.2814878523349762,nan,nan,False,0.0,0.0,0.0,0.0,0,0,0,0,0,0.0,0.0,0.0,0.0,0.0,0.0,0.0,0.0,0.0,0.0,0.0,0.0,0.0,0.0,6.385441562762434,0.3069027293818216,-1.820767868174289,0.0,0.0,0.0,0.0,0.0,0.0,0.0,0.0,0.0,0.0,0.0,False,DISABLED,0,nan,nan,nan,nan,nan,nan,nan,nan,nan,nan,nan,nan,nan,nan,nan,nan,nan,nan,nan,nan,nan,nan,nan,nan,nan,nan,nan,nan,nan,nan,nan,nan,nan,nan,37.56278051868281,9.970411858537336,-0.1475047666066835,0.02145360189754114,0.02145360189754114,0.02145360189754114,37.61121197220282,10.032253640783034,-0.11840483604783586,-0.04843145352000988,-0.061841782245698695,-0.02909993055884763,0.07854942215818836,0.08376644722032232,0.018717288970947266,False,DISABLED,none,MODEL_ORIGIN_FRAME_NOT_ESTABLISHED,nan,nan,nan,nan,nan,nan,nan,nan,nan,nan,nan,nan,nan,NOT_EVALUATED,nan,nan,nan,nan,DISABLED,nan,nan,nan,nan,nan,nan
1791471080.8841567,1791471080.903844,1791471080.9084578,1791471080.9084814,front_rgbd_red_sphere,True,True,True,,89.7,89.7,1791471080.903844,1791471080.9018595,1791471080.8841567,1791471080.8841567,1791471080.8841567,0.0,1791471079.8921645,1791471080.8921697,1791471080.88433,1791471080.8921697,1791471080.88433,1791471080.8921697,1791471079.8921645,1791471080.8921697,1791471079.8921645,1791471080.8921697,1791470991.1841567,GAZEBO_CLOCK_SYSTEM_INTERPOLATION,MAPPED_EXACT,0,89.7,1791471080.8841567,0.0039174556732177734,0.0,RGB,0.0,0,1,0,UNCALIBRATED,PREPARATION,MID,STRAIGHT,1.0,366,1.0,6.648624420166016,0.27916890382766724,nan,nan,False,0.0,0.0,0.0,0.0,0,0,0,0,0,0.0,0.0,0.0,0.0,0.0,0.0,0.0,0.0,0.0,0.0,0.0,0.0,0.0,0.0,6.391221695756513,0.3053369120615592,-1.8064507017949687,0.0,0.0,0.0,0.0,0.0,0.0,0.0,0.0,0.0,0.0,0.0,False,DISABLED,0,nan,nan,nan,nan,nan,nan,nan,nan,nan,nan,nan,nan,nan,nan,nan,nan,nan,nan,nan,nan,nan,nan,nan,nan,nan,nan,nan,nan,nan,nan,nan,nan,nan,nan,37.711558000237225,9.837001111144303,-0.1552140853964134,0.02145822036862508,0.02145822036862508,0.02145822036862508,37.754105449835144,9.904041759806661,-0.12500661583517508,-0.042547449597918785,-0.06704064866235804,-0.03020746956123832,0.07940235538293035,0.08495425391144523,0.019687414169311523,False,DISABLED,none,MODEL_ORIGIN_FRAME_NOT_ESTABLISHED,nan,nan,nan,nan,nan,nan,nan,nan,nan,nan,nan,nan,nan,NOT_EVALUATED,nan,nan,nan,nan,DISABLED,nan,nan,nan,nan,nan,nan
1791471080.9361575,1791471080.9541938,1791471080.96072,1791471080.9607394,front_rgbd_red_sphere,True,True,True,,89.752,89.752,1791471080.9541938,1791471080.9529347,1791471080.9361575,1791471080.9361575,1791471080.9361575,0.0,1791471079.9481778,1791471080.9481952,1791471080.94033,1791471080.9481952,1791471080.94433,1791471080.952163,1791471079.9481778,1791471080.9481952,1791471079.932158,1791471080.952163,1791470991.1841574,GAZEBO_CLOCK_SYSTEM_INTERPOLATION,MAPPED_EXACT,0,89.752,1791471080.9361575,0.0012316703796386719,0.0,RGB,0.0,0,1,0,UNCALIBRATED,PREPARATION,MID,STRAIGHT,1.0,367,1.0,6.64005708694458,0.2783922553062439,nan,nan,False,0.0,0.0,0.0,0.0,0,0,0,0,0,0.0,0.0,0.0,0.0,0.0,0.0,0.0,0.0,0.0,0.0,0.0,0.0,0.0,0.0,6.384404985524237,0.30250815256639285,-1.7995054765889815,0.0,0.0,0.0,0.0,0.0,0.0,0.0,0.0,0.0,0.0,0.0,False,DISABLED,0,nan,nan,nan,nan,nan,nan,nan,nan,nan,nan,nan,nan,nan,nan,nan,nan,nan,nan,nan,nan,nan,nan,nan,nan,nan,nan,nan,nan,nan,nan,nan,nan,nan,nan,37.86025574835008,9.703030925354481,-0.16235334812397711,0.02143312716058902,0.02143312716058902,0.02143312716058902,37.90868119595416,9.764867995781023,-0.13133506197550412,-0.04842544760408174,-0.06183707042654163,-0.03101828614847299,0.07854200948914368,0.08444513799018441,0.018036365509033203,False,DISABLED,none,MODEL_ORIGIN_FRAME_NOT_ESTABLISHED,nan,nan,nan,nan,nan,nan,nan,nan,nan,nan,nan,nan,nan,NOT_EVALUATED,nan,nan,nan,nan,DISABLED,nan,nan,nan,nan,nan,nan
1791471080.984157,1791471081.005104,1791471081.008906,1791471081.0089269,front_rgbd_red_sphere,True,True,True,,89.8,89.8,1791471081.005104,1791471081.003727,1791471080.984157,1791471080.984157,1791471080.984157,0.0,1791471079.9721587,1791471080.9881678,1791471080.98033,1791471080.9881678,1791471080.98433,1791471080.9921665,1791471079.9721587,1791471080.9881678,1791471079.9721587,1791471080.9921665,1791470991.1841571,GAZEBO_CLOCK_SYSTEM_INTERPOLATION,MAPPED_EXACT,0,89.8,1791471080.984157,0.0011966228485107422,0.0,RGB,0.0,0,1,0,UNCALIBRATED,PREPARATION,MID,STRAIGHT,1.0,363,1.0,6.642958164215088,0.2762885093688965,nan,nan,False,0.0,0.0,0.0,0.0,0,0,0,0,0,0.0,0.0,0.0,0.0,0.0,0.0,0.0,0.0,0.0,0.0,0.0,0.0,0.0,0.0,6.391020501402386,0.30126706455554064,-1.786892712822425,0.0,0.0,0.0,0.0,0.0,0.0,0.0,0.0,0.0,0.0,0.0,False,DISABLED,0,nan,nan,nan,nan,nan,nan,nan,nan,nan,nan,nan,nan,nan,nan,nan,nan,nan,nan,nan,nan,nan,nan,nan,nan,nan,nan,nan,nan,nan,nan,nan,nan,nan,nan,38.00862213294545,9.568799393483141,-0.16883030803427784,0.021441621782348992,0.021441621782348992,0.021441621782348992,38.051148771015384,9.63618402650282,-0.13642091179989638,-0.04252663806993695,-0.06738463301967812,-0.032409396234381466,0.07968189074518818,0.08602076887011209,0.020946979522705078,False,DISABLED,none,MODEL_ORIGIN_FRAME_NOT_ESTABLISHED,nan,nan,nan,nan,nan,nan,nan,nan,nan,nan,nan,nan,nan,NOT_EVALUATED,nan,nan,nan,nan,DISABLED,nan,nan,nan,nan,nan,nan
1791471081.036162,1791471081.0668538,1791471081.0713387,1791471081.071358,front_rgbd_red_sphere,True,True,True,,89.852,89.852,1791471081.0668538,1791471081.0659187,1791471081.036162,1791471081.036162,1791471081.036162,0.0,1791471080.052168,1791471081.052176,1791471081.04433,1791471081.052176,1791471081.04433,1791471081.052176,1791471080.052168,1791471081.052176,1791471080.052168,1791471081.052176,1791470991.184162,GAZEBO_CLOCK_SYSTEM_INTERPOLATION,MAPPED_EXACT,0,89.852,1791471081.036162,0.0029668807983398438,0.0,RGB,0.0,0,1,0,UNCALIBRATED,PREPARATION,MID,STRAIGHT,1.0,362,1.0,6.635708332061768,0.2766262888908386,nan,nan,False,0.0,0.0,0.0,0.0,0,0,0,0,0,0.0,0.0,0.0,0.0,0.0,0.0,0.0,0.0,0.0,0.0,0.0,0.0,0.0,0.0,6.38343405323414,0.2982502131172442,-1.7875798480710632,0.0,0.0,0.0,0.0,0.0,0.0,0.0,0.0,0.0,0.0,0.0,False,DISABLED,0,nan,nan,nan,nan,nan,nan,nan,nan,nan,nan,nan,nan,nan,nan,nan,nan,nan,nan,nan,nan,nan,nan,nan,nan,nan,nan,nan,nan,nan,nan,nan,nan,nan,nan,38.1564714899782,9.434180518924638,-0.17433875311824915,0.021420395870463228,0.021420395870463228,0.021420395870463228,38.205284895675234,9.496498567000168,-0.14103226284436915,-0.04881340569703241,-0.06231804807553054,-0.033306490273879996,0.07915988688526034,0.08588137158925255,0.030691862106323242,False,DISABLED,none,MODEL_ORIGIN_FRAME_NOT_ESTABLISHED,nan,nan,nan,nan,nan,nan,nan,nan,nan,nan,nan,nan,nan,NOT_EVALUATED,nan,nan,nan,nan,DISABLED,nan,nan,nan,nan,nan,nan
1791471081.0841582,1791471081.1042423,1791471081.1090734,1791471081.1090949,front_rgbd_red_sphere,True,True,True,,89.9,89.9,1791471081.1042423,1791471081.1002467,1791471081.0841582,1791471081.0841582,1791471081.0841582,0.0,1791471080.0721593,1791471081.0921633,1791471081.0843298,1791471081.0921633,1791471081.0843298,1791471081.0921633,1791471080.0681603,1791471081.0921633,1791471080.0721593,1791471081.0921633,1791470991.184158,GAZEBO_CLOCK_SYSTEM_INTERPOLATION,MAPPED_EXACT,0,89.9,1791471081.0841582,0.0044708251953125,0.0,RGB,0.0,0,1,0,UNCALIBRATED,PREPARATION,MID,STRAIGHT,1.0,365,1.0,6.6399760246276855,0.27586042881011963,nan,nan,False,0.0,0.0,0.0,0.0,0,0,0,0,0,0.0,0.0,0.0,0.0,0.0,0.0,0.0,0.0,0.0,0.0,0.0,0.0,0.0,0.0,6.388926500732769,0.2964320115076102,-1.7841044273525952,0.0,0.0,0.0,0.0,0.0,0.0,0.0,0.0,0.0,0.0,0.0,False,DISABLED,0,nan,nan,nan,nan,nan,nan,nan,nan,nan,nan,nan,nan,nan,nan,nan,nan,nan,nan,nan,nan,nan,nan,nan,nan,nan,nan,nan,nan,nan,nan,nan,nan,nan,nan,38.30411515674081,9.299186912254733,-0.17919857134342804,0.02143288996978014,0.02143288996978014,0.02143288996978014,38.34737728841057,9.367331218951788,-0.14447715480240875,-0.04326213166976345,-0.06814430669705551,-0.03472141654101929,0.0807171516583329,0.08786828403041272,0.020084142684936523,False,DISABLED,none,MODEL_ORIGIN_FRAME_NOT_ESTABLISHED,nan,nan,nan,nan,nan,nan,nan,nan,nan,nan,nan,nan,nan,NOT_EVALUATED,nan,nan,nan,nan,DISABLED,nan,nan,nan,nan,nan,nan
1791471081.1361592,1791471081.159223,1791471081.1651998,1791471081.1652343,front_rgbd_red_sphere,True,True,True,,89.952,89.952,1791471081.159223,1791471081.1570127,1791471081.1361592,1791471081.1361592,1791471081.1361592,0.0,1791471080.152162,1791471081.1481788,1791471081.1403298,1791471081.1481788,1791471081.14433,1791471081.152172,1791471080.1481752,1791471081.1481788,1791471080.152162,1791471081.152172,1791470991.1841593,GAZEBO_CLOCK_SYSTEM_INTERPOLATION,MAPPED_EXACT,0,89.952,1791471081.1361592,0.004111051559448242,0.0,RGB,0.0,0,1,0,UNCALIBRATED,PREPARATION,MID,STRAIGHT,1.0,366,1.0,6.634026527404785,0.27671676874160767,nan,nan,False,0.0,0.0,0.0,0.0,0,0,0,0,0,0.0,0.0,0.0,0.0,0.0,0.0,0.0,0.0,0.0,0.0,0.0,0.0,0.0,0.0,6.381651964893481,0.2929562248877229,-1.788574768034108,0.0,0.0,0.0,0.0,0.0,0.0,0.0,0.0,0.0,0.0,0.0,False,DISABLED,0,nan,nan,nan,nan,nan,nan,nan,nan,nan,nan,nan,nan,nan,nan,nan,nan,nan,nan,nan,nan,nan,nan,nan,nan,nan,nan,nan,nan,nan,nan,nan,nan,nan,nan,38.451582426783524,9.163412216839031,-0.18319577119524583,0.021415472553398488,0.021415472553398488,0.021415472553398488,38.50105526992648,9.227188232466695,-0.1472567565130445,-0.049472843142957856,-0.06377601562766344,-0.035939014682201315,0.08071519298117104,0.08835471212286963,0.02306389808654785,False,DISABLED,none,MODEL_ORIGIN_FRAME_NOT_ESTABLISHED,nan,nan,nan,nan,nan,nan,nan,nan,nan,nan,nan,nan,nan,NOT_EVALUATED,nan,nan,nan,nan,DISABLED,nan,nan,nan,nan,nan,nan
1791471081.1841562,1791471081.2130766,1791471081.2200289,1791471081.2200518,front_rgbd_red_sphere,True,True,True,,90.0,90.0,1791471081.2130766,1791471081.201473,1791471081.1841562,1791471081.1841562,1791471081.1841562,0.0,1791471080.172164,1791471081.1881695,1791471081.18033,1791471081.1881695,1791471081.18433,1791471081.1921656,1791471080.172164,1791471081.1881695,1791471080.172164,1791471081.1921656,1791470991.1841562,GAZEBO_CLOCK_SYSTEM_INTERPOLATION,MAPPED_EXACT,0,90.0,1791471081.1841562,0.001329183578491211,0.0,RGB,0.0,0,1,0,UNCALIBRATED,PREPARATION,MID,STRAIGHT,1.0,364,1.0,6.6393585205078125,0.27527764439582825,nan,nan,False,0.0,0.0,0.0,0.0,0,0,0,0,0,0.0,0.0,0.0,0.0,0.0,0.0,0.0,0.0,0.0,0.0,0.0,0.0,0.0,0.0,6.389384902647369,0.29086829706867334,-1.7810769101292259,0.0,0.0,0.0,0.0,0.0,0.0,0.0,0.0,0.0,0.0,0.0,False,DISABLED,0,nan,nan,nan,nan,nan,nan,nan,nan,nan,nan,nan,nan,nan,nan,nan,nan,nan,nan,nan,nan,nan,nan,nan,nan,nan,nan,nan,nan,nan,nan,nan,nan,nan,nan,38.599029384825286,9.027780905967543,-0.18611609183681738,0.021431081171014863,0.021431081171014863,0.021431081171014863,38.64272403768533,9.097615846120757,-0.1489748938081724,-0.043694652860047256,-0.06983494015321412,-0.03714119802864499,0.08237804048873118,0.09036376566835877,0.028920412063598633,False,DISABLED,none,MODEL_ORIGIN_FRAME_NOT_ESTABLISHED,nan,nan,nan,nan,nan,nan,nan,nan,nan,nan,nan,nan,nan,NOT_EVALUATED,nan,nan,nan,nan,DISABLED,nan,nan,nan,nan,nan,nan
1791471081.2361572,1791471081.2559857,1791471081.2621665,1791471081.2621887,front_rgbd_red_sphere,True,True,True,,90.052,90.052,1791471081.2559857,1791471081.2546413,1791471081.2361572,1791471081.2361572,1791471081.2361572,0.0,1791471080.232158,1791471081.252165,1791471081.24433,1791471081.252165,1791471081.24433,1791471081.252165,1791471080.2281625,1791471081.252165,1791471080.232158,1791471081.252165,1791470991.1841571,GAZEBO_CLOCK_SYSTEM_INTERPOLATION,MAPPED_EXACT,0,90.052,1791471081.2361572,0.002847433090209961,0.0,RGB,0.0,0,1,0,UNCALIBRATED,PREPARATION,MID,STRAIGHT,1.0,365,1.0,6.634470462799072,0.27547672390937805,nan,nan,False,0.0,0.0,0.0,0.0,0,0,0,0,0,0.0,0.0,0.0,0.0,0.0,0.0,0.0,0.0,0.0,0.0,0.0,0.0,0.0,0.0,6.384322080927862,0.28699790549095283,-1.78164638709824,0.0,0.0,0.0,0.0,0.0,0.0,0.0,0.0,0.0,0.0,0.0,False,DISABLED,0,nan,nan,nan,nan,nan,nan,nan,nan,nan,nan,nan,nan,nan,nan,nan,nan,nan,nan,nan,nan,nan,nan,nan,nan,nan,nan,nan,nan,nan,nan,nan,nan,nan,nan,38.746189893418865,8.891973444917816,-0.18770523396038902,0.021416772960368376,0.021416772960368376,0.021416772960368376,38.79599174310004,8.957008137274272,-0.1498551615964462,-0.04980184968117385,-0.06503469235645554,-0.037850072363942805,0.08191297480597962,0.09023504540654234,0.01982855796813965,False,DISABLED,none,MODEL_ORIGIN_FRAME_NOT_ESTABLISHED,nan,nan,nan,nan,nan,nan,nan,nan,nan,nan,nan,nan,nan,NOT_EVALUATED,nan,nan,nan,nan,DISABLED,nan,nan,nan,nan,nan,nan
1791471081.284159,1791471081.303797,1791471081.3077772,1791471081.3078024,front_rgbd_red_sphere,True,True,True,,90.1,90.1,1791471081.303797,1791471081.3027067,1791471081.284159,1791471081.284159,1791471081.284159,0.0,1791471080.2721725,1791471081.2921703,1791471081.28433,1791471081.2921703,1791471081.28433,1791471081.2921703,1791471080.268176,1791471081.2921703,1791471080.2721725,1791471081.2921703,1791470991.184159,GAZEBO_CLOCK_SYSTEM_INTERPOLATION,MAPPED_EXACT,0,90.1,1791471081.284159,0.003909587860107422,0.0,RGB,0.0,0,1,0,UNCALIBRATED,PREPARATION,MID,STRAIGHT,1.0,363,1.0,6.641361713409424,0.2742893397808075,nan,nan,False,0.0,0.0,0.0,0.0,0,0,0,0,0,0.0,0.0,0.0,0.0,0.0,0.0,0.0,0.0,0.0,0.0,0.0,0.0,0.0,0.0,6.393093808697497,0.28447496920257365,-1.7762629895888082,0.0,0.0,0.0,0.0,0.0,0.0,0.0,0.0,0.0,0.0,0.0,False,DISABLED,0,nan,nan,nan,nan,nan,nan,nan,nan,nan,nan,nan,nan,nan,nan,nan,nan,nan,nan,nan,nan,nan,nan,nan,nan,nan,nan,nan,nan,nan,nan,nan,nan,nan,nan,38.89309751223171,8.75583980237553,-0.18833773392430148,0.02143694711799372,0.02143694711799372,0.02143694711799372,38.93725143789075,8.827050863822178,-0.149805200884236,-0.04415392565903886,-0.07121106144664857,-0.038532533040065486,0.08378892780948023,0.0922244030934656,0.0196380615234375,False,DISABLED,none,MODEL_ORIGIN_FRAME_NOT_ESTABLISHED,nan,nan,nan,nan,nan,nan,nan,nan,nan,nan,nan,nan,nan,NOT_EVALUATED,nan,nan,nan,nan,DISABLED,nan,nan,nan,nan,nan,nan
1791471081.3361568,1791471081.3664258,1791471081.3703957,1791471081.370415,front_rgbd_red_sphere,True,True,True,,90.152,90.152,1791471081.3664258,1791471081.3560383,1791471081.3361568,1791471081.3361568,1791471081.3361568,0.0,1791471080.3481767,1791471081.3481832,1791471081.34033,1791471081.3481832,1791471081.3443298,1791471081.352164,1791471080.3481767,1791471081.3481832,1791471080.3321614,1791471081.352164,1791470991.184157,GAZEBO_CLOCK_SYSTEM_INTERPOLATION,MAPPED_EXACT,0,90.152,1791471081.3361568,0.002541065216064453,0.0,RGB,0.0,0,1,0,UNCALIBRATED,PREPARATION,MID,STRAIGHT,1.0,364,1.0,6.6378068923950195,0.27438390254974365,nan,nan,False,0.0,0.0,0.0,0.0,0,0,0,0,0,0.0,0.0,0.0,0.0,0.0,0.0,0.0,0.0,0.0,0.0,0.0,0.0,0.0,0.0,6.389501897857725,0.28031978547880243,-1.7765604015333025,0.0,0.0,0.0,0.0,0.0,0.0,0.0,0.0,0.0,0.0,0.0,False,DISABLED,0,nan,nan,nan,nan,nan,nan,nan,nan,nan,nan,nan,nan,nan,nan,nan,nan,nan,nan,nan,nan,nan,nan,nan,nan,nan,nan,nan,nan,nan,nan,nan,nan,nan,nan,39.040108343596444,8.619236840635832,-0.18839503727625123,0.021426539106985464,0.021426539106985464,0.021426539106985464,39.09004571629917,8.686072258240966,-0.1487654702004967,-0.04993737270272902,-0.06683541760513378,-0.03962956707575452,0.08343089499042841,0.09236458642529408,0.03026890754699707,False,DISABLED,none,MODEL_ORIGIN_FRAME_NOT_ESTABLISHED,nan,nan,nan,nan,nan,nan,nan,nan,nan,nan,nan,nan,nan,NOT_EVALUATED,nan,nan,nan,nan,DISABLED,nan,nan,nan,nan,nan,nan
1791471081.3841586,1791471081.4097652,1791471081.4129112,1791471081.4129338,front_rgbd_red_sphere,True,True,True,,90.2,90.2,1791471081.4097652,1791471081.408436,1791471081.3841586,1791471081.3841586,1791471081.3841586,0.0,1791471080.3881743,1791471081.388175,1791471081.3803298,1791471081.388175,1791471081.38433,1791471081.3921783,1791471080.3881743,1791471081.388175,1791471080.3721607,1791471081.3921783,1791470991.1841586,GAZEBO_CLOCK_SYSTEM_INTERPOLATION,MAPPED_EXACT,0,90.2,1791471081.3841586,0.0018169879913330078,0.0,RGB,0.0,0,1,0,UNCALIBRATED,PREPARATION,MID,STRAIGHT,1.0,362,1.0,6.645817756652832,0.2727804481983185,nan,nan,False,0.0,0.0,0.0,0.0,0,0,0,0,0,0.0,0.0,0.0,0.0,0.0,0.0,0.0,0.0,0.0,0.0,0.0,0.0,0.0,0.0,6.4000923686735645,0.27767537413491894,-1.768787608482814,0.0,0.0,0.0,0.0,0.0,0.0,0.0,0.0,0.0,0.0,0.0,False,DISABLED,0,nan,nan,nan,nan,nan,nan,nan,nan,nan,nan,nan,nan,nan,nan,nan,nan,nan,nan,nan,nan,nan,nan,nan,nan,nan,nan,nan,nan,nan,nan,nan,nan,nan,nan,39.186803082774865,8.482370672776069,-0.18742876326174945,0.02144999819267199,0.02144999819267199,0.02144999819267199,39.230917425223176,8.555743195175731,-0.14694957775722017,-0.04411434244831014,-0.07337252239966219,-0.04047918550452928,0.08561309626999661,0.09470040502577484,0.025606632232666016,False,DISABLED,none,MODEL_ORIGIN_FRAME_NOT_ESTABLISHED,nan,nan,nan,nan,nan,nan,nan,nan,nan,nan,nan,nan,nan,NOT_EVALUATED,nan,nan,nan,nan,DISABLED,nan,nan,nan,nan,nan,nan
1791471081.4361582,1791471081.4620256,1791471081.4655597,1791471081.465584,front_rgbd_red_sphere,True,True,True,,90.252,90.252,1791471081.4532719,1791471081.4620256,1791471081.4361582,1791471081.4361582,1791471081.4361582,0.0,1791471080.452171,1791471081.4521742,1791471081.44433,1791471081.4521742,1791471081.44433,1791471081.4521742,1791471080.452171,1791471081.4521742,1791471080.452171,1791471081.4521742,1791470991.184158,GAZEBO_CLOCK_SYSTEM_INTERPOLATION,MAPPED_EXACT,0,90.252,1791471081.4361582,0.002155780792236328,0.0,RGB,0.0,0,1,0,UNCALIBRATED,PREPARATION,MID,STRAIGHT,1.0,356,1.0,6.643636226654053,0.2734828293323517,nan,nan,False,0.0,0.0,0.0,0.0,0,0,0,0,0,0.0,0.0,0.0,0.0,0.0,0.0,0.0,0.0,0.0,0.0,0.0,0.0,0.0,0.0,6.39673268047884,0.2734959002141437,-1.7733906387148863,0.0,0.0,0.0,0.0,0.0,0.0,0.0,0.0,0.0,0.0,0.0,False,DISABLED,0,nan,nan,nan,nan,nan,nan,nan,nan,nan,nan,nan,nan,nan,nan,nan,nan,nan,nan,nan,nan,nan,nan,nan,nan,nan,nan,nan,nan,nan,nan,nan,nan,nan,nan,39.33290411241395,8.345171187641121,-0.1855646695113799,0.021443608422717933,0.021443608422717933,0.021443608422717933,39.383592731041865,8.414099488479314,-0.14400956247541288,-0.05068861862791607,-0.06892830083819312,-0.041555107035967015,0.08555960913215285,0.09511715741977075,0.025867462158203125,False,DISABLED,none,MODEL_ORIGIN_FRAME_NOT_ESTABLISHED,nan,nan,nan,nan,nan,nan,nan,nan,nan,nan,nan,nan,nan,NOT_EVALUATED,nan,nan,nan,nan,DISABLED,nan,nan,nan,nan,nan,nan
1791471081.4841607,1791471081.5009456,1791471081.5041754,1791471081.5041988,front_rgbd_red_sphere,True,True,True,,90.3,90.3,1791471081.5009456,1791471081.4993987,1791471081.4841607,1791471081.4841607,1791471081.4841607,0.0,1791471080.4721594,1791471081.4921646,1791471081.48433,1791471081.4921646,1791471081.48433,1791471081.4921646,1791471080.4681654,1791471081.4921646,1791471080.4721594,1791471081.4921646,1791470991.1841607,GAZEBO_CLOCK_SYSTEM_INTERPOLATION,MAPPED_EXACT,0,90.3,1791471081.4841607,0.0009968280792236328,0.0,RGB,0.0,0,1,0,UNCALIBRATED,PREPARATION,MID,STRAIGHT,1.0,361,1.0,6.652969837188721,0.2725125551223755,nan,nan,False,0.0,0.0,0.0,0.0,0,0,0,0,0,0.0,0.0,0.0,0.0,0.0,0.0,0.0,0.0,0.0,0.0,0.0,0.0,0.0,0.0,6.407459618096127,0.27070839635464594,-1.7700801164210525,0.0,0.0,0.0,0.0,0.0,0.0,0.0,0.0,0.0,0.0,0.0,False,DISABLED,0,nan,nan,nan,nan,nan,nan,nan,nan,nan,nan,nan,nan,nan,nan,nan,nan,nan,nan,nan,nan,nan,nan,nan,nan,nan,nan,nan,nan,nan,nan,nan,nan,nan,nan,39.47906667498893,8.207878495596143,-0.18316248880379943,0.021470952011029266,0.021470952011029266,0.021470952011029266,39.5241282493708,8.283381301873026,-0.14047035818891912,-0.04506157438186875,-0.07550280627688366,-0.04269213061488031,0.08792735206667669,0.09774373257603432,0.0167849063873291,False,DISABLED,none,MODEL_ORIGIN_FRAME_NOT_ESTABLISHED,nan,nan,nan,nan,nan,nan,nan,nan,nan,nan,nan,nan,nan,NOT_EVALUATED,nan,nan,nan,nan,DISABLED,nan,nan,nan,nan,nan,nan
1791471081.5361786,1791471081.5632544,1791471081.5666375,1791471081.5666573,front_rgbd_red_sphere,True,True,True,,90.352,90.352,1791471081.5632544,1791471081.5519657,1791471081.5361786,1791471081.5361786,1791471081.5361786,0.0,1791471080.5521674,1791471081.5481782,1791471081.54033,1791471081.5481782,1791471081.54433,1791471081.5521748,1791471080.5481668,1791471081.5481782,1791471080.5521674,1791471081.5521748,1791470991.1841786,GAZEBO_CLOCK_SYSTEM_INTERPOLATION,MAPPED_EXACT,0,90.352,1791471081.5361786,0.003314495086669922,0.0,RGB,0.0,0,1,0,UNCALIBRATED,PREPARATION,MID,STRAIGHT,1.0,365,1.0,6.652050495147705,0.272938072681427,nan,nan,False,0.0,0.0,0.0,0.0,0,0,0,0,0,0.0,0.0,0.0,0.0,0.0,0.0,0.0,0.0,0.0,0.0,0.0,0.0,0.0,0.0,6.405812043029002,0.2664024597910064,-1.773239667089241,0.0,0.0,0.0,0.0,0.0,0.0,0.0,0.0,0.0,0.0,0.0,False,DISABLED,0,nan,nan,nan,nan,nan,nan,nan,nan,nan,nan,nan,nan,nan,nan,nan,nan,nan,nan,nan,nan,nan,nan,nan,nan,nan,nan,nan,nan,nan,nan,nan,nan,nan,nan,39.625184786259986,8.07015735815581,-0.17998531781730515,0.021468258663777245,0.021468258663777245,0.021468258663777245,39.67628127846223,8.141479648737702,-0.13570942272522563,-0.051096492202240995,-0.07132229058189132,-0.04427589509207952,0.08773665510618363,0.09827550831934806,0.027075767517089844,False,DISABLED,none,MODEL_ORIGIN_FRAME_NOT_ESTABLISHED,nan,nan,nan,nan,nan,nan,nan,nan,nan,nan,nan,nan,nan,NOT_EVALUATED,nan,nan,nan,nan,DISABLED,nan,nan,nan,nan,nan,nan
1791471081.5841603,1791471081.6012053,1791471081.604455,1791471081.6044831,front_rgbd_red_sphere,True,True,True,,90.4,90.4,1791471081.6012053,1791471081.599819,1791471081.5841603,1791471081.5841603,1791471081.5841603,0.0,1791471080.5721574,1791471081.5881693,1791471081.58033,1791471081.5881693,1791471081.5843298,1791471081.5921655,1791471080.5721574,1791471081.5881693,1791471080.5721574,1791471081.5921655,1791470991.1841602,GAZEBO_CLOCK_SYSTEM_INTERPOLATION,MAPPED_EXACT,0,90.4,1791471081.5841603,0.0012428760528564453,0.0,RGB,0.0,0,1,0,UNCALIBRATED,PREPARATION,MID,STRAIGHT,1.0,362,1.0,6.662360668182373,0.27178558707237244,nan,nan,False,0.0,0.0,0.0,0.0,0,0,0,0,0,0.0,0.0,0.0,0.0,0.0,0.0,0.0,0.0,0.0,0.0,0.0,0.0,0.0,0.0,6.417805972642087,0.2635448530368727,-1.7689998446193975,0.0,0.0,0.0,0.0,0.0,0.0,0.0,0.0,0.0,0.0,0.0,False,DISABLED,0,nan,nan,nan,nan,nan,nan,nan,nan,nan,nan,nan,nan,nan,nan,nan,nan,nan,nan,nan,nan,nan,nan,nan,nan,nan,nan,nan,nan,nan,nan,nan,nan,nan,nan,39.77085758406379,7.932939172164213,-0.17603407668317222,0.021498482073659068,0.021498482073659068,0.021498482073659068,39.81654666694586,8.010341243326495,-0.13053258128900935,-0.04568908288207041,-0.07740207116228248,-0.04550149539416287,0.08988088180929102,0.10074204185900128,0.017045021057128906,False,DISABLED,none,MODEL_ORIGIN_FRAME_NOT_ESTABLISHED,nan,nan,nan,nan,nan,nan,nan,nan,nan,nan,nan,nan,nan,NOT_EVALUATED,nan,nan,nan,nan,DISABLED,nan,nan,nan,nan,nan,nan
1791471081.6361585,1791471081.6638875,1791471081.667442,1791471081.6674614,front_rgbd_red_sphere,True,True,True,,90.452,90.452,1791471081.6638875,1791471081.662801,1791471081.6361585,1791471081.6361585,1791471081.6361585,0.0,1791471080.632161,1791471081.6521735,1791471081.64433,1791471081.6521735,1791471081.64433,1791471081.6521735,1791471080.6281571,1791471081.6521735,1791471080.632161,1791471081.6521735,1791470991.1841586,GAZEBO_CLOCK_SYSTEM_INTERPOLATION,MAPPED_EXACT,0,90.452,1791471081.6361585,0.004010915756225586,0.0,RGB,0.0,0,1,0,UNCALIBRATED,PREPARATION,MID,STRAIGHT,1.0,359,1.0,6.662705421447754,0.2728461027145386,nan,nan,False,0.0,0.0,0.0,0.0,0,0,0,0,0,0.0,0.0,0.0,0.0,0.0,0.0,0.0,0.0,0.0,0.0,0.0,0.0,0.0,0.0,6.416237548410137,0.2592419557879069,-1.7766068103577037,0.0,0.0,0.0,0.0,0.0,0.0,0.0,0.0,0.0,0.0,0.0,False,DISABLED,0,nan,nan,nan,nan,nan,nan,nan,nan,nan,nan,nan,nan,nan,nan,nan,nan,nan,nan,nan,nan,nan,nan,nan,nan,nan,nan,nan,nan,nan,nan,nan,nan,nan,nan,39.91646396990965,7.795653219569789,-0.170929162036411,0.02149949278441206,0.02149949278441206,0.02149949278441206,39.968151261161196,7.8682404051598365,-0.12407369119273554,-0.051687291251546696,-0.07258718559004773,-0.04685547084367547,0.08910934624833833,0.10067726027653301,0.027729034423828125,False,DISABLED,none,MODEL_ORIGIN_FRAME_NOT_ESTABLISHED,nan,nan,nan,nan,nan,nan,nan,nan,nan,nan,nan,nan,nan,NOT_EVALUATED,nan,nan,nan,nan,DISABLED,nan,nan,nan,nan,nan,nan
1791471081.6841958,1791471081.7015345,1791471081.7049496,1791471081.7049694,front_rgbd_red_sphere,True,True,True,,90.5,90.5,1791471081.7015345,1791471081.7005298,1791471081.6841958,1791471081.6841958,1791471081.6841958,0.0,1791471080.6721613,1791471081.6921763,1791471081.68433,1791471081.6921763,1791471081.68433,1791471081.6921763,1791471080.668171,1791471081.6921763,1791471080.6721613,1791471081.6921763,1791470991.1841958,GAZEBO_CLOCK_SYSTEM_INTERPOLATION,MAPPED_EXACT,0,90.5,1791471081.6841958,0.001567840576171875,0.0,RGB,0.0,0,1,0,UNCALIBRATED,PREPARATION,MID,STRAIGHT,1.0,360,1.0,6.674522399902344,0.2723795473575592,nan,nan,False,0.0,0.0,0.0,0.0,0,0,0,0,0,0.0,0.0,0.0,0.0,0.0,0.0,0.0,0.0,0.0,0.0,0.0,0.0,0.0,0.0,6.428455755055409,0.2565307804292267,-1.7771875086976472,0.0,0.0,0.0,0.0,0.0,0.0,0.0,0.0,0.0,0.0,0.0,False,DISABLED,0,nan,nan,nan,nan,nan,nan,nan,nan,nan,nan,nan,nan,nan,nan,nan,nan,nan,nan,nan,nan,nan,nan,nan,nan,nan,nan,nan,nan,nan,nan,nan,nan,nan,nan,40.06225660074144,7.65805605805858,-0.1653359516168979,0.021534160241123874,0.021534160241123874,0.021534160241123874,40.10798603874438,7.736862504453503,-0.11739546528047663,-0.04572943800293672,-0.07880644639492296,-0.04794048633642127,0.09111332226112874,0.1029559504042039,0.01733875274658203,False,DISABLED,none,MODEL_ORIGIN_FRAME_NOT_ESTABLISHED,nan,nan,nan,nan,nan,nan,nan,nan,nan,nan,nan,nan,nan,NOT_EVALUATED,nan,nan,nan,nan,DISABLED,nan,nan,nan,nan,nan,nan
1791471081.7361588,1791471081.7560134,1791471081.7618895,1791471081.7619102,front_rgbd_red_sphere,True,True,True,,90.552,90.552,1791471081.7560134,1791471081.7544258,1791471081.7361588,1791471081.7361588,1791471081.7361588,0.0,1791471080.7521749,1791471081.7481806,1791471081.74033,1791471081.7481806,1791471081.74433,1791471081.7521782,1791471080.7321596,1791471081.7481806,1791471080.7521749,1791471081.7521782,1791470991.1841588,GAZEBO_CLOCK_SYSTEM_INTERPOLATION,MAPPED_EXACT,0,90.552,1791471081.7361588,0.0023500919342041016,0.0,RGB,0.0,0,1,0,UNCALIBRATED,PREPARATION,MID,STRAIGHT,1.0,357,1.0,6.675637722015381,0.2735709249973297,nan,nan,False,0.0,0.0,0.0,0.0,0,0,0,0,0,0.0,0.0,0.0,0.0,0.0,0.0,0.0,0.0,0.0,0.0,0.0,0.0,0.0,0.0,6.427385898059593,0.25264650807108957,-1.785782286592914,0.0,0.0,0.0,0.0,0.0,0.0,0.0,0.0,0.0,0.0,0.0,False,DISABLED,0,nan,nan,nan,nan,nan,nan,nan,nan,nan,nan,nan,nan,nan,nan,nan,nan,nan,nan,nan,nan,nan,nan,nan,nan,nan,nan,nan,nan,nan,nan,nan,nan,nan,nan,40.20748255855643,7.52056243688455,-0.15912098882914355,0.021537434061354596,0.021537434061354596,0.021537434061354596,40.25963886932913,7.594033695460606,-0.10937022480318137,-0.052156310772701886,-0.07347125857605619,-0.04975076402596218,0.09010164587935322,0.1029244631335784,0.01985454559326172,False,DISABLED,none,MODEL_ORIGIN_FRAME_NOT_ESTABLISHED,nan,nan,nan,nan,nan,nan,nan,nan,nan,nan,nan,nan,nan,NOT_EVALUATED,nan,nan,nan,nan,DISABLED,nan,nan,nan,nan,nan,nan
1791471081.7841587,1791471081.8036082,1791471081.8078632,1791471081.8078861,front_rgbd_red_sphere,True,True,True,,90.6,90.6,1791471081.8036082,1791471081.8028183,1791471081.7841587,1791471081.7841587,1791471081.7841587,0.0,1791471080.772166,1791471081.7881699,1791471081.78036,1791471081.7881699,1791471081.78436,1791471081.7921658,1791471080.772166,1791471081.7881699,1791471080.772166,1791471081.7921658,1791470991.1841588,GAZEBO_CLOCK_SYSTEM_INTERPOLATION,MAPPED_EXACT,0,90.6,1791471081.7841587,0.0037326812744140625,0.0,RGB,0.0,0,1,0,UNCALIBRATED,PREPARATION,MID,STRAIGHT,1.0,352,1.0,6.688204288482666,0.2728940546512604,nan,nan,False,0.0,0.0,0.0,0.0,0,0,0,0,0,0.0,0.0,0.0,0.0,0.0,0.0,0.0,0.0,0.0,0.0,0.0,0.0,0.0,0.0,6.440706990260618,0.2503269004816051,-1.785135675834871,0.0,0.0,0.0,0.0,0.0,0.0,0.0,0.0,0.0,0.0,0.0,False,DISABLED,0,nan,nan,nan,nan,nan,nan,nan,nan,nan,nan,nan,nan,nan,nan,nan,nan,nan,nan,nan,nan,nan,nan,nan,nan,nan,nan,nan,nan,nan,nan,nan,nan,nan,nan,40.35301009148062,7.382641362219347,-0.15213174472212282,0.0215743351519063,0.0215743351519063,0.0215743351519063,40.39926763994503,7.462232799985723,-0.1013419694382299,-0.04625754846441055,-0.07959143776637578,-0.05078977528389292,0.09205736122470685,0.10513876083083964,0.019449472427368164,False,DISABLED,none,MODEL_ORIGIN_FRAME_NOT_ESTABLISHED,nan,nan,nan,nan,nan,nan,nan,nan,nan,nan,nan,nan,nan,NOT_EVALUATED,nan,nan,nan,nan,DISABLED,nan,nan,nan,nan,nan,nan
1791471081.8361611,1791471081.8613758,1791471081.8676488,1791471081.8676858,front_rgbd_red_sphere,True,True,True,,90.652,90.652,1791471081.8613758,1791471081.8592608,1791471081.8361611,1791471081.8361611,1791471081.8361611,0.0,1791471080.8521738,1791471081.8521743,1791471081.8443599,1791471081.8521743,1791471081.8443599,1791471081.8521743,1791471080.8521738,1791471081.8521743,1791471080.8521738,1791471081.8521743,1791470991.1841612,GAZEBO_CLOCK_SYSTEM_INTERPOLATION,MAPPED_EXACT,0,90.652,1791471081.8361611,0.0019249916076660156,0.0,RGB,0.0,0,1,0,UNCALIBRATED,PREPARATION,MID,STRAIGHT,1.0,357,1.0,6.690694808959961,0.274014949798584,nan,nan,False,0.0,0.0,0.0,0.0,0,0,0,0,0,0.0,0.0,0.0,0.0,0.0,0.0,0.0,0.0,0.0,0.0,0.0,0.0,0.0,0.0,6.44107966705138,0.24694999990419042,-1.7935727408212507,0.0,0.0,0.0,0.0,0.0,0.0,0.0,0.0,0.0,0.0,0.0,False,DISABLED,0,nan,nan,nan,nan,nan,nan,nan,nan,nan,nan,nan,nan,nan,nan,nan,nan,nan,nan,nan,nan,nan,nan,nan,nan,nan,nan,nan,nan,nan,nan,nan,nan,nan,nan,40.49867040498294,7.244508111648404,-0.14379919547369185,0.021581650898519007,0.021581650898519007,0.021581650898519007,40.55031424434381,7.319323277402431,-0.09198284287603388,-0.05164383936087091,-0.07481516575402658,-0.051816352597657975,0.09090871889282079,0.10463904418169503,0.025214672088623047,False,DISABLED,none,MODEL_ORIGIN_FRAME_NOT_ESTABLISHED,nan,nan,nan,nan,nan,nan,nan,nan,nan,nan,nan,nan,nan,NOT_EVALUATED,nan,nan,nan,nan,DISABLED,nan,nan,nan,nan,nan,nan
1791471081.8841608,1791471081.9021573,1791471081.9062517,1791471081.9062707,front_rgbd_red_sphere,True,True,True,,90.7,90.7,1791471081.9021573,1791471081.900708,1791471081.8841608,1791471081.8841608,1791471081.8841608,0.0,1791471080.8921697,1791471081.8921716,1791471081.8843598,1791471081.8921716,1791471081.8843598,1791471081.8921716,1791471080.8921697,1791471081.8921716,1791471080.8921697,1791471081.8921716,1791470991.1841607,GAZEBO_CLOCK_SYSTEM_INTERPOLATION,MAPPED_EXACT,0,90.7,1791471081.8841608,0.0023241043090820312,0.0,RGB,0.0,0,1,0,UNCALIBRATED,PREPARATION,MID,STRAIGHT,1.0,355,1.0,6.704091548919678,0.2738496959209442,nan,nan,False,0.0,0.0,0.0,0.0,0,0,0,0,0,0.0,0.0,0.0,0.0,0.0,0.0,0.0,0.0,0.0,0.0,0.0,0.0,0.0,0.0,6.4542762677700765,0.2452125888893928,-1.7963934831690072,0.0,0.0,0.0,0.0,0.0,0.0,0.0,0.0,0.0,0.0,0.0,False,DISABLED,0,nan,nan,nan,nan,nan,nan,nan,nan,nan,nan,nan,nan,nan,nan,nan,nan,nan,nan,nan,nan,nan,nan,nan,nan,nan,nan,nan,nan,nan,nan,nan,nan,nan,nan,40.64390009947277,7.106544287843056,-0.13506164960769323,0.021621030258635435,0.021621030258635435,0.021621030258635435,40.689648254057026,7.187211805275421,-0.08280898244767858,-0.04574815458425263,-0.08066751743236544,-0.05225266716001466,0.09273695065380173,0.10644474266914702,0.017996549606323242,False,DISABLED,none,MODEL_ORIGIN_FRAME_NOT_ESTABLISHED,nan,nan,nan,nan,nan,nan,nan,nan,nan,nan,nan,nan,nan,NOT_EVALUATED,nan,nan,nan,nan,DISABLED,nan,nan,nan,nan,nan,nan
1791471081.9361603,1791471081.9529414,1791471081.960844,1791471081.9608614,front_rgbd_red_sphere,True,True,True,,90.752,90.752,1791471081.9529414,1791471081.9519308,1791471081.9361603,1791471081.9361603,1791471081.9361603,0.0,1791471080.952163,1791471081.9481676,1791471081.9403598,1791471081.9481676,1791471081.94436,1791471081.9521642,1791471080.9321566,1791471081.9481676,1791471080.952163,1791471081.9521642,1791470991.1841602,GAZEBO_CLOCK_SYSTEM_INTERPOLATION,MAPPED_EXACT,0,90.752,1791471081.9361603,0.0010941028594970703,0.0,RGB,0.0,0,1,0,UNCALIBRATED,PREPARATION,MID,STRAIGHT,1.0,358,1.0,6.70703649520874,0.2752807140350342,nan,nan,False,0.0,0.0,0.0,0.0,0,0,0,0,0,0.0,0.0,0.0,0.0,0.0,0.0,0.0,0.0,0.0,0.0,0.0,0.0,0.0,0.0,6.454509423489633,0.24230407670789234,-1.8069132137445116,0.0,0.0,0.0,0.0,0.0,0.0,0.0,0.0,0.0,0.0,0.0,False,DISABLED,0,nan,nan,nan,nan,nan,nan,nan,nan,nan,nan,nan,nan,nan,nan,nan,nan,nan,nan,nan,nan,nan,nan,nan,nan,nan,nan,nan,nan,nan,nan,nan,nan,nan,nan,40.78915100713296,6.968321271438999,-0.12576522678636243,0.021629692242195107,0.021629692242195107,0.021629692242195107,40.840467089265864,7.043894011198186,-0.07232472328398484,-0.051316082132906615,-0.07557273975918744,-0.053440503502377584,0.09134866873786988,0.10583225734514369,0.016781091690063477,False,DISABLED,none,MODEL_ORIGIN_FRAME_NOT_ESTABLISHED,nan,nan,nan,nan,nan,nan,nan,nan,nan,nan,nan,nan,nan,NOT_EVALUATED,nan,nan,nan,nan,DISABLED,nan,nan,nan,nan,nan,nan
1791471081.9841578,1791471082.006205,1791471082.0097816,1791471082.009802,front_rgbd_red_sphere,True,True,True,,90.8,90.8,1791471082.006205,1791471082.0050766,1791471081.9841578,1791471081.9841578,1791471081.9841578,0.0,1791471080.9921665,1791471081.9881709,1791471081.98036,1791471081.9881709,1791471081.98436,1791471081.9921713,1791471080.9881678,1791471081.9881709,1791471080.9921665,1791471081.9921713,1791470991.1841578,GAZEBO_CLOCK_SYSTEM_INTERPOLATION,MAPPED_EXACT,0,90.8,1791471081.9841578,0.002239704132080078,0.0,RGB,0.0,0,1,0,UNCALIBRATED,PREPARATION,MID,STRAIGHT,1.0,358,1.0,6.721187591552734,0.27463391423225403,nan,nan,False,0.0,0.0,0.0,0.0,0,0,0,0,0,0.0,0.0,0.0,0.0,0.0,0.0,0.0,0.0,0.0,0.0,0.0,0.0,0.0,0.0,6.469308120521262,0.24086083819759452,-1.806765793765985,0.0,0.0,0.0,0.0,0.0,0.0,0.0,0.0,0.0,0.0,0.0,False,DISABLED,0,nan,nan,nan,nan,nan,nan,nan,nan,nan,nan,nan,nan,nan,nan,nan,nan,nan,nan,nan,nan,nan,nan,nan,nan,nan,nan,nan,nan,nan,nan,nan,nan,nan,nan,40.9343695363115,6.829857391063026,-0.11611351351329618,0.021671336737860033,0.021671336737860033,0.021671336737860033,40.9794541977908,6.911549298446398,-0.06223591027475644,-0.04508466147930079,-0.08169190738337218,-0.05387760323853975,0.09330699026673514,0.10774502570126435,0.02204728126525879,False,DISABLED,none,MODEL_ORIGIN_FRAME_NOT_ESTABLISHED,nan,nan,nan,nan,nan,nan,nan,nan,nan,nan,nan,nan,nan,NOT_EVALUATED,nan,nan,nan,nan,DISABLED,nan,nan,nan,nan,nan,nan
1791471082.0361593,1791471082.0594225,1791471082.0630584,1791471082.0630774,front_rgbd_red_sphere,True,True,True,,90.852,90.852,1791471082.0594225,1791471082.0566533,1791471082.0361593,1791471082.0361593,1791471082.0361593,0.0,1791471081.052176,1791471082.052185,1791471082.04436,1791471082.052185,1791471082.04436,1791471082.052185,1791471081.052176,1791471082.052185,1791471081.052176,1791471082.052185,1791470991.1841593,GAZEBO_CLOCK_SYSTEM_INTERPOLATION,MAPPED_EXACT,0,90.852,1791471082.0361593,0.0034737586975097656,0.0,RGB,0.0,0,1,0,UNCALIBRATED,PREPARATION,MID,STRAIGHT,1.0,352,1.0,6.724762916564941,0.27585268020629883,nan,nan,False,0.0,0.0,0.0,0.0,0,0,0,0,0,0.0,0.0,0.0,0.0,0.0,0.0,0.0,0.0,0.0,0.0,0.0,0.0,0.0,0.0,6.470521852382511,0.23842184653990373,-1.816022726293312,0.0,0.0,0.0,0.0,0.0,0.0,0.0,0.0,0.0,0.0,0.0,False,DISABLED,0,nan,nan,nan,nan,nan,nan,nan,nan,nan,nan,nan,nan,nan,nan,nan,nan,nan,nan,nan,nan,nan,nan,nan,nan,nan,nan,nan,nan,nan,nan,nan,nan,nan,nan,41.07896722041379,6.691882694010724,-0.10531726823654258,0.0216818643556612,0.0216818643556612,0.0216818643556612,41.130011294885556,6.767884887572143,-0.050887809856244935,-0.0510440744717684,-0.07600219356141924,-0.05442945838029765,0.09155234002922522,0.10651007888645764,0.023263216018676758,False,DISABLED,none,MODEL_ORIGIN_FRAME_NOT_ESTABLISHED,nan,nan,nan,nan,nan,nan,nan,nan,nan,nan,nan,nan,nan,NOT_EVALUATED,nan,nan,nan,nan,DISABLED,nan,nan,nan,nan,nan,nan
1791471082.0841587,1791471082.1042614,1791471082.1107593,1791471082.110798,front_rgbd_red_sphere,True,True,True,,90.9,90.9,1791471082.1042614,1791471082.1018317,1791471082.0841587,1791471082.0841587,1791471082.0841587,0.0,1791471081.0721653,1791471082.0921624,1791471082.08436,1791471082.0921624,1791471082.08436,1791471082.0921624,1791471081.0681834,1791471082.0921624,1791471081.0721653,1791471082.0921624,1791470991.1841586,GAZEBO_CLOCK_SYSTEM_INTERPOLATION,MAPPED_EXACT,0,90.9,1791471082.0841587,0.0006358623504638672,0.0,RGB,0.0,0,1,0,UNCALIBRATED,PREPARATION,MID,STRAIGHT,1.0,353,1.0,6.739473342895508,0.2757561206817627,nan,nan,False,0.0,0.0,0.0,0.0,0,0,0,0,0,0.0,0.0,0.0,0.0,0.0,0.0,0.0,0.0,0.0,0.0,0.0,0.0,0.0,0.0,6.484853101108545,0.2374424123090204,-1.8195601574527362,0.0,0.0,0.0,0.0,0.0,0.0,0.0,0.0,0.0,0.0,0.0,False,DISABLED,0,nan,nan,nan,nan,nan,nan,nan,nan,nan,nan,nan,nan,nan,nan,nan,nan,nan,nan,nan,nan,nan,nan,nan,nan,nan,nan,nan,nan,nan,nan,nan,nan,nan,nan,41.22360042106115,6.553836265092942,-0.09452134612985746,0.021725206757855803,0.021725206757855803,0.021725206757855803,41.26879177864522,6.635199884345991,-0.040122739350838675,-0.045191357584073444,-0.08136361925304936,-0.05439860677901879,0.09307146360859904,0.10780308788594642,0.020102739334106445,False,DISABLED,none,MODEL_ORIGIN_FRAME_NOT_ESTABLISHED,nan,nan,nan,nan,nan,nan,nan,nan,nan,nan,nan,nan,nan,NOT_EVALUATED,nan,nan,nan,nan,DISABLED,nan,nan,nan,nan,nan,nan
1791471082.1361623,1791471082.1530123,1791471082.1621518,1791471082.1621752,front_rgbd_red_sphere,True,True,True,,90.952,90.952,1791471082.1530123,1791471082.1518505,1791471082.1361623,1791471082.1361623,1791471082.1361623,0.0,1791471081.152172,1791471082.148176,1791471082.1403599,1791471082.148176,1791471082.1443598,1791471082.1521883,1791471081.1321607,1791471082.148176,1791471081.152172,1791471082.1521883,1791470991.1841624,GAZEBO_CLOCK_SYSTEM_INTERPOLATION,MAPPED_EXACT,0,90.952,1791471082.1361623,0.0013537406921386719,0.0,RGB,0.0,0,1,0,UNCALIBRATED,PREPARATION,MID,STRAIGHT,1.0,354,1.0,6.743465423583984,0.2771872580051422,nan,nan,False,0.0,0.0,0.0,0.0,0,0,0,0,0,0.0,0.0,0.0,0.0,0.0,0.0,0.0,0.0,0.0,0.0,0.0,0.0,0.0,0.0,6.4860605004260306,0.2352957408901677,-1.8302961127080017,0.0,0.0,0.0,0.0,0.0,0.0,0.0,0.0,0.0,0.0,0.0,False,DISABLED,0,nan,nan,nan,nan,nan,nan,nan,nan,nan,nan,nan,nan,nan,nan,nan,nan,nan,nan,nan,nan,nan,nan,nan,nan,nan,nan,nan,nan,nan,nan,nan,nan,nan,nan,41.368307305753405,6.415443263104299,-0.08366052209992153,0.021736977890995293,0.021736977890995293,0.021736977890995293,41.41897530263663,6.491324747704346,-0.02819994574118762,-0.05066799688322732,-0.07588148460004707,-0.055460576358733915,0.09124278389695216,0.10677603262581387,0.016849994659423828,False,DISABLED,none,MODEL_ORIGIN_FRAME_NOT_ESTABLISHED,nan,nan,nan,nan,nan,nan,nan,nan,nan,nan,nan,nan,nan,NOT_EVALUATED,nan,nan,nan,nan,DISABLED,nan,nan,nan,nan,nan,nan
1791471082.1841612,1791471082.2067463,1791471082.2120686,1791471082.212094,front_rgbd_red_sphere,True,True,True,,91.0,91.0,1791471082.2067463,1791471082.2055054,1791471082.1841612,1791471082.1841612,1791471082.1841612,0.0,1791471081.1921656,1791471082.1881738,1791471082.1803598,1791471082.1881738,1791471082.18436,1791471082.1921859,1791471081.1881695,1791471082.1881738,1791471081.1921656,1791471082.1921859,1791470991.1841612,GAZEBO_CLOCK_SYSTEM_INTERPOLATION,MAPPED_EXACT,0,91.0,1791471082.1841612,0.0029511451721191406,0.0,RGB,0.0,0,1,0,UNCALIBRATED,PREPARATION,MID,STRAIGHT,1.0,351,1.0,6.758456230163574,0.2766930162906647,nan,nan,False,0.0,0.0,0.0,0.0,0,0,0,0,0,0.0,0.0,0.0,0.0,0.0,0.0,0.0,0.0,0.0,0.0,0.0,0.0,0.0,0.0,6.501392110070035,0.2344514794331669,-1.831300996454905,0.0,0.0,0.0,0.0,0.0,0.0,0.0,0.0,0.0,0.0,0.0,False,DISABLED,0,nan,nan,nan,nan,nan,nan,nan,nan,nan,nan,nan,nan,nan,nan,nan,nan,nan,nan,nan,nan,nan,nan,nan,nan,nan,nan,nan,nan,nan,nan,nan,nan,nan,nan,41.51274917266987,6.2769271338980985,-0.07266856975078001,0.021781202940161372,0.021781202940161372,0.021781202940161372,41.55748439773791,6.358387960574095,-0.017029871163015305,-0.044735225068038176,-0.08146082667599686,-0.055638698587764705,0.09293603523189932,0.10831791830147476,0.022585153579711914,False,DISABLED,none,MODEL_ORIGIN_FRAME_NOT_ESTABLISHED,nan,nan,nan,nan,nan,nan,nan,nan,nan,nan,nan,nan,nan,NOT_EVALUATED,nan,nan,nan,nan,DISABLED,nan,nan,nan,nan,nan,nan
1791471082.2361698,1791471082.2662725,1791471082.2753677,1791471082.2753983,front_rgbd_red_sphere,True,True,True,,91.052,91.052,1791471082.2594118,1791471082.2662725,1791471082.2361698,1791471082.2361698,1791471082.2361698,0.0,1791471081.252165,1791471082.2521753,1791471082.24436,1791471082.2521753,1791471082.24436,1791471082.2521753,1791471081.252165,1791471082.2521753,1791471081.252165,1791471082.2521753,1791470991.1841698,GAZEBO_CLOCK_SYSTEM_INTERPOLATION,MAPPED_EXACT,0,91.052,1791471082.2361698,0.0025243759155273438,0.0,RGB,0.0,0,1,0,UNCALIBRATED,PREPARATION,MID,STRAIGHT,1.0,353,1.0,6.76270866394043,0.27793246507644653,nan,nan,False,0.0,0.0,0.0,0.0,0,0,0,0,0,0.0,0.0,0.0,0.0,0.0,0.0,0.0,0.0,0.0,0.0,0.0,0.0,0.0,0.0,6.503187955242326,0.23241092765226945,-1.8408579074556766,0.0,0.0,0.0,0.0,0.0,0.0,0.0,0.0,0.0,0.0,0.0,False,DISABLED,0,nan,nan,nan,nan,nan,nan,nan,nan,nan,nan,nan,nan,nan,nan,nan,nan,nan,nan,nan,nan,nan,nan,nan,nan,nan,nan,nan,nan,nan,nan,nan,nan,nan,nan,41.657068590693626,6.138717586360862,-0.06136323208561295,0.02179375622559087,0.02179375622559087,0.02179375622559087,41.70739356460521,6.214235601018389,-0.004819419132463584,-0.05032497391158586,-0.07551801465752739,-0.056543812953149364,0.09075006080998689,0.1069241615365632,0.03010272979736328,False,DISABLED,none,MODEL_ORIGIN_FRAME_NOT_ESTABLISHED,nan,nan,nan,nan,nan,nan,nan,nan,nan,nan,nan,nan,nan,NOT_EVALUATED,nan,nan,nan,nan,DISABLED,nan,nan,nan,nan,nan,nan
1791471082.284163,1791471082.3135338,1791471082.3207045,1791471082.3207405,front_rgbd_red_sphere,True,True,True,,91.1,91.1,1791471082.3135338,1791471082.30228,1791471082.284163,1791471082.284163,1791471082.284163,0.0,1791471081.2921703,1791471082.2922316,1791471082.28436,1791471082.2922316,1791471082.28436,1791471082.2922316,1791471081.2921703,1791471082.2922316,1791471081.2921703,1791471082.2922316,1791470991.184163,GAZEBO_CLOCK_SYSTEM_INTERPOLATION,MAPPED_EXACT,0,91.1,1791471082.284163,0.0017957687377929688,0.0,RGB,0.0,0,1,0,UNCALIBRATED,PREPARATION,MID,STRAIGHT,1.0,346,1.0,6.777971267700195,0.27768880128860474,nan,nan,False,0.0,0.0,0.0,0.0,0,0,0,0,0,0.0,0.0,0.0,0.0,0.0,0.0,0.0,0.0,0.0,0.0,0.0,0.0,0.0,0.0,6.518318141135297,0.23148357517776574,-1.843594643559877,0.0,0.0,0.0,0.0,0.0,0.0,0.0,0.0,0.0,0.0,0.0,False,DISABLED,0,nan,nan,nan,nan,nan,nan,nan,nan,nan,nan,nan,nan,nan,nan,nan,nan,nan,nan,nan,nan,nan,nan,nan,nan,nan,nan,nan,nan,nan,nan,nan,nan,nan,nan,41.80103702735107,6.000564165932472,-0.050336396999083044,0.021838844075997815,0.021838844075997815,0.021838844075997815,41.845355130539716,6.081339412869914,0.006457119297596274,-0.04431810318864393,-0.08077524693744209,-0.056793516296679315,0.0921343301275048,0.10823233473128638,0.029370784759521484,False,DISABLED,none,MODEL_ORIGIN_FRAME_NOT_ESTABLISHED,nan,nan,nan,nan,nan,nan,nan,nan,nan,nan,nan,nan,nan,NOT_EVALUATED,nan,nan,nan,nan,DISABLED,nan,nan,nan,nan,nan,nan
1791471082.3361573,1791471082.353471,1791471082.3618948,1791471082.3619163,front_rgbd_red_sphere,True,True,True,,91.152,91.152,1791471082.353471,1791471082.3524086,1791471082.3361573,1791471082.3361573,1791471082.3361573,0.0,1791471081.352164,1791471082.3481805,1791471082.34036,1791471082.3481805,1791471082.3443599,1791471082.3521729,1791471081.332159,1791471082.3481805,1791471081.352164,1791471082.3521729,1791470991.1841574,GAZEBO_CLOCK_SYSTEM_INTERPOLATION,MAPPED_EXACT,0,91.152,1791471082.3361573,0.0021402835845947266,0.0,RGB,0.0,0,1,0,UNCALIBRATED,PREPARATION,MID,STRAIGHT,1.0,346,1.0,6.782515525817871,0.2788812220096588,nan,nan,False,0.0,0.0,0.0,0.0,0,0,0,0,0,0.0,0.0,0.0,0.0,0.0,0.0,0.0,0.0,0.0,0.0,0.0,0.0,0.0,0.0,6.520466605571415,0.22931860224447043,-1.8529565834286643,0.0,0.0,0.0,0.0,0.0,0.0,0.0,0.0,0.0,0.0,0.0,False,DISABLED,0,nan,nan,nan,nan,nan,nan,nan,nan,nan,nan,nan,nan,nan,nan,nan,nan,nan,nan,nan,nan,nan,nan,nan,nan,nan,nan,nan,nan,nan,nan,nan,nan,nan,nan,41.9453245764892,5.862024138700686,-0.039678402331751295,0.021852277184839206,0.021852277184839206,0.021852277184839206,41.99534178499512,5.936598400813657,0.018682309960276953,-0.05001720850592051,-0.07457426211297058,-0.058360712292028244,0.08979444145613227,0.10709348465547128,0.017313718795776367,False,DISABLED,none,MODEL_ORIGIN_FRAME_NOT_ESTABLISHED,nan,nan,nan,nan,nan,nan,nan,nan,nan,nan,nan,nan,nan,NOT_EVALUATED,nan,nan,nan,nan,DISABLED,nan,nan,nan,nan,nan,nan
1791471082.3841634,1791471082.400805,1791471082.4046555,1791471082.4046795,front_rgbd_red_sphere,True,True,True,,91.2,91.2,1791471082.400805,1791471082.399069,1791471082.3841634,1791471082.3841634,1791471082.3841634,0.0,1791471081.3921783,1791471082.3881736,1791471082.38036,1791471082.3881736,1791471082.3843598,1791471082.3921793,1791471081.3721652,1791471082.3881736,1791471081.3921783,1791471082.3921793,1791470991.1841633,GAZEBO_CLOCK_SYSTEM_INTERPOLATION,MAPPED_EXACT,0,91.2,1791471082.3841634,0.0008347034454345703,0.0,RGB,0.0,0,1,0,UNCALIBRATED,PREPARATION,MID,STRAIGHT,1.0,345,1.0,6.797144412994385,0.2778647840023041,nan,nan,False,0.0,0.0,0.0,0.0,0,0,0,0,0,0.0,0.0,0.0,0.0,0.0,0.0,0.0,0.0,0.0,0.0,0.0,0.0,0.0,0.0,6.536428321317934,0.22817746260285965,-1.8504617820732587,0.0,0.0,0.0,0.0,0.0,0.0,0.0,0.0,0.0,0.0,0.0,False,DISABLED,0,nan,nan,nan,nan,nan,nan,nan,nan,nan,nan,nan,nan,nan,nan,nan,nan,nan,nan,nan,nan,nan,nan,nan,nan,nan,nan,nan,nan,nan,nan,nan,nan,nan,nan,42.088926191734764,5.7239071900853045,-0.02926833456509209,0.021895547579091026,0.021895547579091026,0.021895547579091026,42.13345594786595,5.803092066545737,0.02984290257107456,-0.04452975613118326,-0.07918487646043282,-0.05911123713616665,0.09084681525048999,0.10838487992762084,0.016641616821289062,False,DISABLED,none,MODEL_ORIGIN_FRAME_NOT_ESTABLISHED,nan,nan,nan,nan,nan,nan,nan,nan,nan,nan,nan,nan,nan,NOT_EVALUATED,nan,nan,nan,nan,DISABLED,nan,nan,nan,nan,nan,nan
1791471082.4361596,1791471082.454144,1791471082.4608238,1791471082.4608428,front_rgbd_red_sphere,True,True,True,,91.252,91.252,1791471082.454144,1791471082.4524982,1791471082.4361596,1791471082.4361596,1791471082.4361596,0.0,1791471081.4321628,1791471082.4521675,1791471082.44436,1791471082.4521675,1791471082.44436,1791471082.4521675,1791471081.4281616,1791471082.4521675,1791471081.4321628,1791471082.4521675,1791470991.1841595,GAZEBO_CLOCK_SYSTEM_INTERPOLATION,MAPPED_EXACT,0,91.252,1791471082.4361596,0.0014123916625976562,0.0,RGB,0.0,0,1,0,UNCALIBRATED,PREPARATION,MID,STRAIGHT,1.0,347,1.0,6.8010454177856445,0.27811333537101746,nan,nan,False,0.0,0.0,0.0,0.0,0,0,0,0,0,0.0,0.0,0.0,0.0,0.0,0.0,0.0,0.0,0.0,0.0,0.0,0.0,0.0,0.0,6.539716242429904,0.22594625294567372,-1.8534512053165013,0.0,0.0,0.0,0.0,0.0,0.0,0.0,0.0,0.0,0.0,0.0,False,DISABLED,0,nan,nan,nan,nan,nan,nan,nan,nan,nan,nan,nan,nan,nan,nan,nan,nan,nan,nan,nan,nan,nan,nan,nan,nan,nan,nan,nan,nan,nan,nan,nan,nan,nan,nan,42.232928333950724,5.585547897226066,-0.018949466271171056,0.02190709516322421,0.02190709516322421,0.02190709516322421,42.282854403514335,5.658431354662262,0.041726872597829194,-0.04992606956361101,-0.07288345743619651,-0.06067633886900025,0.08834370826450741,0.1071738255754181,0.017984390258789062,False,DISABLED,none,MODEL_ORIGIN_FRAME_NOT_ESTABLISHED,nan,nan,nan,nan,nan,nan,nan,nan,nan,nan,nan,nan,nan,NOT_EVALUATED,nan,nan,nan,nan,DISABLED,nan,nan,nan,nan,nan,nan
1791471082.4841592,1791471082.5005677,1791471082.5042214,1791471082.5042427,front_rgbd_red_sphere,True,True,True,,91.3,91.3,1791471082.5005677,1791471082.49873,1791471082.4841592,1791471082.4841592,1791471082.4841592,0.0,1791471081.4921646,1791471082.4921675,1791471082.48436,1791471082.4921675,1791471082.48436,1791471082.4921675,1791471081.4921646,1791471082.4921675,1791471081.4921646,1791471082.4921675,1791470991.1841593,GAZEBO_CLOCK_SYSTEM_INTERPOLATION,MAPPED_EXACT,0,91.3,1791471082.4841592,0.0007760524749755859,0.0,RGB,0.0,0,1,0,UNCALIBRATED,PREPARATION,MID,STRAIGHT,1.0,347,1.0,6.815587997436523,0.27749815583229065,nan,nan,False,0.0,0.0,0.0,0.0,0,0,0,0,0,0.0,0.0,0.0,0.0,0.0,0.0,0.0,0.0,0.0,0.0,0.0,0.0,0.0,0.0,6.554849700758346,0.22460357919012353,-1.8535744114721773,0.0,0.0,0.0,0.0,0.0,0.0,0.0,0.0,0.0,0.0,0.0,False,DISABLED,0,nan,nan,nan,nan,nan,nan,nan,nan,nan,nan,nan,nan,nan,nan,nan,nan,nan,nan,nan,nan,nan,nan,nan,nan,nan,nan,nan,nan,nan,nan,nan,nan,nan,nan,42.376439514172084,5.447222686118749,-0.008793909023487367,0.021950164709108485,0.021950164709108485,0.021950164709108485,42.42068382621658,5.5247625150078195,0.05246053371615994,-0.04424431204449775,-0.07753982888907007,-0.06125444273964731,0.08927476806151419,0.10826860564254942,0.016408443450927734,False,DISABLED,none,MODEL_ORIGIN_FRAME_NOT_ESTABLISHED,nan,nan,nan,nan,nan,nan,nan,nan,nan,nan,nan,nan,nan,NOT_EVALUATED,nan,nan,nan,nan,DISABLED,nan,nan,nan,nan,nan,nan
1791471082.5361583,1791471082.552944,1791471082.5607033,1791471082.5607233,front_rgbd_red_sphere,True,True,True,,91.352,91.352,1791471082.552944,1791471082.551899,1791471082.5361583,1791471082.5361583,1791471082.5361583,0.0,1791471081.5481782,1791471082.5481791,1791471082.54036,1791471082.5481791,1791471082.54436,1791471082.5521727,1791471081.5481782,1791471082.5481791,1791471081.5321593,1791471082.5521727,1791470991.1841583,GAZEBO_CLOCK_SYSTEM_INTERPOLATION,MAPPED_EXACT,0,91.352,1791471082.5361583,0.0012669563293457031,0.0,RGB,0.0,0,1,0,UNCALIBRATED,PREPARATION,MID,STRAIGHT,1.0,344,1.0,6.819235324859619,0.279272198677063,nan,nan,False,0.0,0.0,0.0,0.0,0,0,0,0,0,0.0,0.0,0.0,0.0,0.0,0.0,0.0,0.0,0.0,0.0,0.0,0.0,0.0,0.0,6.555033013757702,0.22181726221842624,-1.8666305018301532,0.0,0.0,0.0,0.0,0.0,0.0,0.0,0.0,0.0,0.0,0.0,False,DISABLED,0,nan,nan,nan,nan,nan,nan,nan,nan,nan,nan,nan,nan,nan,nan,nan,nan,nan,nan,nan,nan,nan,nan,nan,nan,nan,nan,nan,nan,nan,nan,nan,nan,nan,nan,42.51988602109946,5.309084290984192,0.0009790348955505679,0.021960973501338795,0.021960973501338795,0.021960973501338795,42.56988682548812,5.379829805023895,0.06374160890100095,-0.0500008043886595,-0.07074551403970286,-0.06276257400545038,0.08663145038757453,0.10697732886945917,0.016785621643066406,False,DISABLED,none,MODEL_ORIGIN_FRAME_NOT_ESTABLISHED,nan,nan,nan,nan,nan,nan,nan,nan,nan,nan,nan,nan,nan,NOT_EVALUATED,nan,nan,nan,nan,DISABLED,nan,nan,nan,nan,nan,nan
1791471082.5841615,1791471082.599694,1791471082.6030734,1791471082.6030943,front_rgbd_red_sphere,True,True,True,,91.4,91.4,1791471082.599694,1791471082.5984895,1791471082.5841615,1791471082.5841615,1791471082.5841615,0.0,1791471081.5721588,1791471082.5881689,1791471082.58036,1791471082.5881689,1791471082.58436,1791471082.5921655,1791471081.5721588,1791471082.5881689,1791471081.5721588,1791471082.5921655,1791470991.1841614,GAZEBO_CLOCK_SYSTEM_INTERPOLATION,MAPPED_EXACT,0,91.4,1791471082.5841615,0.0037021636962890625,0.0,RGB,0.0,0,1,0,UNCALIBRATED,PREPARATION,MID,STRAIGHT,1.0,346,1.0,6.833309173583984,0.2796074450016022,nan,nan,False,0.0,0.0,0.0,0.0,0,0,0,0,0,0.0,0.0,0.0,0.0,0.0,0.0,0.0,0.0,0.0,0.0,0.0,0.0,0.0,0.0,6.567929980735033,0.21981052445800486,-1.872991330666423,0.0,0.0,0.0,0.0,0.0,0.0,0.0,0.0,0.0,0.0,0.0,False,DISABLED,0,nan,nan,nan,nan,nan,nan,nan,nan,nan,nan,nan,nan,nan,nan,nan,nan,nan,nan,nan,nan,nan,nan,nan,nan,nan,nan,nan,nan,nan,nan,nan,nan,nan,nan,42.66341200910519,5.1709496587344175,0.010219628643543699,0.02200270679018364,0.02200270679018364,0.02200270679018364,42.70752264627158,5.245934349299441,0.07379014362092147,-0.04411063716639063,-0.07498469056502355,-0.06357051497737777,0.08699685126691249,0.10774814385800947,0.015532493591308594,False,DISABLED,none,MODEL_ORIGIN_FRAME_NOT_ESTABLISHED,nan,nan,nan,nan,nan,nan,nan,nan,nan,nan,nan,nan,nan,NOT_EVALUATED,nan,nan,nan,nan,DISABLED,nan,nan,nan,nan,nan,nan
1791471082.636159,1791471082.662389,1791471082.6656563,1791471082.6656756,front_rgbd_red_sphere,True,True,True,,91.452,91.452,1791471082.662389,1791471082.661406,1791471082.636159,1791471082.636159,1791471082.636159,0.0,1791471081.6321602,1791471082.6521685,1791471082.6443598,1791471082.6521685,1791471082.6443598,1791471082.6521685,1791471081.6281624,1791471082.6521685,1791471081.6321602,1791471082.6521685,1791470991.184159,GAZEBO_CLOCK_SYSTEM_INTERPOLATION,MAPPED_EXACT,0,91.452,1791471082.636159,0.0024602413177490234,0.0,RGB,0.0,0,1,0,UNCALIBRATED,PREPARATION,MID,STRAIGHT,1.0,346,1.0,6.836392402648926,0.28181394934654236,nan,nan,False,0.0,0.0,0.0,0.0,0,0,0,0,0,0.0,0.0,0.0,0.0,0.0,0.0,0.0,0.0,0.0,0.0,0.0,0.0,0.0,0.0,6.56671434895892,0.2164273825728582,-1.8888314137746445,0.0,0.0,0.0,0.0,0.0,0.0,0.0,0.0,0.0,0.0,0.0,False,DISABLED,0,nan,nan,nan,nan,nan,nan,nan,nan,nan,nan,nan,nan,nan,nan,nan,nan,nan,nan,nan,nan,nan,nan,nan,nan,nan,nan,nan,nan,nan,nan,nan,nan,nan,nan,42.80718760440928,5.032994517105381,0.019205454742343753,0.02201185420849572,0.02201185420849572,0.02201185420849572,42.85648656883641,5.100798105666553,0.08418618885439658,-0.04929896442713044,-0.06780358856117186,-0.06498073411205282,0.08383146494819321,0.10606700863652871,0.0262300968170166,False,DISABLED,none,MODEL_ORIGIN_FRAME_NOT_ESTABLISHED,nan,nan,nan,nan,nan,nan,nan,nan,nan,nan,nan,nan,nan,NOT_EVALUATED,nan,nan,nan,nan,DISABLED,nan,nan,nan,nan,nan,nan
1791471082.6841583,1791471082.7109158,1791471082.7149436,1791471082.714966,front_rgbd_red_sphere,True,True,True,,91.5,91.5,1791471082.7109158,1791471082.699665,1791471082.6841583,1791471082.6841583,1791471082.6841583,0.0,1791471081.6721606,1791471082.692174,1791471082.68436,1791471082.692174,1791471082.68436,1791471082.692174,1791471081.668172,1791471082.692174,1791471081.6721606,1791471082.692174,1791470991.1841583,GAZEBO_CLOCK_SYSTEM_INTERPOLATION,MAPPED_EXACT,0,91.5,1791471082.6841583,0.0031325817108154297,0.0,RGB,0.0,0,1,0,UNCALIBRATED,PREPARATION,MID,STRAIGHT,1.0,345,1.0,6.849844455718994,0.2823619544506073,nan,nan,False,0.0,0.0,0.0,0.0,0,0,0,0,0,0.0,0.0,0.0,0.0,0.0,0.0,0.0,0.0,0.0,0.0,0.0,0.0,0.0,0.0,6.578590959367069,0.21416104060053165,-1.8964830125085719,0.0,0.0,0.0,0.0,0.0,0.0,0.0,0.0,0.0,0.0,0.0,False,DISABLED,0,nan,nan,nan,nan,nan,nan,nan,nan,nan,nan,nan,nan,nan,nan,nan,nan,nan,nan,nan,nan,nan,nan,nan,nan,nan,nan,nan,nan,nan,nan,nan,nan,nan,nan,42.95071020787137,4.894618656330675,0.027759207386919782,0.022051788623661247,0.022051788623661247,0.022051788623661247,42.993920080990996,4.966708519904696,0.09330078997279205,-0.043209873119629094,-0.07208986357402125,-0.06554158258587227,0.08404785282882271,0.10658208392124896,0.026757478713989258,False,DISABLED,none,MODEL_ORIGIN_FRAME_NOT_ESTABLISHED,nan,nan,nan,nan,nan,nan,nan,nan,nan,nan,nan,nan,nan,NOT_EVALUATED,nan,nan,nan,nan,DISABLED,nan,nan,nan,nan,nan,nan
1791471082.736156,1791471082.765358,1791471082.7701867,1791471082.7702122,front_rgbd_red_sphere,True,True,True,,91.552,91.552,1791471082.765358,1791471082.7541242,1791471082.736156,1791471082.736156,1791471082.736156,0.0,1791471081.7481806,1791471082.7482064,1791471082.74036,1791471082.7482064,1791471082.74436,1791471082.7521677,1791471081.7481806,1791471082.7482064,1791471081.7321632,1791471082.7521677,1791470991.184156,GAZEBO_CLOCK_SYSTEM_INTERPOLATION,MAPPED_EXACT,0,91.552,1791471082.736156,0.0015435218811035156,0.0,RGB,0.0,0,1,0,UNCALIBRATED,PREPARATION,MID,STRAIGHT,1.0,346,1.0,6.851984024047852,0.2843814492225647,nan,nan,False,0.0,0.0,0.0,0.0,0,0,0,0,0,0.0,0.0,0.0,0.0,0.0,0.0,0.0,0.0,0.0,0.0,0.0,0.0,0.0,0.0,6.5767768526029675,0.2107576726775804,-1.9108308679165464,0.0,0.0,0.0,0.0,0.0,0.0,0.0,0.0,0.0,0.0,0.0,False,DISABLED,0,nan,nan,nan,nan,nan,nan,nan,nan,nan,nan,nan,nan,nan,nan,nan,nan,nan,nan,nan,nan,nan,nan,nan,nan,nan,nan,nan,nan,nan,nan,nan,nan,nan,nan,43.09435867897118,4.756385412721601,0.03585458165394867,0.02205814340143438,0.02205814340143438,0.02205814340143438,43.14265344602382,4.821386352667602,0.10255594603901881,-0.048294767052638576,-0.06500093994600142,-0.06670136438507014,0.08097843366311988,0.10491224299080738,0.029201984405517578,False,DISABLED,none,MODEL_ORIGIN_FRAME_NOT_ESTABLISHED,nan,nan,nan,nan,nan,nan,nan,nan,nan,nan,nan,nan,nan,NOT_EVALUATED,nan,nan,nan,nan,DISABLED,nan,nan,nan,nan,nan,nan
1791471082.7841582,1791471082.803133,1791471082.8063076,1791471082.8063262,front_rgbd_red_sphere,True,True,True,,91.6,91.6,1791471082.803133,1791471082.8022258,1791471082.7841582,1791471082.7841582,1791471082.7841582,0.0,1791471081.7921658,1791471082.7881682,1791471082.7803888,1791471082.7881682,1791471082.784389,1791471082.7922091,1791471081.7721603,1791471082.7881682,1791471081.7921658,1791471082.7922091,1791470991.1841583,GAZEBO_CLOCK_SYSTEM_INTERPOLATION,MAPPED_EXACT,0,91.6,1791471082.7841582,0.0031156539916992188,0.0,RGB,0.0,0,1,0,UNCALIBRATED,PREPARATION,MID,STRAIGHT,1.0,343,1.0,6.86442756652832,0.28418874740600586,nan,nan,False,0.0,0.0,0.0,0.0,0,0,0,0,0,0.0,0.0,0.0,0.0,0.0,0.0,0.0,0.0,0.0,0.0,0.0,0.0,0.0,0.0,6.589091297052011,0.20853258244861017,-1.9133095658885804,0.0,0.0,0.0,0.0,0.0,0.0,0.0,0.0,0.0,0.0,0.0,False,DISABLED,0,nan,nan,nan,nan,nan,nan,nan,nan,nan,nan,nan,nan,nan,nan,nan,nan,nan,nan,nan,nan,nan,nan,nan,nan,nan,nan,nan,nan,nan,nan,nan,nan,nan,nan,43.237970109965026,4.617767430259955,0.043187281275945344,0.02209512017650367,0.02209512017650367,0.02209512017650367,43.27983942912362,4.687170675556773,0.1105096146980299,-0.041869319158593044,-0.06940324529681785,-0.06732233342208456,0.0810546133451662,0.10536672587647734,0.018974781036376953,False,DISABLED,none,MODEL_ORIGIN_FRAME_NOT_ESTABLISHED,nan,nan,nan,nan,nan,nan,nan,nan,nan,nan,nan,nan,nan,NOT_EVALUATED,nan,nan,nan,nan,DISABLED,nan,nan,nan,nan,nan,nan
1791471082.836158,1791471082.8557155,1791471082.8633602,1791471082.8634005,front_rgbd_red_sphere,True,True,True,,91.652,91.652,1791471082.8557155,1791471082.8549209,1791471082.836158,1791471082.836158,1791471082.836158,0.0,1791471081.8521743,1791471082.8521862,1791471082.844389,1791471082.8521862,1791471082.844389,1791471082.8521862,1791471081.8521743,1791471082.8521862,1791471081.8521743,1791471082.8521862,1791470991.184158,GAZEBO_CLOCK_SYSTEM_INTERPOLATION,MAPPED_EXACT,0,91.652,1791471082.836158,0.0017545223236083984,0.0,RGB,0.0,0,1,0,UNCALIBRATED,PREPARATION,MID,STRAIGHT,1.0,342,1.0,6.8652520179748535,0.285241961479187,nan,nan,False,0.0,0.0,0.0,0.0,0,0,0,0,0,0.0,0.0,0.0,0.0,0.0,0.0,0.0,0.0,0.0,0.0,0.0,0.0,0.0,0.0,6.587851809495944,0.20539920887360807,-1.9208603427537039,0.0,0.0,0.0,0.0,0.0,0.0,0.0,0.0,0.0,0.0,0.0,False,DISABLED,0,nan,nan,nan,nan,nan,nan,nan,nan,nan,nan,nan,nan,nan,nan,nan,nan,nan,nan,nan,nan,nan,nan,nan,nan,nan,nan,nan,nan,nan,nan,nan,nan,nan,nan,43.38130064321351,4.479668386211577,0.04987687754189102,0.022097571644265398,0.022097571644265398,0.022097571644265398,43.42849304357741,4.5415403571603665,0.11840391620837103,-0.047192400363904596,-0.06187197094878982,-0.06852703866648001,0.07781557325622522,0.10368808258229198,0.019557476043701172,False,DISABLED,none,MODEL_ORIGIN_FRAME_NOT_ESTABLISHED,nan,nan,nan,nan,nan,nan,nan,nan,nan,nan,nan,nan,nan,NOT_EVALUATED,nan,nan,nan,nan,DISABLED,nan,nan,nan,nan,nan,nan
1791471082.8841665,1791471082.9029171,1791471082.9076836,1791471082.9077044,front_rgbd_red_sphere,True,True,True,,91.7,91.7,1791471082.9029171,1791471082.9010267,1791471082.8841665,1791471082.8841665,1791471082.8841665,0.0,1791471081.8721616,1791471082.8921716,1791471082.884389,1791471082.8921716,1791471082.884389,1791471082.8921716,1791471081.868158,1791471082.8921716,1791471081.8721616,1791471082.8921716,1791470991.1841664,GAZEBO_CLOCK_SYSTEM_INTERPOLATION,MAPPED_EXACT,0,91.7,1791471082.8841665,0.0030798912048339844,0.0,RGB,0.0,0,1,0,UNCALIBRATED,PREPARATION,MID,STRAIGHT,1.0,340,1.0,6.876315593719482,0.28437539935112,nan,nan,False,0.0,0.0,0.0,0.0,0,0,0,0,0,0.0,0.0,0.0,0.0,0.0,0.0,0.0,0.0,0.0,0.0,0.0,0.0,0.0,0.0,6.600142595322557,0.20340133324254595,-1.9184528151939606,0.0,0.0,0.0,0.0,0.0,0.0,0.0,0.0,0.0,0.0,0.0,False,DISABLED,0,nan,nan,nan,nan,nan,nan,nan,nan,nan,nan,nan,nan,nan,nan,nan,nan,nan,nan,nan,nan,nan,nan,nan,nan,nan,nan,nan,nan,nan,nan,nan,nan,nan,nan,43.52457916447241,4.341401680749227,0.05573421401381401,0.022130476443384024,0.022130476443384024,0.022130476443384024,43.565586781353495,4.40706942626408,0.12500743652152524,-0.04100761688108889,-0.06566774551485288,-0.06927322250771123,0.077420135903198,0.10388771245856035,0.018750667572021484,False,DISABLED,none,MODEL_ORIGIN_FRAME_NOT_ESTABLISHED,nan,nan,nan,nan,nan,nan,nan,nan,nan,nan,nan,nan,nan,NOT_EVALUATED,nan,nan,nan,nan,DISABLED,nan,nan,nan,nan,nan,nan
1791471082.9361582,1791471082.9526603,1791471082.9624884,1791471082.962509,front_rgbd_red_sphere,True,True,True,,91.752,91.752,1791471082.9526603,1791471082.9519703,1791471082.9361582,1791471082.9361582,1791471082.9361582,0.0,1791471081.9521642,1791471082.9481711,1791471082.940389,1791471082.9481711,1791471082.9443889,1791471082.9521694,1791471081.9481676,1791471082.9481711,1791471081.9521642,1791471082.9521694,1791470991.184158,GAZEBO_CLOCK_SYSTEM_INTERPOLATION,MAPPED_EXACT,0,91.752,1791471082.9361582,0.0015859603881835938,0.0,RGB,0.0,0,1,0,UNCALIBRATED,PREPARATION,MID,STRAIGHT,1.0,340,1.0,6.876194477081299,0.28520452976226807,nan,nan,False,0.0,0.0,0.0,0.0,0,0,0,0,0,0.0,0.0,0.0,0.0,0.0,0.0,0.0,0.0,0.0,0.0,0.0,0.0,0.0,0.0,6.59842446291715,0.20034883538556691,-1.9242410693546965,0.0,0.0,0.0,0.0,0.0,0.0,0.0,0.0,0.0,0.0,0.0,False,DISABLED,0,nan,nan,nan,nan,nan,nan,nan,nan,nan,nan,nan,nan,nan,nan,nan,nan,nan,nan,nan,nan,nan,nan,nan,nan,nan,nan,nan,nan,nan,nan,nan,nan,nan,nan,43.667880001620816,4.203453556619412,0.06101729118511218,0.02213011583447769,0.02213011583447769,0.02213011583447769,43.71390957298082,4.261401931747202,0.1313329989832479,-0.04602957136000185,-0.05794837512779072,-0.07031570779813573,0.07400497023536093,0.10208346772464905,0.01650214195251465,False,DISABLED,none,MODEL_ORIGIN_FRAME_NOT_ESTABLISHED,nan,nan,nan,nan,nan,nan,nan,nan,nan,nan,nan,nan,nan,NOT_EVALUATED,nan,nan,nan,nan,DISABLED,nan,nan,nan,nan,nan,nan
1791471082.9841561,1791471083.0025475,1791471083.005973,1791471083.0059924,front_rgbd_red_sphere,True,True,True,,91.8,91.8,1791471083.0025475,1791471083.0013154,1791471082.9841561,1791471082.9841561,1791471082.9841561,0.0,1791471081.9721563,1791471082.9881651,1791471082.9803889,1791471082.9881651,1791471082.9843888,1791471082.9921658,1791471081.9721563,1791471082.9881651,1791471081.9721563,1791471082.9921658,1791470991.1841562,GAZEBO_CLOCK_SYSTEM_INTERPOLATION,MAPPED_EXACT,0,91.8,1791471082.9841561,0.0025987625122070312,0.0,RGB,0.0,0,1,0,UNCALIBRATED,PREPARATION,MID,STRAIGHT,1.0,342,1.0,6.8859429359436035,0.28458020091056824,nan,nan,False,0.0,0.0,0.0,0.0,0,0,0,0,0,0.0,0.0,0.0,0.0,0.0,0.0,0.0,0.0,0.0,0.0,0.0,0.0,0.0,0.0,6.6089877188028625,0.1979956057079697,-1.9230942214968305,0.0,0.0,0.0,0.0,0.0,0.0,0.0,0.0,0.0,0.0,0.0,False,DISABLED,0,nan,nan,nan,nan,nan,nan,nan,nan,nan,nan,nan,nan,nan,nan,nan,nan,nan,nan,nan,nan,nan,nan,nan,nan,nan,nan,nan,nan,nan,nan,nan,nan,nan,nan,43.81073542337061,4.065674557555514,0.0652894018134918,0.022159130183696696,0.022159130183696696,0.022159130183696696,43.850864769817484,4.1267440233973405,0.1364209263356124,-0.04012934644687505,-0.061069465841826265,-0.0711315245221206,0.07307423694065719,0.10197812454296436,0.01839137077331543,False,DISABLED,none,MODEL_ORIGIN_FRAME_NOT_ESTABLISHED,nan,nan,nan,nan,nan,nan,nan,nan,nan,nan,nan,nan,nan,NOT_EVALUATED,nan,nan,nan,nan,DISABLED,nan,nan,nan,nan,nan,nan
1791471083.0361643,1791471083.0600212,1791471083.0646212,1791471083.064647,front_rgbd_red_sphere,True,True,True,,91.852,91.852,1791471083.0600212,1791471083.056634,1791471083.0361643,1791471083.0361643,1791471083.0361643,0.0,1791471082.052185,1791471083.052196,1791471083.044389,1791471083.052196,1791471083.044389,1791471083.052196,1791471082.052185,1791471083.052196,1791471082.052185,1791471083.052196,1791470991.1841643,GAZEBO_CLOCK_SYSTEM_INTERPOLATION,MAPPED_EXACT,0,91.852,1791471083.0361643,0.004130125045776367,0.0,RGB,0.0,0,1,0,UNCALIBRATED,PREPARATION,MID,STRAIGHT,1.0,343,1.0,6.884812831878662,0.2857760787010193,nan,nan,False,0.0,0.0,0.0,0.0,0,0,0,0,0,0.0,0.0,0.0,0.0,0.0,0.0,0.0,0.0,0.0,0.0,0.0,0.0,0.0,0.0,6.6055867962927275,0.19449775178428297,-1.9310732674293334,0.0,0.0,0.0,0.0,0.0,0.0,0.0,0.0,0.0,0.0,0.0,False,DISABLED,0,nan,nan,nan,nan,nan,nan,nan,nan,nan,nan,nan,nan,nan,nan,nan,nan,nan,nan,nan,nan,nan,nan,nan,nan,nan,nan,nan,nan,nan,nan,nan,nan,nan,nan,43.95385844604629,3.9278769472021025,0.06893641759525698,0.02215576585163172,0.02215576585163172,0.02215576585163172,43.9990757768419,3.980849040180698,0.14103175000451948,-0.045217330795608746,-0.05297209297859551,-0.0720953324092625,0.06964660536460104,0.10024164101816437,0.02385687828063965,False,DISABLED,none,MODEL_ORIGIN_FRAME_NOT_ESTABLISHED,nan,nan,nan,nan,nan,nan,nan,nan,nan,nan,nan,nan,nan,NOT_EVALUATED,nan,nan,nan,nan,DISABLED,nan,nan,nan,nan,nan,nan
1791471083.0841615,1791471083.1096277,1791471083.115057,1791471083.1150787,front_rgbd_red_sphere,True,True,True,,91.9,91.9,1791471083.1096277,1791471083.1084785,1791471083.0841615,1791471083.0841615,1791471083.0841615,0.0,1791471082.0921624,1791471083.0921738,1791471083.084389,1791471083.0921738,1791471083.084389,1791471083.0921738,1791471082.0921624,1791471083.0921738,1791471082.0921624,1791471083.0921738,1791470991.1841614,GAZEBO_CLOCK_SYSTEM_INTERPOLATION,MAPPED_EXACT,0,91.9,1791471083.0841615,0.0019049644470214844,0.0,RGB,0.0,0,1,0,UNCALIBRATED,PREPARATION,MID,STRAIGHT,1.0,340,1.0,6.893415451049805,0.28537505865097046,nan,nan,False,0.0,0.0,0.0,0.0,0,0,0,0,0,0.0,0.0,0.0,0.0,0.0,0.0,0.0,0.0,0.0,0.0,0.0,0.0,0.0,0.0,6.614618895980909,0.19180284655177537,-1.9311143145140441,0.0,0.0,0.0,0.0,0.0,0.0,0.0,0.0,0.0,0.0,0.0,False,DISABLED,0,nan,nan,nan,nan,nan,nan,nan,nan,nan,nan,nan,nan,nan,nan,nan,nan,nan,nan,nan,nan,nan,nan,nan,nan,nan,nan,nan,nan,nan,nan,nan,nan,nan,nan,44.09644731862127,3.790150213040322,0.07157507205792163,0.022181381814986724,0.022181381814986724,0.022181381814986724,44.13581231721409,3.8461055345689927,0.14447582056294775,-0.03936499859281639,-0.055955321528670776,-0.07290074850502612,0.06841491885246495,0.0999755982936958,0.025466203689575195,False,DISABLED,none,MODEL_ORIGIN_FRAME_NOT_ESTABLISHED,nan,nan,nan,nan,nan,nan,nan,nan,nan,nan,nan,nan,nan,NOT_EVALUATED,nan,nan,nan,nan,DISABLED,nan,nan,nan,nan,nan,nan
1791471083.1361594,1791471083.1550708,1791471083.1613991,1791471083.16142,front_rgbd_red_sphere,True,True,True,,91.952,91.952,1791471083.1550708,1791471083.1533802,1791471083.1361594,1791471083.1361594,1791471083.1361594,0.0,1791471082.148176,1791471083.1481812,1791471083.140389,1791471083.1481812,1791471083.144389,1791471083.1521726,1791471082.148176,1791471083.1481812,1791471082.1321564,1791471083.1521726,1791470991.1841595,GAZEBO_CLOCK_SYSTEM_INTERPOLATION,MAPPED_EXACT,0,91.952,1791471083.1361594,0.0012469291687011719,0.0,RGB,0.0,0,1,0,UNCALIBRATED,PREPARATION,MID,STRAIGHT,1.0,341,1.0,6.8909196853637695,0.2863958477973938,nan,nan,False,0.0,0.0,0.0,0.0,0,0,0,0,0,0.0,0.0,0.0,0.0,0.0,0.0,0.0,0.0,0.0,0.0,0.0,0.0,0.0,0.0,6.610240709166119,0.18809926177756786,-1.9375533185111014,0.0,0.0,0.0,0.0,0.0,0.0,0.0,0.0,0.0,0.0,0.0,False,DISABLED,0,nan,nan,nan,nan,nan,nan,nan,nan,nan,nan,nan,nan,nan,nan,nan,nan,nan,nan,nan,nan,nan,nan,nan,nan,nan,nan,nan,nan,nan,nan,nan,nan,nan,nan,44.239407296806654,3.6522295178681494,0.07347685468827875,0.02217394940836007,0.02217394940836007,0.02217394940836007,44.28366341250921,3.7002520820769784,0.14725353342871267,-0.044256115702559384,-0.048022564208829,-0.07377667874043392,0.06530520997799048,0.09852801011001197,0.018911361694335938,False,DISABLED,none,MODEL_ORIGIN_FRAME_NOT_ESTABLISHED,nan,nan,nan,nan,nan,nan,nan,nan,nan,nan,nan,nan,nan,NOT_EVALUATED,nan,nan,nan,nan,DISABLED,nan,nan,nan,nan,nan,nan
1791471083.184156,1791471083.2021575,1791471083.2072792,1791471083.2073,front_rgbd_red_sphere,True,True,True,,92.0,92.0,1791471083.2021575,1791471083.2013052,1791471083.184156,1791471083.184156,1791471083.184156,0.0,1791471082.172159,1791471083.188168,1791471083.180389,1791471083.188168,1791471083.1843889,1791471083.1921763,1791471082.172159,1791471083.188168,1791471082.172159,1791471083.1921763,1791470991.184156,GAZEBO_CLOCK_SYSTEM_INTERPOLATION,MAPPED_EXACT,0,92.0,1791471083.184156,0.0022559165954589844,0.0,RGB,0.0,0,1,0,UNCALIBRATED,PREPARATION,MID,STRAIGHT,1.0,337,1.0,6.898080825805664,0.2853974401950836,nan,nan,False,0.0,0.0,0.0,0.0,0,0,0,0,0,0.0,0.0,0.0,0.0,0.0,0.0,0.0,0.0,0.0,0.0,0.0,0.0,0.0,0.0,6.619052166912549,0.18501170236258524,-1.933244942029468,0.0,0.0,0.0,0.0,0.0,0.0,0.0,0.0,0.0,0.0,0.0,False,DISABLED,0,nan,nan,nan,nan,nan,nan,nan,nan,nan,nan,nan,nan,nan,nan,nan,nan,nan,nan,nan,nan,nan,nan,nan,nan,nan,nan,nan,nan,nan,nan,nan,nan,nan,nan,44.381902991586486,3.5143544881158104,0.07464588194154947,0.02219528076376806,0.02219528076376806,0.02219528076376806,44.42053235543323,3.5650988905713437,0.1489749783694233,-0.03862936384674498,-0.050744402455533244,-0.07432909642787383,0.06377477661092461,0.09793894377395287,0.018001556396484375,False,DISABLED,none,MODEL_ORIGIN_FRAME_NOT_ESTABLISHED,nan,nan,nan,nan,nan,nan,nan,nan,nan,nan,nan,nan,nan,NOT_EVALUATED,nan,nan,nan,nan,DISABLED,nan,nan,nan,nan,nan,nan
1791471083.2361557,1791471083.2617936,1791471083.2663753,1791471083.2663949,front_rgbd_red_sphere,True,True,True,,92.052,92.052,1791471083.2527404,1791471083.2617936,1791471083.2361557,1791471083.2361557,1791471083.2361557,0.0,1791471082.2321613,1791471083.252175,1791471083.2443888,1791471083.252175,1791471083.2443888,1791471083.252175,1791471082.2281594,1791471083.252175,1791471082.2321613,1791471083.252175,1791470991.1841557,GAZEBO_CLOCK_SYSTEM_INTERPOLATION,MAPPED_EXACT,0,92.052,1791471083.2361557,0.0019333362579345703,0.0,RGB,0.0,0,1,0,UNCALIBRATED,PREPARATION,MID,STRAIGHT,1.0,338,1.0,6.893759727478027,0.2857030928134918,nan,nan,False,0.0,0.0,0.0,0.0,0,0,0,0,0,0.0,0.0,0.0,0.0,0.0,0.0,0.0,0.0,0.0,0.0,0.0,0.0,0.0,0.0,6.614312312004235,0.18178349947298322,-1.934360061230846,0.0,0.0,0.0,0.0,0.0,0.0,0.0,0.0,0.0,0.0,0.0,False,DISABLED,0,nan,nan,nan,nan,nan,nan,nan,nan,nan,nan,nan,nan,nan,nan,nan,nan,nan,nan,nan,nan,nan,nan,nan,nan,nan,nan,nan,nan,nan,nan,nan,nan,nan,nan,44.524342156966604,3.376388540566274,0.07514104988141318,0.022182407507726133,0.022182407507726133,0.022182407507726133,44.568455569280026,3.4188841141767266,0.14985508532205002,-0.04411341231342192,-0.04249557361045264,-0.07471403544063684,0.061252485030530504,0.09661290811397875,0.02563786506652832,False,DISABLED,none,MODEL_ORIGIN_FRAME_NOT_ESTABLISHED,nan,nan,nan,nan,nan,nan,nan,nan,nan,nan,nan,nan,nan,NOT_EVALUATED,nan,nan,nan,nan,DISABLED,nan,nan,nan,nan,nan,nan
1791471083.2841613,1791471083.3034291,1791471083.3067858,1791471083.3068068,front_rgbd_red_sphere,True,True,True,,92.1,92.1,1791471083.3034291,1791471083.3025029,1791471083.2841613,1791471083.2841613,1791471083.2841613,0.0,1791471082.2721672,1791471083.2921665,1791471083.284389,1791471083.2921665,1791471083.284389,1791471083.2921665,1791471082.2681735,1791471083.2921665,1791471082.2721672,1791471083.2921665,1791470991.1841614,GAZEBO_CLOCK_SYSTEM_INTERPOLATION,MAPPED_EXACT,0,92.1,1791471083.2841613,0.0034885406494140625,0.0,RGB,0.0,0,1,0,UNCALIBRATED,PREPARATION,MID,STRAIGHT,1.0,336,1.0,6.899737358093262,0.28438878059387207,nan,nan,False,0.0,0.0,0.0,0.0,0,0,0,0,0,0.0,0.0,0.0,0.0,0.0,0.0,0.0,0.0,0.0,0.0,0.0,0.0,0.0,0.0,6.622597855882271,0.18026298359898796,-1.927453989416854,0.0,0.0,0.0,0.0,0.0,0.0,0.0,0.0,0.0,0.0,0.0,False,DISABLED,0,nan,nan,nan,nan,nan,nan,nan,nan,nan,nan,nan,nan,nan,nan,nan,nan,nan,nan,nan,nan,nan,nan,nan,nan,nan,nan,nan,nan,nan,nan,nan,nan,nan,nan,44.66681461828074,3.238117306164568,0.07469637259075596,0.022200217414918955,0.022200217414918955,0.022200217414918955,44.70483699046538,3.283955707171281,0.14980607579016886,-0.038022372184641995,-0.04583840100671299,-0.0751097031994129,0.05955551858056199,0.09585576304064122,0.019267797470092773,False,DISABLED,none,MODEL_ORIGIN_FRAME_NOT_ESTABLISHED,nan,nan,nan,nan,nan,nan,nan,nan,nan,nan,nan,nan,nan,NOT_EVALUATED,nan,nan,nan,nan,DISABLED,nan,nan,nan,nan,nan,nan
1791471083.336157,1791471083.3669717,1791471083.3714602,1791471083.3714802,front_rgbd_red_sphere,True,True,True,,92.152,92.152,1791471083.3669717,1791471083.3561265,1791471083.336157,1791471083.336157,1791471083.336157,0.0,1791471082.332156,1791471083.3481724,1791471083.340389,1791471083.3481724,1791471083.344389,1791471083.3521676,1791471082.332156,1791471083.3481724,1791471082.332156,1791471083.3521676,1791470991.1841571,GAZEBO_CLOCK_SYSTEM_INTERPOLATION,MAPPED_EXACT,0,92.152,1791471083.336157,0.00322723388671875,0.0,RGB,0.0,0,1,0,UNCALIBRATED,PREPARATION,MID,STRAIGHT,1.0,340,1.0,6.894251346588135,0.28490984439849854,nan,nan,False,0.0,0.0,0.0,0.0,0,0,0,0,0,0.0,0.0,0.0,0.0,0.0,0.0,0.0,0.0,0.0,0.0,0.0,0.0,0.0,0.0,6.616323249372565,0.17854909406113428,-1.9295301797273368,0.0,0.0,0.0,0.0,0.0,0.0,0.0,0.0,0.0,0.0,0.0,False,DISABLED,0,nan,nan,nan,nan,nan,nan,nan,nan,nan,nan,nan,nan,nan,nan,nan,nan,nan,nan,nan,nan,nan,nan,nan,nan,nan,nan,nan,nan,nan,nan,nan,nan,nan,nan,44.80872389495174,3.100240349721797,0.0738781174748438,0.022183871929469166,0.022183871929469166,0.022183871929469166,44.852782415859856,3.1374522311297293,0.14876380603964295,-0.04405852090811635,-0.03721188140793208,-0.07488568856479916,0.057670420342918666,0.09451848355931773,0.030814647674560547,False,DISABLED,none,MODEL_ORIGIN_FRAME_NOT_ESTABLISHED,nan,nan,nan,nan,nan,nan,nan,nan,nan,nan,nan,nan,nan,NOT_EVALUATED,nan,nan,nan,nan,DISABLED,nan,nan,nan,nan,nan,nan
1791471083.3841627,1791471083.4108193,1791471083.4141738,1791471083.4141936,front_rgbd_red_sphere,True,True,True,,92.2,92.2,1791471083.4108193,1791471083.399527,1791471083.3841627,1791471083.3841627,1791471083.3841627,0.0,1791471082.3881736,1791471083.388174,1791471083.380389,1791471083.388174,1791471083.384389,1791471083.392177,1791471082.3881736,1791471083.388174,1791471082.3721583,1791471083.392177,1791470991.1841626,GAZEBO_CLOCK_SYSTEM_INTERPOLATION,MAPPED_EXACT,0,92.2,1791471083.3841627,0.0029053688049316406,0.0,RGB,0.0,0,1,0,UNCALIBRATED,PREPARATION,MID,STRAIGHT,1.0,336,1.0,6.899006366729736,0.28348222374916077,nan,nan,False,0.0,0.0,0.0,0.0,0,0,0,0,0,0.0,0.0,0.0,0.0,0.0,0.0,0.0,0.0,0.0,0.0,0.0,0.0,0.0,0.0,6.623648391153238,0.178575988399702,-1.921375448752995,0.0,0.0,0.0,0.0,0.0,0.0,0.0,0.0,0.0,0.0,0.0,False,DISABLED,0,nan,nan,nan,nan,nan,nan,nan,nan,nan,nan,nan,nan,nan,nan,nan,nan,nan,nan,nan,nan,nan,nan,nan,nan,nan,nan,nan,nan,nan,nan,nan,nan,nan,nan,44.950734015765235,2.9617757213173035,0.0720443635820765,0.022198039538089243,0.022198039538089243,0.022198039538089243,44.98918088516388,3.0022711910894038,0.14694553204051763,-0.03844686939864772,-0.04049546977210028,-0.07490116845844114,0.05583945593054934,0.09342499598640365,0.026656627655029297,False,DISABLED,none,MODEL_ORIGIN_FRAME_NOT_ESTABLISHED,nan,nan,nan,nan,nan,nan,nan,nan,nan,nan,nan,nan,nan,NOT_EVALUATED,nan,nan,nan,nan,DISABLED,nan,nan,nan,nan,nan,nan
1791471083.4361613,1791471083.4617918,1791471083.4649262,1791471083.4649453,front_rgbd_red_sphere,True,True,True,,92.252,92.252,1791471083.4531646,1791471083.4617918,1791471083.4361613,1791471083.4361613,1791471083.4361613,0.0,1791471082.4521675,1791471083.4521747,1791471083.4443889,1791471083.4521747,1791471083.4443889,1791471083.4521747,1791471082.4521675,1791471083.4521747,1791471082.4521675,1791471083.4521747,1791470991.1841612,GAZEBO_CLOCK_SYSTEM_INTERPOLATION,MAPPED_EXACT,0,92.252,1791471083.4361613,0.0018496513366699219,0.0,RGB,0.0,0,1,0,UNCALIBRATED,PREPARATION,MID,STRAIGHT,1.0,338,1.0,6.891985893249512,0.28377941250801086,nan,nan,False,0.0,0.0,0.0,0.0,0,0,0,0,0,0.0,0.0,0.0,0.0,0.0,0.0,0.0,0.0,0.0,0.0,0.0,0.0,0.0,0.0,6.616334810184765,0.1783163201677187,-1.9214022886799604,0.0,0.0,0.0,0.0,0.0,0.0,0.0,0.0,0.0,0.0,0.0,False,DISABLED,0,nan,nan,nan,nan,nan,nan,nan,nan,nan,nan,nan,nan,nan,nan,nan,nan,nan,nan,nan,nan,nan,nan,nan,nan,nan,nan,nan,nan,nan,nan,nan,nan,nan,nan,45.09237474863155,2.823583980438502,0.06937624736580178,0.02217712443475428,0.02217712443475428,0.02217712443475428,45.136850539798104,2.8557974792571086,0.14400842714783554,-0.04447579116655476,-0.03221349881860647,-0.07463217978203376,0.05491635007925554,0.09265941811302918,0.025630474090576172,False,DISABLED,none,MODEL_ORIGIN_FRAME_NOT_ESTABLISHED,nan,nan,nan,nan,nan,nan,nan,nan,nan,nan,nan,nan,nan,NOT_EVALUATED,nan,nan,nan,nan,DISABLED,nan,nan,nan,nan,nan,nan
1791471083.484157,1791471083.5019648,1791471083.505271,1791471083.5052903,front_rgbd_red_sphere,True,True,True,,92.3,92.3,1791471083.5019648,1791471083.4999812,1791471083.484157,1791471083.484157,1791471083.484157,0.0,1791471082.4721591,1791471083.4921665,1791471083.4843888,1791471083.4921665,1791471083.4843888,1791471083.4921665,1791471082.46816,1791471083.4921665,1791471082.4721591,1791471083.4921665,1791470991.1841571,GAZEBO_CLOCK_SYSTEM_INTERPOLATION,MAPPED_EXACT,0,92.3,1791471083.484157,0.002012491226196289,0.0,RGB,0.0,0,1,0,UNCALIBRATED,PREPARATION,MID,STRAIGHT,1.0,341,1.0,6.895361423492432,0.2821359634399414,nan,nan,False,0.0,0.0,0.0,0.0,0,0,0,0,0,0.0,0.0,0.0,0.0,0.0,0.0,0.0,0.0,0.0,0.0,0.0,0.0,0.0,0.0,6.622739189577779,0.17952445841732434,-1.911309838779399,0.0,0.0,0.0,0.0,0.0,0.0,0.0,0.0,0.0,0.0,0.0,False,DISABLED,0,nan,nan,nan,nan,nan,nan,nan,nan,nan,nan,nan,nan,nan,nan,nan,nan,nan,nan,nan,nan,nan,nan,nan,nan,nan,nan,nan,nan,nan,nan,nan,nan,nan,nan,45.234417772623786,2.6844896050901537,0.06557525777893863,0.02218717909504792,0.02218717909504792,0.02218717909504792,45.273083309873854,2.720566539665605,0.14046908658232185,-0.03866553725006838,-0.03607693457545125,-0.07489382880338322,0.052882596184357436,0.09168235692884584,0.017807722091674805,False,DISABLED,none,MODEL_ORIGIN_FRAME_NOT_ESTABLISHED,nan,nan,nan,nan,nan,nan,nan,nan,nan,nan,nan,nan,nan,NOT_EVALUATED,nan,nan,nan,nan,DISABLED,nan,nan,nan,nan,nan,nan
1791471083.536159,1791471083.5524936,1791471083.560333,1791471083.560376,front_rgbd_red_sphere,True,True,True,,92.352,92.352,1791471083.5524936,1791471083.5513313,1791471083.536159,1791471083.536159,1791471083.536159,0.0,1791471082.532161,1791471083.5481677,1791471083.5403888,1791471083.5481677,1791471083.544389,1791471083.5521681,1791471082.532161,1791471083.5481677,1791471082.532161,1791471083.5521681,1791470991.184159,GAZEBO_CLOCK_SYSTEM_INTERPOLATION,MAPPED_EXACT,0,92.352,1791471083.536159,0.0011756420135498047,0.0,RGB,0.0,0,1,0,UNCALIBRATED,PREPARATION,MID,STRAIGHT,1.0,339,1.0,6.88719367980957,0.2817516624927521,nan,nan,False,0.0,0.0,0.0,0.0,0,0,0,0,0,0.0,0.0,0.0,0.0,0.0,0.0,0.0,0.0,0.0,0.0,0.0,0.0,0.0,0.0,6.615631005466591,0.18017900878217574,-1.9064106677056198,0.0,0.0,0.0,0.0,0.0,0.0,0.0,0.0,0.0,0.0,0.0,False,DISABLED,0,nan,nan,nan,nan,nan,nan,nan,nan,nan,nan,nan,nan,nan,nan,nan,nan,nan,nan,nan,nan,nan,nan,nan,nan,nan,nan,nan,nan,nan,nan,nan,nan,nan,nan,45.376525745016906,2.5455603930005997,0.06118057469139698,0.022162854198586223,0.022162854198586223,0.022162854198586223,45.420593889270556,2.5740304918997263,0.13571112689787945,-0.04406814425365013,-0.02847009889912666,-0.07453055220648247,0.05246472976473404,0.09114467116342995,0.01633453369140625,False,DISABLED,none,MODEL_ORIGIN_FRAME_NOT_ESTABLISHED,nan,nan,nan,nan,nan,nan,nan,nan,nan,nan,nan,nan,nan,NOT_EVALUATED,nan,nan,nan,nan,DISABLED,nan,nan,nan,nan,nan,nan
1791471083.5841608,1791471083.6109538,1791471083.6154807,1791471083.6155007,front_rgbd_red_sphere,True,True,True,,92.4,92.4,1791471083.6109538,1791471083.5997043,1791471083.5841608,1791471083.5841608,1791471083.5841608,0.0,1791471082.5921655,1791471083.5881753,1791471083.580389,1791471083.5881753,1791471083.584389,1791471083.5921757,1791471082.5881689,1791471083.5881753,1791471082.5921655,1791471083.5921757,1791470991.1841607,GAZEBO_CLOCK_SYSTEM_INTERPOLATION,MAPPED_EXACT,0,92.4,1791471083.5841608,0.003082752227783203,0.0,RGB,0.0,0,1,0,UNCALIBRATED,PREPARATION,MID,STRAIGHT,1.0,339,1.0,6.889279842376709,0.2797555923461914,nan,nan,False,0.0,0.0,0.0,0.0,0,0,0,0,0,0.0,0.0,0.0,0.0,0.0,0.0,0.0,0.0,0.0,0.0,0.0,0.0,0.0,0.0,6.621444758223474,0.18174398479059484,-1.893571229336457,0.0,0.0,0.0,0.0,0.0,0.0,0.0,0.0,0.0,0.0,0.0,False,DISABLED,0,nan,nan,nan,nan,nan,nan,nan,nan,nan,nan,nan,nan,nan,nan,nan,nan,nan,nan,nan,nan,nan,nan,nan,nan,nan,nan,nan,nan,nan,nan,nan,nan,nan,nan,45.518342854741896,2.4062305703613625,0.05610704413116002,0.022169064734371073,0.022169064734371073,0.022169064734371073,45.55682968167558,2.4386033232074507,0.13053250991605406,-0.03848682693368488,-0.032372752846088204,-0.07442546578489403,0.05029146025178951,0.08982416674568018,0.02679300308227539,False,DISABLED,none,MODEL_ORIGIN_FRAME_NOT_ESTABLISHED,nan,nan,nan,nan,nan,nan,nan,nan,nan,nan,nan,nan,nan,NOT_EVALUATED,nan,nan,nan,nan,DISABLED,nan,nan,nan,nan,nan,nan
1791471083.6361592,1791471083.6533988,1791471083.6609688,1791471083.6609883,front_rgbd_red_sphere,True,True,True,,92.452,92.452,1791471083.6533988,1791471083.651962,1791471083.6361592,1791471083.6361592,1791471083.6361592,0.0,1791471082.6521685,1791471083.652174,1791471083.644389,1791471083.652174,1791471083.644389,1791471083.652174,1791471082.6521685,1791471083.652174,1791471082.6521685,1791471083.652174,1791470991.1841593,GAZEBO_CLOCK_SYSTEM_INTERPOLATION,MAPPED_EXACT,0,92.452,1791471083.6361592,0.0015711784362792969,0.0,RGB,0.0,0,1,0,UNCALIBRATED,PREPARATION,MID,STRAIGHT,1.0,338,1.0,6.880154609680176,0.28004902601242065,nan,nan,False,0.0,0.0,0.0,0.0,0,0,0,0,0,0.0,0.0,0.0,0.0,0.0,0.0,0.0,0.0,0.0,0.0,0.0,0.0,0.0,0.0,6.612116947802684,0.18263452960223958,-1.8929036678297049,0.0,0.0,0.0,0.0,0.0,0.0,0.0,0.0,0.0,0.0,0.0,False,DISABLED,0,nan,nan,nan,nan,nan,nan,nan,nan,nan,nan,nan,nan,nan,nan,nan,nan,nan,nan,nan,nan,nan,nan,nan,nan,nan,nan,nan,nan,nan,nan,nan,nan,nan,nan,45.659845711869536,2.2669988975821336,0.05064428066858634,0.022141900714564497,0.022141900714564497,0.022141900714564497,45.70421134072004,2.291997986677051,0.1240705905225871,-0.044365628850506766,-0.024999089094917437,-0.07342630985400075,0.05092409526811977,0.08935707279030723,0.01723957061767578,False,DISABLED,none,MODEL_ORIGIN_FRAME_NOT_ESTABLISHED,nan,nan,nan,nan,nan,nan,nan,nan,nan,nan,nan,nan,nan,NOT_EVALUATED,nan,nan,nan,nan,DISABLED,nan,nan,nan,nan,nan,nan
1791471083.6841557,1791471083.7036076,1791471083.7082748,1791471083.7083008,front_rgbd_red_sphere,True,True,True,,92.5,92.5,1791471083.7036076,1791471083.701974,1791471083.6841557,1791471083.6841557,1791471083.6841557,0.0,1791471082.692174,1791471083.692182,1791471083.6843889,1791471083.692182,1791471083.6843889,1791471083.692182,1791471082.692174,1791471083.692182,1791471082.692174,1791471083.692182,1791470991.1841557,GAZEBO_CLOCK_SYSTEM_INTERPOLATION,MAPPED_EXACT,0,92.5,1791471083.6841557,0.0037546157836914062,0.0,RGB,0.0,0,1,0,UNCALIBRATED,PREPARATION,MID,STRAIGHT,1.0,340,1.0,6.881351947784424,0.2790270447731018,nan,nan,False,0.0,0.0,0.0,0.0,0,0,0,0,0,0.0,0.0,0.0,0.0,0.0,0.0,0.0,0.0,0.0,0.0,0.0,0.0,0.0,0.0,6.615207776044943,0.18426006908418735,-1.8862867719286847,0.0,0.0,0.0,0.0,0.0,0.0,0.0,0.0,0.0,0.0,0.0,False,DISABLED,0,nan,nan,nan,nan,nan,nan,nan,nan,nan,nan,nan,nan,nan,nan,nan,nan,nan,nan,nan,nan,nan,nan,nan,nan,nan,nan,nan,nan,nan,nan,nan,nan,nan,nan,45.80107691068569,2.127388614100281,0.044217400270353535,0.02214546333068397,0.02214546333068397,0.02214546333068397,45.84029094058346,2.156554026727053,0.11738701356538615,-0.039214029897770786,-0.029165412626771747,-0.07316961329503262,0.048870864884030016,0.08798950928524225,0.01945185661315918,False,DISABLED,none,MODEL_ORIGIN_FRAME_NOT_ESTABLISHED,nan,nan,nan,nan,nan,nan,nan,nan,nan,nan,nan,nan,nan,NOT_EVALUATED,nan,nan,nan,nan,DISABLED,nan,nan,nan,nan,nan,nan
1791471083.736158,1791471083.7660022,1791471083.772028,1791471083.7720664,front_rgbd_red_sphere,True,True,True,,92.552,92.552,1791471083.7660022,1791471083.7547097,1791471083.736158,1791471083.736158,1791471083.736158,0.0,1791471082.732159,1791471083.7481682,1791471083.7403889,1791471083.7481682,1791471083.7443888,1791471083.7521665,1791471082.732159,1791471083.7481682,1791471082.732159,1791471083.7521665,1791470991.1841578,GAZEBO_CLOCK_SYSTEM_INTERPOLATION,MAPPED_EXACT,0,92.552,1791471083.736158,0.002368927001953125,0.0,RGB,0.0,0,1,0,UNCALIBRATED,PREPARATION,MID,STRAIGHT,1.0,342,1.0,6.8712029457092285,0.2793027460575104,nan,nan,False,0.0,0.0,0.0,0.0,0,0,0,0,0,0.0,0.0,0.0,0.0,0.0,0.0,0.0,0.0,0.0,0.0,0.0,0.0,0.0,0.0,6.604929280272516,0.1850943794963289,-1.8852261899060139,0.0,0.0,0.0,0.0,0.0,0.0,0.0,0.0,0.0,0.0,0.0,False,DISABLED,0,nan,nan,nan,nan,nan,nan,nan,nan,nan,nan,nan,nan,nan,nan,nan,nan,nan,nan,nan,nan,nan,nan,nan,nan,nan,nan,nan,nan,nan,nan,nan,nan,nan,nan,45.94268598092337,1.987376416092558,0.03706189254669484,0.02211526740066949,0.02211526740066949,0.02211526740066949,45.98761100325483,2.0098352382829727,0.10937807337717564,-0.04492502233145501,-0.02245882219041473,-0.0723161808304808,0.05022605226037974,0.08804706886415467,0.029844284057617188,False,DISABLED,none,MODEL_ORIGIN_FRAME_NOT_ESTABLISHED,nan,nan,nan,nan,nan,nan,nan,nan,nan,nan,nan,nan,nan,NOT_EVALUATED,nan,nan,nan,nan,DISABLED,nan,nan,nan,nan,nan,nan
1791471083.7841587,1791471083.8124113,1791471083.8157227,1791471083.8157444,front_rgbd_red_sphere,True,True,True,,92.6,92.6,1791471083.8124113,1791471083.8003793,1791471083.7841587,1791471083.7841587,1791471083.7841587,0.0,1791471082.7881682,1791471083.7882001,1791471083.780418,1791471083.7882001,1791471083.7844179,1791471083.792163,1791471082.7881682,1791471083.7882001,1791471082.7721634,1791471083.792163,1791470991.1841588,GAZEBO_CLOCK_SYSTEM_INTERPOLATION,MAPPED_EXACT,0,92.6,1791471083.7841587,0.0006060600280761719,0.0,RGB,0.0,0,1,0,UNCALIBRATED,PREPARATION,MID,STRAIGHT,1.0,338,1.0,6.871258735656738,0.27750980854034424,nan,nan,False,0.0,0.0,0.0,0.0,0,0,0,0,0,0.0,0.0,0.0,0.0,0.0,0.0,0.0,0.0,0.0,0.0,0.0,0.0,0.0,0.0,6.608368929709433,0.18643025408408498,-1.8732065656275232,0.0,0.0,0.0,0.0,0.0,0.0,0.0,0.0,0.0,0.0,0.0,False,DISABLED,0,nan,nan,nan,nan,nan,nan,nan,nan,nan,nan,nan,nan,nan,nan,nan,nan,nan,nan,nan,nan,nan,nan,nan,nan,nan,nan,nan,nan,nan,nan,nan,nan,nan,nan,46.084129681308106,1.8475040997039298,0.029141416915206497,0.022115434152506105,0.022115434152506105,0.022115434152506105,46.123626345451626,1.874303965527546,0.10135033194012436,-0.03949666414352038,-0.026799865823616154,-0.07220891502491786,0.047730695434173985,0.08655834272735173,0.028252601623535156,False,DISABLED,none,MODEL_ORIGIN_FRAME_NOT_ESTABLISHED,nan,nan,nan,nan,nan,nan,nan,nan,nan,nan,nan,nan,nan,NOT_EVALUATED,nan,nan,nan,nan,DISABLED,nan,nan,nan,nan,nan,nan
1791471083.8361561,1791471083.8636868,1791471083.8688712,1791471083.8690052,front_rgbd_red_sphere,True,True,True,,92.652,92.652,1791471083.8636868,1791471083.8522265,1791471083.8361561,1791471083.8361561,1791471083.8361561,0.0,1791471082.8321595,1791471083.8521733,1791471083.8444178,1791471083.8521733,1791471083.8444178,1791471083.8521733,1791471082.8281615,1791471083.8521733,1791471082.8321595,1791471083.8521733,1791470991.1841562,GAZEBO_CLOCK_SYSTEM_INTERPOLATION,MAPPED_EXACT,0,92.652,1791471083.8361561,0.0038378238677978516,0.0,RGB,0.0,0,1,0,UNCALIBRATED,PREPARATION,MID,STRAIGHT,1.0,340,1.0,6.860225677490234,0.27762266993522644,nan,nan,False,0.0,0.0,0.0,0.0,0,0,0,0,0,0.0,0.0,0.0,0.0,0.0,0.0,0.0,0.0,0.0,0.0,0.0,0.0,0.0,0.0,6.597545857167442,0.18683470446756267,-1.8708770137065187,0.0,0.0,0.0,0.0,0.0,0.0,0.0,0.0,0.0,0.0,0.0,False,DISABLED,0,nan,nan,nan,nan,nan,nan,nan,nan,nan,nan,nan,nan,nan,nan,nan,nan,nan,nan,nan,nan,nan,nan,nan,nan,nan,nan,nan,nan,nan,nan,nan,nan,nan,nan,46.225559912701875,1.7075034624584418,0.020891261468307276,0.022082631368120435,0.022082631368120435,0.022082631368120435,46.27099119341321,1.7273881492874668,0.09198425549624563,-0.045431280711333955,-0.019884686829025,-0.07109299402793835,0.04959235865897512,0.08668111580509853,0.027530670166015625,False,DISABLED,none,MODEL_ORIGIN_FRAME_NOT_ESTABLISHED,nan,nan,nan,nan,nan,nan,nan,nan,nan,nan,nan,nan,nan,NOT_EVALUATED,nan,nan,nan,nan,DISABLED,nan,nan,nan,nan,nan,nan
1791471083.8841615,1791471083.9046526,1791471083.9087598,1791471083.90878,front_rgbd_red_sphere,True,True,True,,92.7,92.7,1791471083.9046526,1791471083.9024875,1791471083.8841615,1791471083.8841615,1791471083.8841615,0.0,1791471082.8921716,1791471083.8921778,1791471083.884418,1791471083.8921778,1791471083.884418,1791471083.8921778,1791471082.8921716,1791471083.8921778,1791471082.8921716,1791471083.8921778,1791470991.1841614,GAZEBO_CLOCK_SYSTEM_INTERPOLATION,MAPPED_EXACT,0,92.7,1791471083.8841615,0.0008845329284667969,0.0,RGB,0.0,0,1,0,UNCALIBRATED,PREPARATION,MID,STRAIGHT,1.0,340,1.0,6.859652042388916,0.27568310499191284,nan,nan,False,0.0,0.0,0.0,0.0,0,0,0,0,0,0.0,0.0,0.0,0.0,0.0,0.0,0.0,0.0,0.0,0.0,0.0,0.0,0.0,0.0,6.600628157947956,0.1879056522766973,-1.857748054475941,0.0,0.0,0.0,0.0,0.0,0.0,0.0,0.0,0.0,0.0,0.0,False,DISABLED,0,nan,nan,nan,nan,nan,nan,nan,nan,nan,nan,nan,nan,nan,nan,nan,nan,nan,nan,nan,nan,nan,nan,nan,nan,nan,nan,nan,nan,nan,nan,nan,nan,nan,nan,46.36713394968851,1.5672530858084235,0.011826298199832996,0.022080926381386475,0.022080926381386475,0.022080926381386475,46.40702072671846,1.5917120800355162,0.08280484558883186,-0.03988677702994892,-0.024458994227092745,-0.07097854738899886,0.046788859576162106,0.0850126553513662,0.02049112319946289,False,DISABLED,none,MODEL_ORIGIN_FRAME_NOT_ESTABLISHED,nan,nan,nan,nan,nan,nan,nan,nan,nan,nan,nan,nan,nan,NOT_EVALUATED,nan,nan,nan,nan,DISABLED,nan,nan,nan,nan,nan,nan
1791471083.9361584,1791471083.9614208,1791471083.966574,1791471083.9666116,front_rgbd_red_sphere,True,True,True,,92.752,92.752,1791471083.9521022,1791471083.9614208,1791471083.9361584,1791471083.9361584,1791471083.9361584,0.0,1791471082.9321573,1791471083.9481635,1791471083.940418,1791471083.9481635,1791471083.944418,1791471083.9521663,1791471082.9321573,1791471083.9481635,1791471082.9321573,1791471083.9521663,1791470991.1841583,GAZEBO_CLOCK_SYSTEM_INTERPOLATION,MAPPED_EXACT,0,92.752,1791471083.9361584,0.0015871524810791016,0.0,RGB,0.0,0,1,0,UNCALIBRATED,PREPARATION,MID,STRAIGHT,1.0,342,1.0,6.847720623016357,0.2748560309410095,nan,nan,False,0.0,0.0,0.0,0.0,0,0,0,0,0,0.0,0.0,0.0,0.0,0.0,0.0,0.0,0.0,0.0,0.0,0.0,0.0,0.0,0.0,6.590686665351495,0.1881941278510606,-1.848976072215315,0.0,0.0,0.0,0.0,0.0,0.0,0.0,0.0,0.0,0.0,0.0,False,DISABLED,0,nan,nan,nan,nan,nan,nan,nan,nan,nan,nan,nan,nan,nan,nan,nan,nan,nan,nan,nan,nan,nan,nan,nan,nan,nan,nan,nan,nan,nan,nan,nan,nan,nan,nan,46.509077697524994,1.4271414488278844,0.0023112594103321116,0.022045481319645375,0.022045481319645375,0.022045481319645375,46.55423604692231,1.4448153995729889,0.07232490104286252,-0.04515834939731889,-0.017673950745104472,-0.0700136416325304,0.0484937630549611,0.08516780536023635,0.02526235580444336,False,DISABLED,none,MODEL_ORIGIN_FRAME_NOT_ESTABLISHED,nan,nan,nan,nan,nan,nan,nan,nan,nan,nan,nan,nan,nan,NOT_EVALUATED,nan,nan,nan,nan,DISABLED,nan,nan,nan,nan,nan,nan
1791471083.9841573,1791471084.0108998,1791471084.0148118,1791471084.0148315,front_rgbd_red_sphere,True,True,True,,92.8,92.8,1791471084.0025008,1791471084.0108998,1791471083.9841573,1791471083.9841573,1791471083.9841573,0.0,1791471082.9921658,1791471083.9881763,1791471083.980418,1791471083.9881763,1791471083.984418,1791471083.9921763,1791471082.9881651,1791471083.9881763,1791471082.9921658,1791471083.9921763,1791470991.1841574,GAZEBO_CLOCK_SYSTEM_INTERPOLATION,MAPPED_EXACT,0,92.8,1791471083.9841573,0.0032117366790771484,0.0,RGB,0.0,0,1,0,UNCALIBRATED,PREPARATION,MID,STRAIGHT,1.0,338,1.0,6.846523284912109,0.2722345292568207,nan,nan,False,0.0,0.0,0.0,0.0,0,0,0,0,0,0.0,0.0,0.0,0.0,0.0,0.0,0.0,0.0,0.0,0.0,0.0,0.0,0.0,0.0,6.594382946114328,0.18930612157563864,-1.8311636220338663,0.0,0.0,0.0,0.0,0.0,0.0,0.0,0.0,0.0,0.0,0.0,False,DISABLED,0,nan,nan,nan,nan,nan,nan,nan,nan,nan,nan,nan,nan,nan,nan,nan,nan,nan,nan,nan,nan,nan,nan,nan,nan,nan,nan,nan,nan,nan,nan,nan,nan,nan,nan,46.65101578527463,1.286724734317144,-0.0077084595705451675,0.022041925878327463,0.022041925878327463,0.022041925878327463,46.69004815009659,1.309246387301756,0.06223721432060293,-0.03903236482195638,-0.02252165298461195,-0.0699456738911481,0.04506384755825426,0.0832054544656804,0.02674245834350586,False,DISABLED,none,MODEL_ORIGIN_FRAME_NOT_ESTABLISHED,nan,nan,nan,nan,nan,nan,nan,nan,nan,nan,nan,nan,nan,NOT_EVALUATED,nan,nan,nan,nan,DISABLED,nan,nan,nan,nan,nan,nan
1791471084.0361612,1791471084.0559955,1791471084.0616493,1791471084.0616717,front_rgbd_red_sphere,True,True,True,,92.852,92.852,1791471084.0559955,1791471084.0545344,1791471084.0361612,1791471084.0361612,1791471084.0361612,0.0,1791471083.032162,1791471084.0521638,1791471084.0444179,1791471084.0521638,1791471084.0444179,1791471084.0521638,1791471083.0281582,1791471084.0521638,1791471083.032162,1791471084.0521638,1791470991.1841612,GAZEBO_CLOCK_SYSTEM_INTERPOLATION,MAPPED_EXACT,0,92.852,1791471084.0361612,0.0020630359649658203,0.0,RGB,0.0,0,1,0,UNCALIBRATED,PREPARATION,MID,STRAIGHT,1.0,343,1.0,6.834144115447998,0.2717254161834717,nan,nan,False,0.0,0.0,0.0,0.0,0,0,0,0,0,0.0,0.0,0.0,0.0,0.0,0.0,0.0,0.0,0.0,0.0,0.0,0.0,0.0,0.0,6.583394411804094,0.18971182070567671,-1.8244057719587499,0.0,0.0,0.0,0.0,0.0,0.0,0.0,0.0,0.0,0.0,0.0,False,DISABLED,0,nan,nan,nan,nan,nan,nan,nan,nan,nan,nan,nan,nan,nan,nan,nan,nan,nan,nan,nan,nan,nan,nan,nan,nan,nan,nan,nan,nan,nan,nan,nan,nan,nan,nan,46.79299197747644,1.1466780394095677,-0.01773647356047986,0.02200518385541114,0.02200518385541114,0.02200518385541114,46.83725724547053,1.1622483119409113,0.05089296429825051,-0.04426526799409203,-0.015570272531343576,-0.06862943785873038,0.04692384614765823,0.08313751907589277,0.019834280014038086,False,DISABLED,none,MODEL_ORIGIN_FRAME_NOT_ESTABLISHED,nan,nan,nan,nan,nan,nan,nan,nan,nan,nan,nan,nan,nan,NOT_EVALUATED,nan,nan,nan,nan,DISABLED,nan,nan,nan,nan,nan,nan
1791471084.0841749,1791471084.1020126,1791471084.1055558,1791471084.1055806,front_rgbd_red_sphere,True,True,True,,92.9,92.9,1791471084.1020126,1791471084.1006517,1791471084.0841749,1791471084.0841749,1791471084.0841749,0.0,1791471083.0921738,1791471084.0922542,1791471084.0844178,1791471084.0922542,1791471084.0844178,1791471084.0922542,1791471083.0921738,1791471084.0922542,1791471083.0921738,1791471084.0922542,1791470991.1841748,GAZEBO_CLOCK_SYSTEM_INTERPOLATION,MAPPED_EXACT,0,92.9,1791471084.0841749,0.0020749568939208984,0.0,RGB,0.0,0,1,0,UNCALIBRATED,PREPARATION,MID,STRAIGHT,1.0,344,1.0,6.832574844360352,0.26985692977905273,nan,nan,False,0.0,0.0,0.0,0.0,0,0,0,0,0,0.0,0.0,0.0,0.0,0.0,0.0,0.0,0.0,0.0,0.0,0.0,0.0,0.0,0.0,6.585297314744697,0.19095610340215607,-1.8114832831684815,0.0,0.0,0.0,0.0,0.0,0.0,0.0,0.0,0.0,0.0,0.0,False,DISABLED,0,nan,nan,nan,nan,nan,nan,nan,nan,nan,nan,nan,nan,nan,nan,nan,nan,nan,nan,nan,nan,nan,nan,nan,nan,nan,nan,nan,nan,nan,nan,nan,nan,nan,nan,46.93482778274586,1.0065261197358395,-0.028146965450606964,0.0220005271386895,0.0220005271386895,0.0220005271386895,46.97320281299876,1.0264566202536651,0.04011981925474739,-0.038375030252893794,-0.019930500517825633,-0.06826678470535436,0.04324196801489916,0.08080978710409256,0.0178377628326416,False,DISABLED,none,MODEL_ORIGIN_FRAME_NOT_ESTABLISHED,nan,nan,nan,nan,nan,nan,nan,nan,nan,nan,nan,nan,nan,NOT_EVALUATED,nan,nan,nan,nan,DISABLED,nan,nan,nan,nan,nan,nan
1791471084.1361601,1791471084.160573,1791471084.1648211,1791471084.1648426,front_rgbd_red_sphere,True,True,True,,92.952,92.952,1791471084.160573,1791471084.1587718,1791471084.1361601,1791471084.1361601,1791471084.1361601,0.0,1791471083.1521726,1791471084.1481836,1791471084.1404178,1791471084.1481836,1791471084.144418,1791471084.1521811,1791471083.1481812,1791471084.1481836,1791471083.1521726,1791471084.1521811,1791470991.1841602,GAZEBO_CLOCK_SYSTEM_INTERPOLATION,MAPPED_EXACT,0,92.952,1791471084.1361601,0.0007765293121337891,0.0,RGB,0.0,0,1,0,UNCALIBRATED,PREPARATION,MID,STRAIGHT,1.0,343,1.0,6.8199143409729,0.26942408084869385,nan,nan,False,0.0,0.0,0.0,0.0,0,0,0,0,0,0.0,0.0,0.0,0.0,0.0,0.0,0.0,0.0,0.0,0.0,0.0,0.0,0.0,0.0,6.573881598874026,0.1916542072972245,-1.8051542871512272,0.0,0.0,0.0,0.0,0.0,0.0,0.0,0.0,0.0,0.0,0.0,False,DISABLED,0,nan,nan,nan,nan,nan,nan,nan,nan,nan,nan,nan,nan,nan,nan,nan,nan,nan,nan,nan,nan,nan,nan,nan,nan,nan,nan,nan,nan,nan,nan,nan,nan,nan,nan,47.07742797846925,0.8659369595948774,-0.038495802156345016,0.02196298632324715,0.02196298632324715,0.02196298632324715,47.12027214154558,0.8795127463306065,0.028201574038704838,-0.04284416307632455,-0.013575786735729123,-0.06669737619504985,0.04494356789580341,0.08042676349641761,0.024412870407104492,False,DISABLED,none,MODEL_ORIGIN_FRAME_NOT_ESTABLISHED,nan,nan,nan,nan,nan,nan,nan,nan,nan,nan,nan,nan,nan,NOT_EVALUATED,nan,nan,nan,nan,DISABLED,nan,nan,nan,nan,nan,nan
1791471084.184162,1791471084.2030356,1791471084.2066288,1791471084.2066488,front_rgbd_red_sphere,True,True,True,,93.0,93.0,1791471084.2030356,1791471084.2019446,1791471084.184162,1791471084.184162,1791471084.184162,0.0,1791471083.188168,1791471084.1881819,1791471084.180418,1791471084.1881819,1791471084.184418,1791471084.1921637,1791471083.188168,1791471084.1881819,1791471083.1721578,1791471084.1921637,1791470991.184162,GAZEBO_CLOCK_SYSTEM_INTERPOLATION,MAPPED_EXACT,0,93.0,1791471084.184162,0.0030651092529296875,0.0,RGB,0.0,0,1,0,UNCALIBRATED,PREPARATION,MID,STRAIGHT,1.0,346,1.0,6.818035125732422,0.26729151606559753,nan,nan,False,0.0,0.0,0.0,0.0,0,0,0,0,0,0.0,0.0,0.0,0.0,0.0,0.0,0.0,0.0,0.0,0.0,0.0,0.0,0.0,0.0,6.57592534919639,0.1931807563705732,-1.7903883412482244,0.0,0.0,0.0,0.0,0.0,0.0,0.0,0.0,0.0,0.0,0.0,False,DISABLED,0,nan,nan,nan,nan,nan,nan,nan,nan,nan,nan,nan,nan,nan,nan,nan,nan,nan,nan,nan,nan,nan,nan,nan,nan,nan,nan,nan,nan,nan,nan,nan,nan,nan,nan,47.21969490176313,0.72528845181191,-0.04902152604454363,0.021957416594283095,0.021957416594283095,0.021957416594283095,47.25597600472978,0.7438937066209373,0.017038993819113384,-0.036281102966654544,-0.018605254809027305,-0.06606051986365702,0.04077344649383742,0.07763031768350846,0.01887369155883789,False,DISABLED,none,MODEL_ORIGIN_FRAME_NOT_ESTABLISHED,nan,nan,nan,nan,nan,nan,nan,nan,nan,nan,nan,nan,nan,NOT_EVALUATED,nan,nan,nan,nan,DISABLED,nan,nan,nan,nan,nan,nan
1791471084.2361572,1791471084.268096,1791471084.2759662,1791471084.2760024,front_rgbd_red_sphere,True,True,True,,93.052,93.052,1791471084.268096,1791471084.2671454,1791471084.2361572,1791471084.2361572,1791471084.2361572,0.0,1791471083.2321565,1791471084.2521694,1791471084.244418,1791471084.2521694,1791471084.244418,1791471084.2521694,1791471083.2281613,1791471084.2521694,1791471083.2321565,1791471084.2521694,1791470991.1841571,GAZEBO_CLOCK_SYSTEM_INTERPOLATION,MAPPED_EXACT,0,93.052,1791471084.2361572,0.0005195140838623047,0.0,RGB,0.0,0,1,0,UNCALIBRATED,PREPARATION,MID,STRAIGHT,1.0,346,1.0,6.805477619171143,0.2673510015010834,nan,nan,False,0.0,0.0,0.0,0.0,0,0,0,0,0,0.0,0.0,0.0,0.0,0.0,0.0,0.0,0.0,0.0,0.0,0.0,0.0,0.0,0.0,6.563706995596066,0.19399669529127372,-1.7873566941332513,0.0,0.0,0.0,0.0,0.0,0.0,0.0,0.0,0.0,0.0,0.0,False,DISABLED,0,nan,nan,nan,nan,nan,nan,nan,nan,nan,nan,nan,nan,nan,nan,nan,nan,nan,nan,nan,nan,nan,nan,nan,nan,nan,nan,nan,nan,nan,nan,nan,nan,nan,nan,47.36210497223715,0.5845478838358851,-0.05929330631682633,0.02192021731203592,0.02192021731203592,0.02192021731203592,47.403036778675066,0.5968952035155728,0.004831025641437961,-0.04093180643791783,-0.012347319679687718,-0.0641243319582643,0.042753585598679034,0.07707009167399018,0.031938791275024414,False,DISABLED,none,MODEL_ORIGIN_FRAME_NOT_ESTABLISHED,nan,nan,nan,nan,nan,nan,nan,nan,nan,nan,nan,nan,nan,NOT_EVALUATED,nan,nan,nan,nan,DISABLED,nan,nan,nan,nan,nan,nan
